2.452461719512939453e+00,1.021525720875894990e+03
8.481662750244140625e+00,1.021412066595721171e+03
1.400885772705078125e+01,1.021788898719572330e+03
1.963015580177307129e+01,1.022358748191949076e+03
2.509728431701660156e+01,1.023437302946076784e+03
3.063379168510437012e+01,1.023763108588432601e+03
3.614058160781860352e+01,1.023587757404115678e+03
4.165728783607482910e+01,1.023545438248957225e+03
4.720802879333496094e+01,1.023550250124890567e+03
5.255608129501342773e+01,1.023052172347663827e+03
5.820286464691162109e+01,1.023676533819244241e+03
6.451516246795654297e+01,1.023384194297626436e+03
7.003526234626770020e+01,1.023461377667285319e+03
7.555347800254821777e+01,1.023443516180593747e+03
8.102035093307495117e+01,1.023506498780873926e+03
8.650353574752807617e+01,1.023490191490833467e+03
9.199258351325988770e+01,1.023281101761573268e+03
9.763801455497741699e+01,1.023715881493147322e+03
1.031860549449920654e+02,1.023617379364377030e+03
1.086753396987915039e+02,1.023474007661193809e+03
1.141622233390808105e+02,1.023853741861390631e+03
1.206732122898101807e+02,1.023723329841081977e+03
1.262851779460906982e+02,1.023948626827788985e+03
1.317729675769805908e+02,1.023874471084523179e+03
1.372790083885192871e+02,1.024014897597167646e+03
1.428232204914093018e+02,1.024548134006894998e+03
1.482463071346282959e+02,1.023881314125111885e+03
1.538845095634460449e+02,1.024120494259553880e+03
1.594027276039123535e+02,1.024268095055463846e+03
1.648416485786437988e+02,1.024287380009283197e+03
1.704195425510406494e+02,1.024465595537371428e+03
1.771923654079437256e+02,1.024793412332221578e+03
1.827506387233734131e+02,1.024406536350936221e+03
1.881416726112365723e+02,1.024576935002802657e+03
1.937737181186676025e+02,1.024548839886146425e+03
1.992764670848846436e+02,1.024568468350999638e+03
2.048201458454132080e+02,1.024500714666146450e+03
2.102275750637054443e+02,1.024394209503310321e+03
2.157566964626312256e+02,1.024559593882094759e+03
2.213556988239288330e+02,1.024658903969345147e+03
2.268386118412017822e+02,1.024658028985469628e+03
2.335963518619537354e+02,1.024898465502443514e+03
2.392498052120208740e+02,1.025003309864750690e+03
2.447064216136932373e+02,1.024948605059733154e+03
2.502398788928985596e+02,1.024877373851838229e+03
2.556418447494506836e+02,1.024902789399122867e+03
2.612829520702362061e+02,1.024869445873990344e+03
2.667220988273620605e+02,1.024591897292524663e+03
2.723553745746612549e+02,1.024423165617092764e+03
2.778491592407226562e+02,1.024611225148366884e+03
2.833008172512054443e+02,1.024625867235378109e+03
2.902667312622070312e+02,1.024728374453978631e+03
2.957893426418304443e+02,1.024660818520542307e+03
3.014334969520568848e+02,1.024547504088759979e+03
3.074580254554748535e+02,1.024501752347861384e+03
3.130080387592315674e+02,1.024567875806914799e+03
3.185880358219146729e+02,1.024755893672252569e+03
3.241055102348327637e+02,1.025074310246942332e+03
3.296630299091339111e+02,1.025218694633796304e+03
3.351745114326477051e+02,1.025142067070862595e+03
3.406679935455322266e+02,1.025194750337259620e+03
3.479035081863403320e+02,1.024932142565873392e+03
3.533046326637268066e+02,1.024516805323703466e+03
3.588322837352752686e+02,1.025083282610104334e+03
3.644277102947235107e+02,1.024460359727728473e+03
3.699434924125671387e+02,1.024699348954050492e+03
3.754720530509948730e+02,1.024423192212722142e+03
3.809894454479217529e+02,1.024583884543330441e+03
3.865135066509246826e+02,1.024674188819231858e+03
3.920577712059020996e+02,1.024526409061536924e+03
3.976051986217498779e+02,1.024810053795483782e+03
4.049917039871215820e+02,1.024608246014124461e+03
4.105445041656494141e+02,1.024577889981215776e+03
4.161229772567749023e+02,1.024688717506656531e+03
4.216060357093811035e+02,1.024572404393837814e+03
4.271566450595855713e+02,1.024765991624937669e+03
4.326897418498992920e+02,1.024760648001083155e+03
4.382242794036865234e+02,1.024792669956947520e+03
4.437278509140014648e+02,1.024764719382099884e+03
4.492118976116180420e+02,1.024308967640762148e+03
4.546968743801116943e+02,1.024388448793542693e+03
4.624934134483337402e+02,1.024422127341352962e+03
4.679265942573547363e+02,1.024344830995889652e+03
4.735053422451019287e+02,1.024504681082661364e+03
4.790742971897125244e+02,1.024867483687469075e+03
4.846065428256988525e+02,1.024443075111388225e+03
4.900013198852539062e+02,1.024854609188246059e+03
4.956145086288452148e+02,1.024417263180508598e+03
5.011359369754791260e+02,1.024794605786597685e+03
5.065707621574401855e+02,1.024541077496624439e+03
5.120918116569519043e+02,1.024375911581995297e+03
5.201859271526336670e+02,1.024504597945764544e+03
5.256169266700744629e+02,1.024546560548882780e+03
5.312279975414276123e+02,1.024383272908112758e+03
5.367462949752807617e+02,1.024646485721699946e+03
5.422634801864624023e+02,1.024322995469595071e+03
5.477835321426391602e+02,1.024622500584775253e+03
5.533068344593048096e+02,1.024666712942944741e+03
5.588268308639526367e+02,1.024390262543645804e+03
5.643472275733947754e+02,1.024470243017903613e+03
5.698969120979309082e+02,1.024146906555114583e+03
5.783243861198425293e+02,1.023990348152594038e+03
5.838455319404602051e+02,1.024025588468761043e+03
5.893372743129730225e+02,1.023842871411579495e+03
5.947406654357910156e+02,1.023927909486516114e+03
6.004065971374511719e+02,1.023996711441754996e+03
6.065914053916931152e+02,1.023657914217111966e+03
6.121300835609436035e+02,1.023927176042177052e+03
6.177245044708251953e+02,1.023339365100083796e+03
6.231784121990203857e+02,1.023383195779439347e+03
6.287388203144073486e+02,1.023177624420514348e+03
6.372772090435028076e+02,1.023584136820182266e+03
6.427966203689575195e+02,1.023703083981907525e+03
6.482515707015991211e+02,1.023625471843684522e+03
6.538360273838043213e+02,1.023431135490439601e+03
6.593199527263641357e+02,1.023751520301720007e+03
6.648773169517517090e+02,1.023281789013265552e+03
6.703945031166076660e+02,1.023501029085175674e+03
6.758499855995178223e+02,1.023163885824679141e+03
6.813744738101959229e+02,1.023383074087390128e+03
6.870135095119476318e+02,1.023276415243159249e+03
6.959393484592437744e+02,1.023202548478459903e+03
7.014484004974365234e+02,1.022902360242580926e+03
7.068791346549987793e+02,1.023228815808732520e+03
7.123195440769195557e+02,1.022753765018275431e+03
7.179519960880279541e+02,1.023006174603917088e+03
7.234721534252166748e+02,1.023125027074122727e+03
7.290480294227600098e+02,1.022701259267997443e+03
7.344829359054565430e+02,1.023034355960182666e+03
7.400879776477813721e+02,1.022554683228119302e+03
7.455635159015655518e+02,1.023191765538390541e+03
7.548232648372650146e+02,1.023381639861640792e+03
7.603345074653625488e+02,1.023049375457341284e+03
7.657941033840179443e+02,1.022979426155274837e+03
7.713803777694702148e+02,1.022999599739711357e+03
7.768634090423583984e+02,1.023188304148823704e+03
7.824220461845397949e+02,1.023181656515226905e+03
7.879080345630645752e+02,1.022919098006755121e+03
7.934855024814605713e+02,1.024166175495731068e+03
7.990064234733581543e+02,1.037422197815584013e+03
8.044418165683746338e+02,1.054774513038448276e+03
8.140358612537384033e+02,1.068461277384910090e+03
8.194781010150909424e+02,1.070654567158284635e+03
8.250806996822357178e+02,1.071985020225810331e+03
8.306001663208007812e+02,1.078549708837192156e+03
8.361833791732788086e+02,1.079506387280607896e+03
8.417074060440063477e+02,1.080539536444530086e+03
8.471870369911193848e+02,1.081712028981463163e+03
8.526180145740509033e+02,1.081518731351937959e+03
8.582580652236938477e+02,1.082547391704205893e+03
8.636275551319122314e+02,1.082664129224343242e+03
8.734717340469360352e+02,1.083223068825401697e+03
8.789542284011840820e+02,1.083599550694446407e+03
8.845106437206268311e+02,1.084292768408749680e+03
8.899672682285308838e+02,1.084175268638838816e+03
8.955734806060791016e+02,1.084665770055272560e+03
9.010069582462310791e+02,1.085130691655577039e+03
9.075136055946350098e+02,1.085691900833174259e+03
9.130718071460723877e+02,1.086226172823011439e+03
9.185622637271881104e+02,1.090814914092492700e+03
9.241645050048828125e+02,1.091677068988564088e+03
9.343057901859283447e+02,1.092578284352411174e+03
9.398645029067993164e+02,1.093380534318667515e+03
9.454236123561859131e+02,1.093327744834654595e+03
9.508423292636871338e+02,1.094180072950344538e+03
9.564480166435241699e+02,1.094319088633788397e+03
9.619133124351501465e+02,1.094713360550477319e+03
9.674861862659454346e+02,1.095146977892639825e+03
9.730080473423004150e+02,1.095268876517067838e+03
9.785614953041076660e+02,1.095816758139563262e+03
9.840153880119323730e+02,1.095722715566052329e+03
9.947271015644073486e+02,1.096230278643140309e+03
1.000162294387817383e+03,1.096449028895609899e+03
1.005796766042709351e+03,1.096772571880846954e+03
1.011288747072219849e+03,1.096643657602366375e+03
1.016806344270706177e+03,1.097001033476523844e+03
1.022279027462005615e+03,1.096955506798972692e+03
1.027847881317138672e+03,1.097112341955767761e+03
1.033336855888366699e+03,1.097457684044192092e+03
1.038854487419128418e+03,1.097321687304710849e+03
1.044432422876358032e+03,1.097699525579242618e+03
1.055786934852600098e+03,1.097750229633599474e+03
1.061264454603195190e+03,1.097910914088159871e+03
1.066754469394683838e+03,1.097863688894299457e+03
1.072308286428451538e+03,1.098158910062393034e+03
1.077937296867370605e+03,1.098022529002866122e+03
1.083435303449630737e+03,1.098251843935855732e+03
1.088868099451065063e+03,1.098296873194408363e+03
1.094418069601058960e+03,1.098293680756566800e+03
1.099994506835937500e+03,1.098491488645072650e+03
1.105431448698043823e+03,1.098211037986802012e+03
1.116974502563476562e+03,1.098621370491123344e+03
1.122469710111618042e+03,1.098558373237574870e+03
1.127993522405624390e+03,1.098896159366559914e+03
1.133468762636184692e+03,1.098601339575315706e+03
1.138964188814163208e+03,1.098865526836418439e+03
1.144554504632949829e+03,1.098831106580348205e+03
1.150094480276107788e+03,1.098723380296881487e+03
1.155593523025512695e+03,1.099051105817452026e+03
1.161135510206222534e+03,1.098652883311652658e+03
1.166479593753814697e+03,1.098745661923847592e+03
1.178294409036636353e+03,1.098771464303195216e+03
1.183730330228805542e+03,1.099120724043464634e+03
1.189334504365921021e+03,1.098808628527567862e+03
1.194857986211776733e+03,1.098979117732390478e+03
1.200406407117843628e+03,1.099010722782697485e+03
1.207216582059860229e+03,1.098975092440308799e+03
1.212712198257446289e+03,1.099414408074370158e+03
1.218255716323852539e+03,1.099082058950621331e+03
1.223687065839767456e+03,1.099230604044383199e+03
1.229298041582107544e+03,1.099272058467509169e+03
1.241719018936157227e+03,1.098791091115174140e+03
1.247237696647644043e+03,1.098923127953666381e+03
1.252590439319610596e+03,1.098887994294602095e+03
1.258274503946304321e+03,1.099169909500679978e+03
1.263751749277114868e+03,1.098880289912436410e+03
1.269298017978668213e+03,1.098875790014302993e+03
1.274763275384902954e+03,1.099084920352262770e+03
1.280356365203857422e+03,1.098833965019726520e+03
1.285823214054107666e+03,1.098950571569026579e+03
1.291383778810501099e+03,1.099091504417363467e+03
1.304636370182037354e+03,1.098935002116310216e+03
1.310092794895172119e+03,1.099165191101058099e+03
1.315718024730682373e+03,1.098944573389758943e+03
1.321202702522277832e+03,1.099136101517511179e+03
1.326777997493743896e+03,1.098945279052800970e+03
1.332242204666137695e+03,1.099106319777962653e+03
1.337759015321731567e+03,1.099104764340673228e+03
1.343284699201583862e+03,1.098951170118988784e+03
1.348726939916610718e+03,1.099400737957455476e+03
1.354349777698516846e+03,1.099069733500502025e+03
1.368107686281204224e+03,1.099135661965500731e+03
1.373630151271820068e+03,1.098958787138056778e+03
1.379122387170791626e+03,1.099040165401224385e+03
1.384665744543075562e+03,1.099128156950818493e+03
1.390283991575241089e+03,1.098911706448577434e+03
1.395818030834197998e+03,1.099196679020471038e+03
1.401246741533279419e+03,1.099024437359648118e+03
1.406823904514312744e+03,1.099070625511741127e+03
1.412377932548522949e+03,1.099140954519158640e+03
1.417805825710296631e+03,1.098976050001414706e+03
1.431739602804183960e+03,1.098912462583117303e+03
1.437198651075363159e+03,1.098696373956662910e+03
1.442797348022460938e+03,1.098755759383619079e+03
1.448379828691482544e+03,1.098437569021549280e+03
1.453892883539199829e+03,1.098434886654181810e+03
1.459370555639266968e+03,1.098472665923758314e+03
1.464923748493194580e+03,1.098259631370102397e+03
1.470442847013473511e+03,1.098382387587903395e+03
1.475970324516296387e+03,1.097963199992228510e+03
1.481524985074996948e+03,1.097865212868932304e+03
1.496125321865081787e+03,1.097543619722154745e+03
1.503277710437774658e+03,1.097464155401050448e+03
1.508852273941040039e+03,1.097460800394942453e+03
1.514256281852722168e+03,1.097229198575242890e+03
1.519851254940032959e+03,1.097089698575797456e+03
1.525412633419036865e+03,1.096956139216244992e+03
1.530923508405685425e+03,1.096815807407993361e+03
1.536446507453918457e+03,1.096813634439301950e+03
1.541931879758834839e+03,1.096338433048852266e+03
1.547501714706420898e+03,1.096195016346330931e+03
1.562793485641479492e+03,1.095730055032858672e+03
1.568400820255279541e+03,1.095464027044124578e+03
1.573950658559799194e+03,1.095151051941597416e+03
1.579475668668746948e+03,1.095297158795304767e+03
1.585010344743728638e+03,1.095319443242486614e+03
1.590491777896881104e+03,1.094832115767008645e+03
1.596065507173538208e+03,1.094551371387204881e+03
1.601592904329299927e+03,1.094633759608439050e+03
1.607121203422546387e+03,1.094031872015982117e+03
1.612599920272827148e+03,1.094234896406568396e+03
1.628492904901504517e+03,1.093566236708469660e+03
1.634027606487274170e+03,1.093312964768676011e+03
1.639555508613586426e+03,1.093461355435673113e+03
1.645043470144271851e+03,1.092848331087061979e+03
1.650459031820297241e+03,1.093089061474955088e+03
1.656154504537582397e+03,1.092947152619508188e+03
1.661682111263275146e+03,1.092816024205679014e+03
1.667088037490844727e+03,1.092912506156105792e+03
1.672555359125137329e+03,1.092488146846570544e+03
1.678206941604614258e+03,1.092493898682959070e+03
1.694825489759445190e+03,1.092291876519059315e+03
1.700319016218185425e+03,1.092066536519405417e+03
1.705825858116149902e+03,1.092120593103448300e+03
1.711363510370254517e+03,1.091728204632694769e+03
1.716874454498291016e+03,1.091583510386260286e+03
1.722388769149780273e+03,1.091687329265954304e+03
1.727907699823379517e+03,1.091253113518852388e+03
1.733373708248138428e+03,1.091725850219094127e+03
1.738843219995498657e+03,1.091701009102032685e+03
1.744474515676498413e+03,1.093643274405281772e+03
1.761427699565887451e+03,1.097485659703189867e+03
1.767106092929840088e+03,1.097661863435435180e+03
1.772516592264175415e+03,1.097700392948757099e+03
1.778108985424041748e+03,1.097929946166051877e+03
1.783587873935699463e+03,1.097840530651564677e+03
1.789155566930770874e+03,1.098127283908992240e+03
1.794732782363891602e+03,1.097834626420464247e+03
1.800154504537582397e+03,1.098028103802482747e+03
1.807769542694091797e+03,1.098112972360178446e+03
1.813246484518051147e+03,1.097910375572404291e+03
1.831583528518676758e+03,1.098041541011019035e+03
1.837032809734344482e+03,1.098446786342965652e+03
1.842593051671981812e+03,1.098337322575468079e+03
1.848182851791381836e+03,1.098530898109837153e+03
1.853660241842269897e+03,1.098727435991237144e+03
1.859123507261276245e+03,1.098617388252865112e+03
1.864710285186767578e+03,1.098888818882385067e+03
1.870272074699401855e+03,1.098595767730620992e+03
1.875721723318099976e+03,1.098408851589368851e+03
1.881333223342895508e+03,1.098560617072893137e+03
1.899558064460754395e+03,1.098810328842286253e+03
