3.059950000000000000e+04
3.382699999999997817e+04
2.789429999999999927e+04
2.349700000000000728e+04
3.289819999999999709e+04
4.333820000000001892e+04
7.702710000000000582e+04
1.656679000000000233e+05
2.344828000000000175e+05
1.944210999999999476e+05
1.016106000000000349e+05
5.106440000000000146e+04
4.209529999999998108e+04
3.793850000000000000e+04
3.968170000000000437e+04
6.784679999999997381e+04
1.119400000000000291e+05
1.366560000000000000e+05
1.289183000000000029e+05
9.994140000000006694e+04
6.272460000000001310e+04
3.341559999999999127e+04
2.255830000000000291e+04
2.952019999999999709e+04
4.120850000000001455e+04
6.526770000000000437e+04
1.110667999999999884e+05
1.355025000000000291e+05
1.083193999999999796e+05
6.117940000000001601e+04
3.253979999999998836e+04
2.256440000000000509e+04
2.067220000000001164e+04
2.709690000000001965e+04
4.105470000000000437e+04
5.838859999999996944e+04
7.590869999999999709e+04
7.814479999999998836e+04
5.693550000000000728e+04
3.579839999999999418e+04
2.768669999999999709e+04
2.532189999999999418e+04
2.213720000000000073e+04
2.808699999999999636e+04
4.929529999999999563e+04
6.232369999999999709e+04
5.805879999999999563e+04
5.261299999999998545e+04
4.327449999999997817e+04
3.025609999999999854e+04
2.270329999999999563e+04
1.997720000000000073e+04
1.956689999999999054e+04
2.970779999999999563e+04
5.650590000000000146e+04
6.458609999999999127e+04
4.867459999999999127e+04
4.611689999999999418e+04
4.324899999999998545e+04
2.877970000000000800e+04
1.861440000000000146e+04
1.719610000000000218e+04
2.078000000000001455e+04
3.381240000000001601e+04
6.065260000000000582e+04
6.525210000000000582e+04
4.144020000000000437e+04
4.007170000000000437e+04
4.345519999999998981e+04
3.052530000000000655e+04
2.215800000000000364e+04
2.301800000000000364e+04
3.711929999999999563e+04
6.065019999999998254e+04
1.202267000000000262e+05
1.971950999999999476e+05
1.811447999999999593e+05
8.968940000000000873e+04
3.282370000000000437e+04
2.014770000000000437e+04
1.886630000000000655e+04
2.354570000000000437e+04
4.736810000000002037e+04
1.054999999999999563e+05
2.140974000000000815e+05
2.710088999999999651e+05
1.784052999999999593e+05
6.306379999999999563e+04
2.720960000000000218e+04
2.095519999999998618e+04
2.071139999999999418e+04
3.402490000000000873e+04
6.771159999999999127e+04
1.321523999999999942e+05
2.091448000000000175e+05
2.053090000000000582e+05
1.068731999999999825e+05
4.110970000000000437e+04
3.184009999999998763e+04
2.754650000000000000e+04
3.254550000000001455e+04
4.090489999999998690e+04
6.611289999999999418e+04
8.729399999999995634e+04
1.205330000000000000e+05
1.739795000000000291e+05
1.503196999999999534e+05
6.807650000000000000e+04
3.595449999999999272e+04
3.834259999999999854e+04
3.524469999999998981e+04
6.518049999999998545e+04
1.070804999999999709e+05
1.319112999999999884e+05
1.488686000000000058e+05
1.049488000000000320e+05
4.344299999999998545e+04
2.923029999999999563e+04
2.853949999999998545e+04
3.358260000000000582e+04
5.297410000000001310e+04
1.012501000000000058e+05
1.434619000000000524e+05
1.440862000000000407e+05
1.301506999999999825e+05
8.075660000000004948e+04
3.905489999999998690e+04
3.549819999999998981e+04
3.251509999999999854e+04
4.489679999999998836e+04
7.141439999999999418e+04
1.298189999999999709e+05
1.441151999999999825e+05
1.032831999999999971e+05
8.512539999999996508e+04
4.836000000000000000e+04
2.767780000000000291e+04
2.969069999999999709e+04
3.354690000000000873e+04
5.057610000000000582e+04
8.760380000000000291e+04
1.537778999999999651e+05
1.607425000000000291e+05
1.201364999999999854e+05
7.912250000000000000e+04
3.906980000000001019e+04
3.788860000000000582e+04
4.147350000000000728e+04
5.371129999999999563e+04
8.302620000000004075e+04
1.385003999999999942e+05
1.598000999999999476e+05
1.016434000000000524e+05
6.993800000000000000e+04
4.905629999999998836e+04
2.984920000000000073e+04
3.192720000000000073e+04
2.967339999999999782e+04
4.206980000000001019e+04
5.968560000000001310e+04
8.587620000000001164e+04
7.600969999999995343e+04
6.086940000000001601e+04
7.413139999999999418e+04
5.063010000000002037e+04
3.084029999999998472e+04
3.146319999999999709e+04
3.128450000000000728e+04
4.276010000000000582e+04
6.089039999999999418e+04
7.195589999999997963e+04
4.968929999999999563e+04
6.571330000000000291e+04
8.742549999999997090e+04
4.939500000000002183e+04
3.797129999999998108e+04
3.214019999999999345e+04
3.387360000000001310e+04
5.065730000000001746e+04
5.423359999999999854e+04
5.386769999999999709e+04
4.490620000000000437e+04
7.704200000000002910e+04
7.275630000000003201e+04
4.197309999999997672e+04
4.022119999999998254e+04
2.853869999999999345e+04
3.981980000000000291e+04
4.459899999999999272e+04
4.576979999999998836e+04
4.702480000000001019e+04
6.851739999999997963e+04
1.064728999999999942e+05
8.017560000000004948e+04
5.777309999999996944e+04
5.214769999999998981e+04
3.631250000000000728e+04
4.388009999999997672e+04
8.853770000000004075e+04
1.407236000000001222e+05
1.423957000000000990e+05
1.094481000000000495e+05
6.488659999999999127e+04
3.459290000000002328e+04
3.224580000000001746e+04
3.243950000000000000e+04
4.495960000000001310e+04
7.839260000000000582e+04
1.332247999999999884e+05
1.598028999999998778e+05
1.195814000000000378e+05
7.409089999999996508e+04
3.984850000000000000e+04
3.216389999999999782e+04
3.578470000000001892e+04
3.925850000000000000e+04
7.307160000000000582e+04
1.144056999999999825e+05
1.842305000000000291e+05
1.539244000000000524e+05
9.119149999999998545e+04
7.637180000000000291e+04
4.173810000000000582e+04
4.781960000000001310e+04
3.880700000000000728e+04
6.328909999999998399e+04
8.568850000000002910e+04
1.257415999999999476e+05
1.501198000000000466e+05
9.185539999999996508e+04
9.321860000000002037e+04
7.294390000000000873e+04
5.514379999999999563e+04
5.177879999999998836e+04
5.038909999999998399e+04
7.841559999999999127e+04
8.265800000000001455e+04
1.147153000000000466e+05
9.066589999999995052e+04
7.923710000000000582e+04
1.116870999999999767e+05
7.692300000000001455e+04
6.263890000000000146e+04
4.654509999999999127e+04
5.152490000000001601e+04
6.322869999999999709e+04
6.874119999999996799e+04
9.185459999999999127e+04
6.648769999999999709e+04
1.070932000000000553e+05
1.115982000000000262e+05
6.919310000000002037e+04
6.425720000000000437e+04
4.514109999999999854e+04
6.415129999999999563e+04
6.317470000000000437e+04
8.730919999999999709e+04
7.886579999999998836e+04
9.139639999999999418e+04
1.458056000000000058e+05
1.021174000000000233e+05
9.160469999999998254e+04
7.247249999999998545e+04
6.311149999999999272e+04
8.311980000000000291e+04
9.769229999999997381e+04
1.508498000000000175e+05
1.052311999999999825e+05
8.113709999999996217e+04
7.866079999999994470e+04
5.151389999999997963e+04
5.420760000000000582e+04
4.441349999999999272e+04
7.105790000000000873e+04
8.857930000000000291e+04
1.745865000000000291e+05
2.249281000000000349e+05
1.449760000000000000e+05
9.312380000000001746e+04
5.538990000000000873e+04
4.436349999999998545e+04
4.197089999999999418e+04
4.309040000000000146e+04
6.781899999999998545e+04
1.102216000000000058e+05
1.656134000000000524e+05
1.353895000000000291e+05
8.656349999999997090e+04
7.402130000000004657e+04
4.412909999999999854e+04
3.447190000000001601e+04
3.275849999999998545e+04
3.578250000000001455e+04
5.603200000000000000e+04
6.649380000000000291e+04
8.308889999999999418e+04
1.234096999999999971e+05
1.348687000000000407e+05
7.372819999999998254e+04
3.553179999999998836e+04
3.096249999999998909e+04
2.900309999999999854e+04
4.888710000000001310e+04
8.303479999999997381e+04
1.161376999999999389e+05
8.663939999999997963e+04
8.416689999999996508e+04
9.745529999999998836e+04
6.330660000000000582e+04
5.947880000000003201e+04
4.522610000000002037e+04
4.703250000000000728e+04
5.794449999999997817e+04
9.045399999999998545e+04
1.204713000000000320e+05
8.182580000000003201e+04
1.157800000000000146e+05
1.108497999999999884e+05
5.811039999999999418e+04
5.328690000000002328e+04
4.467129999999999563e+04
5.860440000000001601e+04
6.979070000000001164e+04
1.128257999999999884e+05
9.985850000000005821e+04
1.196181999999999971e+05
1.720815000000000000e+05
1.080456000000000204e+05
8.193740000000002328e+04
6.219649999999999272e+04
5.505460000000001310e+04
9.033050000000001455e+04
1.786019999999999709e+05
3.510067999999999302e+05
3.673552999999999884e+05
2.039954999999999709e+05
7.294820000000001164e+04
4.345990000000000146e+04
3.313190000000000146e+04
3.060739999999999782e+04
4.583079999999998108e+04
9.560510000000004948e+04
2.057723999999999651e+05
3.173802000000000116e+05
3.242177000000000116e+05
1.717353000000000175e+05
7.175029999999995925e+04
5.434910000000002765e+04
3.652300000000000000e+04
4.822150000000000000e+04
7.439509999999999127e+04
1.600542000000000116e+05
2.936418999999999651e+05
3.622116999999998952e+05
2.518080999999999185e+05
9.091189999999996508e+04
4.795029999999998108e+04
3.427979999999999563e+04
3.021910000000001673e+04
4.615740000000002328e+04
8.296469999999999709e+04
1.714476999999998952e+05
2.593224000000000233e+05
2.255786000000000640e+05
1.131433000000000029e+05
4.317050000000000000e+04
3.119189999999999782e+04
3.011890000000000509e+04
3.674659999999999127e+04
6.424280000000001019e+04
1.263718000000000466e+05
2.465937999999999593e+05
2.879799999999999418e+05
1.859570000000000291e+05
8.371519999999996799e+04
4.183070000000001164e+04
3.962019999999996799e+04
3.517240000000000873e+04
5.610660000000000582e+04
8.199400000000000000e+04
1.411475000000000000e+05
2.116281999999999243e+05
1.676367999999999884e+05
1.034220999999999767e+05
6.184990000000000146e+04
3.687249999999999272e+04
3.509320000000001892e+04
3.246720000000000800e+04
4.899660000000000582e+04
5.406150000000001455e+04
5.283759999999997672e+04
6.402949999999997817e+04
1.282157999999999738e+05
1.463553000000000757e+05
7.902659999999999127e+04
5.089860000000001310e+04
3.352440000000000146e+04
3.056750000000000000e+04
5.138220000000001164e+04
1.193096999999999825e+05
2.398577000000000407e+05
3.071979000000000233e+05
2.206003999999999651e+05
9.234809999999999127e+04
5.436509999999999127e+04
3.708689999999999418e+04
3.073370000000000073e+04
3.483160000000000582e+04
7.724330000000006112e+04
1.607644000000000524e+05
2.603419999999998254e+05
2.805388999999998487e+05
1.482557000000000990e+05
5.820390000000000873e+04
3.850340000000000873e+04
2.937459999999999854e+04
3.282570000000000437e+04
5.241940000000000146e+04
1.148991999999999971e+05
2.159100999999999767e+05
2.581782999999999884e+05
1.649546999999999534e+05
6.496139999999998690e+04
3.719660000000002037e+04
3.034070000000000073e+04
2.732879999999999563e+04
4.173019999999998254e+04
7.376340000000000873e+04
1.367762000000000116e+05
1.779206999999999825e+05
1.414842999999999593e+05
6.943880000000004657e+04
3.240459999999999854e+04
2.863680000000000291e+04
2.480320000000000437e+04
2.873569999999999709e+04
4.314469999999998254e+04
7.634720000000001164e+04
1.381061999999999825e+05
1.469117000000000407e+05
9.295149999999998545e+04
4.783190000000000146e+04
3.008940000000000146e+04
2.699239999999999782e+04
2.584909999999999854e+04
3.393319999999999709e+04
5.194529999999999563e+04
1.009527999999999593e+05
1.479555000000000873e+05
1.164033000000000320e+05
7.616929999999998836e+04
4.878120000000001164e+04
3.158400000000001091e+04
2.797920000000000800e+04
2.529029999999999927e+04
3.405240000000000146e+04
5.666120000000000437e+04
1.125079999999999854e+05
1.628081999999998661e+05
1.399079000000000233e+05
7.228279999999995925e+04
3.980850000000000000e+04
3.386939999999999418e+04
2.385990000000000146e+04
2.280589999999999418e+04
3.701899999999999272e+04
7.692210000000003492e+04
1.350266999999999534e+05
1.850136000000000058e+05
1.410191999999999534e+05
6.165800000000002183e+04
3.873039999999998690e+04
2.698490000000000509e+04
2.077529999999998472e+04
2.587739999999999418e+04
4.836769999999999709e+04
8.274070000000004075e+04
1.227321999999999680e+05
1.223673999999999796e+05
6.593369999999999709e+04
3.133089999999998690e+04
2.435069999999998618e+04
2.038989999999999418e+04
1.919609999999999491e+04
2.041799999999999272e+04
2.321860000000000218e+04
2.359799999999998909e+04
2.441400000000000000e+04
3.732609999999998399e+04
3.587260000000000582e+04
2.527380000000000291e+04
2.346930000000000291e+04
2.101740000000000509e+04
2.486750000000000000e+04
3.165129999999998836e+04
5.089930000000001019e+04
6.188500000000000000e+04
4.569270000000000437e+04
2.731510000000000218e+04
1.923209999999999854e+04
1.897740000000000509e+04
1.866029999999999563e+04
2.227429999999999200e+04
2.851170000000000073e+04
3.847020000000001892e+04
5.745489999999998690e+04
5.632519999999999709e+04
3.912990000000000146e+04
2.650579999999998472e+04
1.941839999999999782e+04
1.936579999999999563e+04
1.979360000000001310e+04
2.254609999999998763e+04
2.970499999999998909e+04
5.156300000000001455e+04
7.316160000000002037e+04
6.424800000000002183e+04
4.274529999999999563e+04
2.743670000000000437e+04
2.213259999999999854e+04
2.031220000000000073e+04
1.810259999999999854e+04
2.297829999999999927e+04
3.739709999999999127e+04
6.607210000000002037e+04
8.264760000000000582e+04
6.991030000000000291e+04
3.988669999999999709e+04
2.603810000000000582e+04
2.263129999999998836e+04
1.993800000000000728e+04
2.241430000000000291e+04
2.892170000000000073e+04
4.964979999999999563e+04
8.070239999999997963e+04
1.016689000000000378e+05
7.951250000000000000e+04
4.069609999999999854e+04
3.073280000000000655e+04
2.585710000000000218e+04
2.273830000000000291e+04
3.126159999999999491e+04
4.678789999999999418e+04
8.402429999999998836e+04
1.129277999999999738e+05
1.031524000000000378e+05
5.685880000000000291e+04
2.956189999999999418e+04
2.521889999999999782e+04
2.256010000000000582e+04
2.551399999999998545e+04
3.728569999999998981e+04
5.945060000000000582e+04
8.779650000000002910e+04
9.065129999999997381e+04
6.079500000000000000e+04
3.430659999999999854e+04
2.431620000000000437e+04
2.484620000000000437e+04
2.412759999999999491e+04
3.258819999999998618e+04
4.749290000000000146e+04
8.106589999999997963e+04
1.039467000000000116e+05
8.140339999999997963e+04
5.823870000000000437e+04
3.681539999999999418e+04
2.642640000000000146e+04
2.658760000000000582e+04
2.348390000000000873e+04
3.114789999999999418e+04
4.621699999999998545e+04
7.868550000000002910e+04
6.966550000000000000e+04
6.115240000000002328e+04
6.561630000000001746e+04
4.095889999999998690e+04
3.160790000000000509e+04
2.628770000000000073e+04
2.331379999999999563e+04
2.393579999999998836e+04
2.157050000000000728e+04
2.882609999999999491e+04
5.833829999999998836e+04
7.413100000000000000e+04
4.691039999999998690e+04
2.726959999999999491e+04
2.384490000000000146e+04
2.118709999999999854e+04
3.074259999999999127e+04
5.507380000000001019e+04
1.059823000000000029e+05
1.646166999999999825e+05
1.520161000000000058e+05
7.527669999999998254e+04
3.487330000000000291e+04
2.722329999999999200e+04
2.115730000000000291e+04
2.661070000000000437e+04
4.363309999999999854e+04
7.882890000000000873e+04
1.258121000000000640e+05
1.394628999999999360e+05
9.460110000000000582e+04
4.375880000000000291e+04
3.022360000000000218e+04
2.225800000000000728e+04
2.473560000000000218e+04
3.690890000000002328e+04
6.209120000000001164e+04
1.030647000000000116e+05
1.426008999999999651e+05
1.303695999999999767e+05
6.885980000000000291e+04
3.383120000000001164e+04
2.726820000000000073e+04
2.377959999999999491e+04
3.117470000000000800e+04
4.773130000000001019e+04
8.299430000000001746e+04
1.318149000000000233e+05
1.370134999999999709e+05
9.064170000000002619e+04
4.242709999999999854e+04
2.559080000000000291e+04
2.611489999999999054e+04
2.436849999999999272e+04
3.522110000000000582e+04
4.996459999999999854e+04
8.280550000000002910e+04
1.009653000000000029e+05
7.498539999999999418e+04
6.247360000000001310e+04
3.887469999999998981e+04
3.195860000000000218e+04
3.144259999999999854e+04
2.803479999999999200e+04
4.399480000000001019e+04
7.367489999999996508e+04
1.219523999999999942e+05
1.274106000000000058e+05
9.541100000000002910e+04
6.341400000000001455e+04
3.803960000000000582e+04
4.329589999999998690e+04
3.619680000000000291e+04
4.822769999999998981e+04
8.231220000000001164e+04
1.430250999999999767e+05
2.034997000000001281e+05
1.812332999999999302e+05
1.076429000000000087e+05
4.518179999999998836e+04
3.385780000000000291e+04
2.791529999999999927e+04
2.789040000000000873e+04
4.925620000000000437e+04
8.117180000000003201e+04
1.302553999999999796e+05
1.605917999999999302e+05
1.247658000000000029e+05
6.610519999999999709e+04
3.342720000000001164e+04
3.133639999999999418e+04
2.422249999999999636e+04
3.269740000000001237e+04
4.870929999999998836e+04
8.879809999999999127e+04
1.362720000000000000e+05
1.539234000000000815e+05
1.069391999999999971e+05
4.962059999999997672e+04
2.916070000000000073e+04
2.918079999999999563e+04
2.399309999999999127e+04
2.783619999999999709e+04
2.650570000000000437e+04
3.447070000000000437e+04
5.880559999999999127e+04
7.315080000000000291e+04
4.872519999999999709e+04
2.728480000000001019e+04
2.154699999999999272e+04
2.556359999999999491e+04
2.478640000000000873e+04
3.541119999999998981e+04
4.365470000000001164e+04
6.387940000000000146e+04
8.045670000000002619e+04
7.156820000000001164e+04
5.968700000000002183e+04
4.135470000000003347e+04
3.478609999999999854e+04
2.857380000000001382e+04
3.398950000000000728e+04
4.847160000000000582e+04
7.689739999999999418e+04
1.024108999999999651e+05
9.157120000000002619e+04
7.314619999999999709e+04
4.428180000000000291e+04
3.424830000000000291e+04
3.248960000000000582e+04
2.939090000000000873e+04
4.081739999999999418e+04
5.326249999999997090e+04
8.210030000000004657e+04
8.360639999999995052e+04
8.266329999999997381e+04
7.572429999999997381e+04
5.164059999999999127e+04
4.912390000000000873e+04
3.353169999999999709e+04
3.638069999999998254e+04
4.969269999999997526e+04
9.977110000000003492e+04
1.529513999999999360e+05
1.674924000000000524e+05
1.194243000000000175e+05
5.533300000000000000e+04
3.728409999999999127e+04
2.719819999999999345e+04
2.650839999999999054e+04
4.395290000000001601e+04
7.923169999999999709e+04
1.393945000000000000e+05
1.972173000000000175e+05
2.023456000000000349e+05
1.270978000000000175e+05
6.570660000000000582e+04
4.788769999999999709e+04
2.962480000000000291e+04
3.892290000000000873e+04
5.822430000000003929e+04
9.826139999999995052e+04
1.428392999999999884e+05
1.716413999999999651e+05
1.283641999999999389e+05
5.828340000000000873e+04
3.937059999999999127e+04
3.019179999999999927e+04
2.930150000000000000e+04
4.587710000000000582e+04
6.159599999999998545e+04
9.786639999999999418e+04
1.270277999999999738e+05
1.215283999999999651e+05
7.368010000000002037e+04
3.236010000000000582e+04
2.839279999999999563e+04
2.346850000000000364e+04
3.059280000000001019e+04
4.458860000000000582e+04
7.199270000000001164e+04
1.216323999999999942e+05
1.369139000000000233e+05
1.082643000000000320e+05
5.850330000000001746e+04
2.828349999999999272e+04
2.591019999999998981e+04
2.221700000000000000e+04
2.625470000000000073e+04
3.563279999999999563e+04
5.850169999999998981e+04
7.584409999999999127e+04
8.305539999999999418e+04
9.022069999999995343e+04
5.964450000000000000e+04
4.061859999999999854e+04
3.365400000000000000e+04
2.526540000000000509e+04
2.739070000000000073e+04
2.443050000000000000e+04
3.536729999999998836e+04
5.732359999999999854e+04
6.632769999999998254e+04
4.555829999999998836e+04
2.523270000000001528e+04
2.274500000000000364e+04
2.958860000000000582e+04
3.380330000000000291e+04
6.138659999999998399e+04
9.413590000000002328e+04
1.485133000000000175e+05
1.583986999999999534e+05
1.023032999999999738e+05
4.907379999999996653e+04
3.206039999999999782e+04
3.068659999999999491e+04
3.285369999999999709e+04
5.193080000000001746e+04
8.006989999999997963e+04
1.341403000000000757e+05
1.492210000000000582e+05
1.274216999999999389e+05
7.229880000000001746e+04
3.223819999999999709e+04
3.021430000000001019e+04
2.607470000000000437e+04
3.667330000000000291e+04
5.459270000000000437e+04
8.024639999999996508e+04
1.149863000000000029e+05
1.079576000000000058e+05
7.894959999999999127e+04
4.191950000000000728e+04
2.645829999999999927e+04
2.663450000000000000e+04
2.794640000000000873e+04
4.673470000000000437e+04
6.060190000000000146e+04
9.220239999999997963e+04
1.060789999999999854e+05
8.560470000000005530e+04
7.314639999999997963e+04
4.674269999999998254e+04
4.085370000000002619e+04
3.402139999999998690e+04
3.354740000000000146e+04
4.388190000000001601e+04
5.930290000000000146e+04
9.000470000000002619e+04
8.311469999999999709e+04
8.018159999999997672e+04
7.152389999999997963e+04
4.534489999999999418e+04
3.932079999999998108e+04
2.741619999999999709e+04
3.338890000000000146e+04
3.709439999999999418e+04
5.238130000000000291e+04
6.200989999999998690e+04
6.881769999999999709e+04
8.217639999999997963e+04
6.160529999999999563e+04
4.977579999999998836e+04
4.545570000000001164e+04
4.320389999999997963e+04
6.357139999999998690e+04
8.248330000000003201e+04
1.397592999999999010e+05
1.572362000000000407e+05
1.199356999999999534e+05
6.613169999999998254e+04
3.545809999999999127e+04
3.047449999999999272e+04
2.882239999999998690e+04
4.265070000000001164e+04
5.953269999999999709e+04
9.553950000000005821e+04
1.535729999999999709e+05
1.659653999999999651e+05
1.205729000000000524e+05
6.082379999999999563e+04
4.081900000000001455e+04
3.098689999999999782e+04
3.004429999999998836e+04
3.943609999999998399e+04
6.002300000000001455e+04
9.777370000000001164e+04
1.241411000000000204e+05
1.106103999999999796e+05
6.275529999999999563e+04
3.179500000000001091e+04
2.961040000000000873e+04
2.624540000000000146e+04
2.297330000000000291e+04
2.377919999999999345e+04
2.249509999999999127e+04
3.830700000000000728e+04
6.805840000000000873e+04
7.097300000000000000e+04
4.320130000000000291e+04
2.521080000000000655e+04
2.547589999999999782e+04
2.741299999999999272e+04
3.307840000000000873e+04
4.623090000000000146e+04
5.864870000000001892e+04
7.429639999999999418e+04
6.195819999999998981e+04
5.968879999999997381e+04
4.946200000000000000e+04
4.190119999999999709e+04
3.557490000000000873e+04
3.711900000000000000e+04
4.732280000000001019e+04
6.376600000000001455e+04
9.221779999999997381e+04
8.103870000000002619e+04
6.669229999999998836e+04
5.640199999999999272e+04
3.793259999999999127e+04
3.551150000000000000e+04
3.104150000000000728e+04
4.383900000000000728e+04
4.995890000000000146e+04
6.869429999999998836e+04
7.981760000000000582e+04
6.840680000000000291e+04
7.464140000000000873e+04
5.437190000000000873e+04
3.960240000000000146e+04
3.713370000000001164e+04
3.873300000000002910e+04
5.947399999999998545e+04
7.098150000000001455e+04
1.055034000000000378e+05
1.058325999999999913e+05
8.396220000000002619e+04
6.263579999999998836e+04
4.084339999999998690e+04
3.588379999999999563e+04
3.150889999999999782e+04
4.528849999999998545e+04
6.028039999999997235e+04
8.919790000000003783e+04
1.218411000000000495e+05
1.106950999999999622e+05
7.861239999999997963e+04
4.490529999999999563e+04
3.068139999999999782e+04
2.974649999999999636e+04
3.184470000000000437e+04
4.547489999999997963e+04
5.712490000000000146e+04
8.447829999999998836e+04
9.553439999999999418e+04
7.544400000000002910e+04
5.256299999999998545e+04
3.310440000000000146e+04
3.391239999999999418e+04
3.242650000000001455e+04
4.078269999999998254e+04
4.952270000000001164e+04
6.124419999999999709e+04
8.206830000000001746e+04
7.539389999999999418e+04
6.700709999999996217e+04
5.244370000000000437e+04
4.021900000000001455e+04
3.821060000000000582e+04
3.201069999999999709e+04
4.184580000000002474e+04
4.113409999999999854e+04
5.147920000000000437e+04
5.117129999999998836e+04
5.872029999999998836e+04
9.375400000000001455e+04
7.837019999999999709e+04
5.815900000000000000e+04
4.100930000000002474e+04
3.049490000000000146e+04
3.154159999999999491e+04
2.869599999999999272e+04
3.429029999999999563e+04
3.973330000000001746e+04
7.691849999999998545e+04
1.084163999999999942e+05
8.370850000000002910e+04
5.335679999999998836e+04
3.614200000000000000e+04
2.344720000000000437e+04
2.557139999999999782e+04
3.028550000000000364e+04
4.934979999999997381e+04
6.839959999999999127e+04
5.243710000000000582e+04
3.181409999999999127e+04
2.650450000000000000e+04
3.160020000000000437e+04
3.485079999999999563e+04
4.248799999999998545e+04
6.400229999999997381e+04
9.558989999999997963e+04
1.344501999999999534e+05
1.108996000000000204e+05
6.291580000000002474e+04
4.160170000000001164e+04
4.005980000000002474e+04
3.267690000000001237e+04
4.128200000000000728e+04
5.718890000000000873e+04
9.529819999999999709e+04
1.323536999999999534e+05
1.303623000000000175e+05
8.726919999999998254e+04
4.149409999999999127e+04
3.309750000000000000e+04
3.078220000000000437e+04
2.882660000000000946e+04
4.026329999999996653e+04
4.894269999999998981e+04
7.178390000000000873e+04
8.038569999999999709e+04
6.812069999999998254e+04
5.300239999999997963e+04
3.775820000000001164e+04
3.757529999999998836e+04
2.986240000000000146e+04
3.608059999999999127e+04
5.013170000000001164e+04
6.338219999999998981e+04
8.252429999999998836e+04
7.104800000000001455e+04
5.631040000000000146e+04
4.889040000000000873e+04
4.194410000000000582e+04
3.810439999999997963e+04
3.198049999999999272e+04
4.061880000000000291e+04
4.743010000000001310e+04
6.765969999999999709e+04
7.609939999999997963e+04
6.165379999999999563e+04
5.860749999999996362e+04
4.497650000000000000e+04
3.567719999999999709e+04
3.088230000000001746e+04
2.592079999999999927e+04
3.158169999999999709e+04
3.456480000000000291e+04
5.044410000000000582e+04
5.472820000000001164e+04
6.979580000000001746e+04
7.170530000000001746e+04
4.868209999999998399e+04
4.212310000000001310e+04
3.085030000000000291e+04
4.154990000000000873e+04
5.253610000000000582e+04
7.291609999999997672e+04
9.548039999999993597e+04
8.965459999999999127e+04
7.063700000000000000e+04
4.277980000000001019e+04
3.293870000000000437e+04
3.130400000000000364e+04
3.634260000000002037e+04
5.400819999999998254e+04
6.412370000000001164e+04
8.838679999999994470e+04
1.049755999999999913e+05
9.208259999999997672e+04
6.033900000000000728e+04
3.683039999999999418e+04
3.004749999999999636e+04
2.651349999999999272e+04
3.326079999999999563e+04
4.282600000000000000e+04
6.087109999999999854e+04
8.832109999999999127e+04
8.938650000000004366e+04
6.358820000000001892e+04
3.918489999999998690e+04
2.663910000000001673e+04
2.593959999999999127e+04
2.015979999999999563e+04
2.010279999999999927e+04
1.994880000000000655e+04
2.459700000000001091e+04
4.708730000000002474e+04
6.175960000000001310e+04
4.991980000000001019e+04
3.330389999999999418e+04
2.429470000000000073e+04
2.874409999999999491e+04
2.880719999999999345e+04
3.661179999999999563e+04
4.646490000000000873e+04
5.139269999999997526e+04
5.318389999999999418e+04
4.718529999999998836e+04
4.860159999999999854e+04
5.016979999999999563e+04
4.973759999999998399e+04
3.613290000000000873e+04
4.100879999999999563e+04
4.704940000000000873e+04
6.327130000000002474e+04
7.675649999999994179e+04
6.826640000000002328e+04
6.171409999999999854e+04
4.270720000000000437e+04
3.559550000000000000e+04
3.379970000000000437e+04
3.170739999999999782e+04
3.881800000000000728e+04
4.297459999999999854e+04
5.653790000000000873e+04
5.926019999999999709e+04
6.593470000000001164e+04
6.649330000000000291e+04
4.600919999999999709e+04
4.463790000000000146e+04
3.596259999999997672e+04
4.041489999999999418e+04
5.238069999999998981e+04
7.351610000000002037e+04
1.032260000000000146e+05
1.017845999999999913e+05
7.527430000000001746e+04
4.785469999999999709e+04
4.183270000000001892e+04
3.358719999999999709e+04
3.172030000000001019e+04
4.083860000000001310e+04
5.813620000000000437e+04
9.560469999999999709e+04
1.148857000000000262e+05
1.095051999999999971e+05
7.063709999999997672e+04
4.200719999999999709e+04
3.702669999999999709e+04
2.951540000000000509e+04
3.938270000000000437e+04
5.352569999999997526e+04
7.769259999999997672e+04
1.075418999999999942e+05
1.049616999999999680e+05
7.573329999999998836e+04
4.402249999999999272e+04
4.207809999999999127e+04
3.941420000000000437e+04
3.225370000000000437e+04
4.280850000000001455e+04
5.207689999999999418e+04
7.607209999999999127e+04
8.527609999999997672e+04
7.214849999999998545e+04
4.934160000000001310e+04
3.359809999999999854e+04
4.100150000000000728e+04
3.374539999999999418e+04
3.065770000000000073e+04
3.753700000000000000e+04
4.500620000000000437e+04
5.865569999999998254e+04
5.321529999999999563e+04
6.393650000000001455e+04
5.935940000000000873e+04
4.403589999999999418e+04
3.967940000000000146e+04
2.647939999999999782e+04
2.874029999999999563e+04
3.218810000000000582e+04
4.066690000000000873e+04
5.352930000000000291e+04
5.526839999999997963e+04
6.624299999999998545e+04
5.606559999999997672e+04
3.829540000000000146e+04
3.171990000000000509e+04
2.057719999999999709e+04
1.974559999999999127e+04
2.161250000000000364e+04
3.001339999999999418e+04
4.896019999999999709e+04
5.478769999999997526e+04
4.163310000000002765e+04
2.887690000000000509e+04
2.318710000000000582e+04
2.947500000000000364e+04
2.992720000000000800e+04
4.300759999999998399e+04
5.868220000000001164e+04
7.677820000000004075e+04
8.142060000000000582e+04
5.879259999999999854e+04
3.494429999999999563e+04
3.214009999999998763e+04
2.874589999999998690e+04
2.908390000000000873e+04
4.030900000000000728e+04
4.927329999999999563e+04
7.533449999999998545e+04
7.729980000000003201e+04
6.857869999999999709e+04
4.826149999999998545e+04
3.291380000000001019e+04
3.833009999999998399e+04
3.195989999999999418e+04
3.741439999999998690e+04
4.602570000000000437e+04
5.704029999999998836e+04
8.012110000000000582e+04
7.273480000000000291e+04
6.232610000000003492e+04
4.171700000000002910e+04
3.894219999999998254e+04
3.705409999999999854e+04
3.070449999999999636e+04
4.089000000000000000e+04
4.336609999999999854e+04
5.643730000000001746e+04
6.068559999999999854e+04
5.519660000000001310e+04
5.159879999999998108e+04
4.219700000000000000e+04
4.439870000000002619e+04
3.376929999999999563e+04
3.189659999999999854e+04
3.698439999999998690e+04
3.964609999999999854e+04
5.438769999999999709e+04
5.226109999999999854e+04
5.699419999999999709e+04
5.208500000000001455e+04
3.910539999999999418e+04
3.732800000000000000e+04
2.715689999999998327e+04
3.155190000000000509e+04
3.382930000000000291e+04
3.930489999999999418e+04
5.082680000000000291e+04
5.772729999999998836e+04
7.581470000000001164e+04
5.992799999999997090e+04
4.919890000000000146e+04
4.618650000000001455e+04
3.679950000000000000e+04
4.858399999999998545e+04
6.022500000000002183e+04
8.744929999999997381e+04
9.659720000000004075e+04
7.492850000000001455e+04
4.649840000000000146e+04
3.410919999999999709e+04
3.530919999999999709e+04
3.071770000000000800e+04
3.675330000000001019e+04
4.263629999999998836e+04
6.505479999999998108e+04
8.509680000000004657e+04
8.044650000000000000e+04
5.716770000000001892e+04
3.691080000000000291e+04
3.380139999999998690e+04
2.671059999999999854e+04
2.601439999999999418e+04
3.820720000000000437e+04
5.189149999999998545e+04
6.852199999999998545e+04
7.731540000000003783e+04
6.499670000000000437e+04
4.323579999999998836e+04
2.824320000000000437e+04
2.497010000000001310e+04
2.011930000000000291e+04
1.681709999999999854e+04
1.648990000000000509e+04
1.764139999999999782e+04
2.892330000000001019e+04
4.857219999999999709e+04
5.474730000000000291e+04
4.279280000000000291e+04
2.614530000000000655e+04
2.730869999999999709e+04
3.103160000000000582e+04
3.355609999999999854e+04
4.818879999999998836e+04
6.252280000000002474e+04
7.837850000000001455e+04
6.610109999999997672e+04
4.796230000000001746e+04
3.546730000000000291e+04
4.031089999999998690e+04
3.555690000000000146e+04
3.662569999999999709e+04
4.392470000000001164e+04
5.135169999999999709e+04
7.107950000000002910e+04
6.317569999999998981e+04
4.751060000000001310e+04
3.110799999999999636e+04
2.557289999999999782e+04
2.758150000000000000e+04
2.586230000000000291e+04
3.541909999999997672e+04
4.452799999999999272e+04
5.788220000000000437e+04
7.367490000000003783e+04
6.063789999999999418e+04
4.300309999999999127e+04
3.170809999999999491e+04
3.771980000000000291e+04
3.337050000000000000e+04
2.932890000000000509e+04
3.799669999999998254e+04
5.445149999999999272e+04
8.346199999999998545e+04
9.352840000000000873e+04
8.736930000000000291e+04
5.914779999999998108e+04
4.203470000000000437e+04
3.388609999999999854e+04
2.656330000000000291e+04
3.165669999999998618e+04
4.318569999999998981e+04
6.777060000000000582e+04
9.371489999999999418e+04
9.660440000000002328e+04
6.617659999999999127e+04
3.998239999999998690e+04
3.931530000000001746e+04
3.287510000000000582e+04
3.137000000000000000e+04
4.717390000000000146e+04
6.424369999999999709e+04
8.573429999999997381e+04
9.186149999999998545e+04
7.468580000000004657e+04
4.918450000000000000e+04
4.111890000000000146e+04
3.791139999999998690e+04
2.831479999999999200e+04
3.581349999999998545e+04
5.080409999999998399e+04
7.245250000000000000e+04
9.661810000000003492e+04
9.165519999999999709e+04
6.179979999999998108e+04
3.925979999999999563e+04
3.828020000000003347e+04
3.344119999999999709e+04
2.995479999999998472e+04
4.278610000000000582e+04
5.125740000000000873e+04
6.752360000000004948e+04
7.400989999999995052e+04
5.580209999999999854e+04
3.542389999999998690e+04
2.815209999999999854e+04
3.198829999999999563e+04
2.871750000000000728e+04
3.216170000000001528e+04
4.079359999999999127e+04
4.817110000000000582e+04
6.289920000000002619e+04
5.832060000000000582e+04
4.503830000000000291e+04
3.696880000000000291e+04
2.958890000000000146e+04
2.580460000000000218e+04
2.032490000000000509e+04
1.677359999999999854e+04
1.580730000000000109e+04
1.768520000000000437e+04
2.644409999999999491e+04
4.345859999999999854e+04
4.468580000000002474e+04
2.703949999999999636e+04
1.926229999999999200e+04
2.087310000000000218e+04
2.390959999999999127e+04
3.001050000000000728e+04
4.724239999999999418e+04
6.401970000000002619e+04
8.446120000000004075e+04
9.424739999999996508e+04
7.213139999999999418e+04
5.551829999999998108e+04
4.100890000000000873e+04
2.700500000000000000e+04
3.005870000000000437e+04
4.008680000000002474e+04
6.360189999999999418e+04
8.122770000000002619e+04
9.451720000000002619e+04
8.456839999999999418e+04
6.212699999999997090e+04
5.238560000000001310e+04
3.339029999999998836e+04
3.122270000000000073e+04
4.205740000000002328e+04
5.674279999999996653e+04
7.839600000000000000e+04
8.560729999999995925e+04
7.506069999999999709e+04
5.380630000000000291e+04
4.953809999999999127e+04
4.315430000000000291e+04
2.933120000000000437e+04
3.560320000000000437e+04
4.897709999999999127e+04
7.243690000000005239e+04
8.728669999999998254e+04
8.186090000000000873e+04
6.274189999999996508e+04
4.070119999999998981e+04
3.315819999999999709e+04
2.668980000000000291e+04
2.378430000000000655e+04
3.073340000000001237e+04
4.089049999999999272e+04
5.373789999999999418e+04
5.886039999999997963e+04
5.069070000000001164e+04
3.564260000000002765e+04
2.876759999999999854e+04
3.405470000000001164e+04
2.960420000000000437e+04
3.036550000000000728e+04
3.897900000000000000e+04
5.417040000000000873e+04
7.012719999999996799e+04
6.387620000000002619e+04
4.280930000000000291e+04
2.687679999999999927e+04
2.735150000000000000e+04
3.146569999999999709e+04
2.782600000000000364e+04
3.457229999999998836e+04
4.471730000000001746e+04
6.014129999999999563e+04
7.322820000000001164e+04
5.992769999999998981e+04
3.875169999999998254e+04
3.146809999999999491e+04
3.534909999999999127e+04
3.329710000000001310e+04
3.089900000000000364e+04
3.886249999999999272e+04
5.209580000000001746e+04
6.555019999999998254e+04
6.914740000000000873e+04
5.211809999999998399e+04
3.459809999999999854e+04
3.091170000000000800e+04
3.008029999999999927e+04
2.402799999999999272e+04
2.600900000000000000e+04
3.029940000000001601e+04
3.424059999999999127e+04
4.151750000000000000e+04
3.428059999999999854e+04
3.096020000000000073e+04
2.872360000000000946e+04
2.412170000000000437e+04
2.034110000000000946e+04
1.654510000000000582e+04
1.555050000000000182e+04
1.789059999999999854e+04
2.739919999999999345e+04
4.593010000000000582e+04
4.899250000000000728e+04
3.391260000000000582e+04
2.428380000000001019e+04
1.966989999999999054e+04
2.332580000000000291e+04
2.325630000000000291e+04
2.133320000000000437e+04
2.423350000000000364e+04
2.411769999999999345e+04
2.435219999999999709e+04
2.939689999999999782e+04
3.283230000000000291e+04
3.317149999999998545e+04
3.237980000000000291e+04
2.622439999999999782e+04
2.683730000000000291e+04
2.782750000000001819e+04
3.226939999999999782e+04
3.555459999999998399e+04
3.200659999999999854e+04
4.056250000000000728e+04
4.093320000000001164e+04
3.752259999999999854e+04
3.212719999999999345e+04
2.482010000000000582e+04
2.548190000000000873e+04
2.616510000000000946e+04
3.276630000000001382e+04
3.346309999999999854e+04
4.235629999999999563e+04
4.804809999999998399e+04
3.859709999999999854e+04
4.031340000000000146e+04
3.330640000000000873e+04
3.544759999999999127e+04
4.434240000000000146e+04
5.128010000000001310e+04
6.097149999999997090e+04
4.897849999999999272e+04
3.282270000000001164e+04
2.726200000000000728e+04
3.172390000000000873e+04
2.805630000000001746e+04
2.747930000000000291e+04
3.613509999999999854e+04
4.329690000000000146e+04
5.148380000000001019e+04
4.750219999999998981e+04
3.772030000000001019e+04
2.858280000000000291e+04
2.904500000000000000e+04
2.867619999999999709e+04
2.459839999999999782e+04
3.040759999999998399e+04
3.868859999999999127e+04
4.525379999999997381e+04
4.869640000000003056e+04
4.103950000000001455e+04
2.964520000000000800e+04
2.562489999999999418e+04
3.022189999999998327e+04
3.025429999999999200e+04
2.699629999999999927e+04
3.213970000000000073e+04
3.442259999999999854e+04
4.028640000000000873e+04
3.845400000000000000e+04
3.420509999999999127e+04
3.685470000000000437e+04
3.614919999999999709e+04
3.688239999999998690e+04
2.931030000000000291e+04
2.511089999999998690e+04
2.867660000000000218e+04
3.100800000000001091e+04
3.426509999999998399e+04
2.982010000000000582e+04
2.620599999999999272e+04
2.943479999999999927e+04
3.199110000000000946e+04
2.823769999999999345e+04
2.354980000000000655e+04
2.560689999999999418e+04
2.695379999999999200e+04
3.261229999999998836e+04
3.424280000000000291e+04
3.392849999999998545e+04
4.745750000000000000e+04
4.656150000000000000e+04
3.325939999999999418e+04
2.615590000000000509e+04
1.852930000000000291e+04
1.487360000000000218e+04
1.627869999999999891e+04
2.248219999999999709e+04
3.634680000000001746e+04
4.357490000000001601e+04
3.339179999999999563e+04
2.266940000000000873e+04
2.310119999999999709e+04
3.087019999999999345e+04
3.471869999999999709e+04
3.983020000000001164e+04
4.545810000000000582e+04
4.329629999999998108e+04
3.740600000000000000e+04
2.823750000000000364e+04
2.574390000000000873e+04
2.960660000000000218e+04
2.701610000000000946e+04
2.757920000000000800e+04
4.158709999999999127e+04
5.459749999999999272e+04
6.676969999999999709e+04
6.841590000000002328e+04
5.131100000000002183e+04
3.455890000000000873e+04
3.477550000000000728e+04
3.732060000000000582e+04
2.659340000000000509e+04
2.689319999999999345e+04
3.586809999999999127e+04
4.365640000000002328e+04
4.779830000000000291e+04
3.990120000000001164e+04
3.039809999999999491e+04
2.645710000000000218e+04
2.874679999999998836e+04
2.777760000000000218e+04
2.196940000000000146e+04
2.846550000000000364e+04
3.532920000000000437e+04
4.202600000000002183e+04
4.146260000000000582e+04
3.195020000000000437e+04
2.530199999999999272e+04
2.424489999999999054e+04
3.073600000000000364e+04
2.696799999999999272e+04
2.630210000000000218e+04
3.343720000000000437e+04
4.141639999999999418e+04
5.020500000000000000e+04
4.288049999999998545e+04
3.087249999999998909e+04
2.537320000000001164e+04
3.120399999999998909e+04
3.618479999999999563e+04
2.809909999999999854e+04
2.860639999999999418e+04
3.247789999999999054e+04
4.120850000000000000e+04
4.210609999999998399e+04
3.276620000000000437e+04
2.869440000000000146e+04
2.778979999999999200e+04
3.707090000000001601e+04
3.378949999999998545e+04
3.053129999999999927e+04
3.519489999999998690e+04
4.438350000000003638e+04
5.571389999999999418e+04
5.143609999999999127e+04
4.196200000000002183e+04
3.955439999999999418e+04
4.397690000000001601e+04
3.522259999999999854e+04
2.896009999999999854e+04
3.252150000000000364e+04
3.395499999999999272e+04
4.283690000000000873e+04
4.688099999999998545e+04
4.979109999999998399e+04
5.800980000000001019e+04
6.191319999999998254e+04
4.914730000000001019e+04
3.176300000000000364e+04
2.925500000000000000e+04
3.044899999999999636e+04
3.506699999999999272e+04
4.045789999999998690e+04
4.051979999999998836e+04
4.741340000000000146e+04
5.066460000000001310e+04
4.113169999999998254e+04
2.546450000000000364e+04
1.778070000000000073e+04
1.608040000000000327e+04
1.516069999999999891e+04
1.504600000000000182e+04
1.766470000000000437e+04
2.443360000000000218e+04
2.892100000000000000e+04
2.679800000000000364e+04
2.652579999999999563e+04
3.064119999999999709e+04
2.902070000000000437e+04
2.912390000000000873e+04
3.152130000000000291e+04
3.358360000000000582e+04
3.296659999999999127e+04
2.839160000000000218e+04
2.615110000000000582e+04
2.849940000000001237e+04
2.778760000000000946e+04
2.247059999999999491e+04
2.713080000000000291e+04
3.166120000000001528e+04
3.612619999999999709e+04
4.538360000000000582e+04
4.510160000000002037e+04
3.995230000000001019e+04
3.630620000000000437e+04
3.261510000000000218e+04
2.410029999999998836e+04
1.932099999999999636e+04
2.282270000000000800e+04
2.709409999999999491e+04
3.424149999999999272e+04
3.943969999999999709e+04
3.720969999999998254e+04
3.303739999999999418e+04
2.897390000000000873e+04
2.403210000000000946e+04
1.947529999999999927e+04
1.810540000000000146e+04
1.999310000000000582e+04
2.344919999999999709e+04
2.959379999999999927e+04
3.520250000000000728e+04
3.778180000000000291e+04
3.873359999999999854e+04
3.209789999999999054e+04
2.160529999999999563e+04
2.064139999999999054e+04
2.117949999999998909e+04
2.335820000000000073e+04
3.152599999999998545e+04
3.607969999999998981e+04
4.115799999999999272e+04
4.854009999999999854e+04
4.698709999999999854e+04
3.240669999999998981e+04
2.229100000000000000e+04
2.118709999999999854e+04
2.134490000000000509e+04
2.595190000000000146e+04
3.380760000000001310e+04
4.081449999999999272e+04
4.824230000000001019e+04
5.128359999999999127e+04
4.026909999999999854e+04
2.525659999999999491e+04
2.038140000000000873e+04
2.055829999999999563e+04
2.045850000000000728e+04
2.571199999999998545e+04
3.308389999999999418e+04
3.660690000000000873e+04
3.942380000000000291e+04
3.637809999999999127e+04
2.527550000000001091e+04
1.718309999999999854e+04
1.736950000000000728e+04
1.855100000000000000e+04
1.948779999999998836e+04
2.442930000000000655e+04
2.793080000000001746e+04
2.937680000000000291e+04
3.041990000000000873e+04
2.715180000000000291e+04
2.066350000000000728e+04
1.654859999999999491e+04
1.694709999999999491e+04
1.746129999999999563e+04
1.908070000000000073e+04
2.337179999999999563e+04
2.518329999999999563e+04
2.711859999999998763e+04
2.691560000000000582e+04
2.282390000000001237e+04
2.002150000000000000e+04
1.767669999999999709e+04
1.575859999999999854e+04
1.567590000000000327e+04
1.678190000000000146e+04
1.988340000000000146e+04
2.729369999999999709e+04
3.495680000000001019e+04
3.424050000000000000e+04
2.728450000000000728e+04
2.090770000000001528e+04
1.695779999999999927e+04
1.818250000000000364e+04
2.308380000000001019e+04
2.831689999999999782e+04
3.514050000000000728e+04
4.399860000000001310e+04
4.382150000000000728e+04
3.351190000000000873e+04
2.248489999999998327e+04
1.817039999999999418e+04
1.850350000000000000e+04
1.879810000000000582e+04
2.377850000000000000e+04
3.356829999999999563e+04
4.245190000000000146e+04
4.558530000000000291e+04
3.752189999999999418e+04
2.426419999999999345e+04
1.880260000000000218e+04
1.771180000000000291e+04
1.607820000000000073e+04
1.646339999999999418e+04
2.132640000000000146e+04
2.858340000000000873e+04
3.672299999999998545e+04
3.938099999999999272e+04
2.979800000000001091e+04
2.026110000000000582e+04
1.699489999999999782e+04
1.676689999999999782e+04
1.579090000000000327e+04
1.646150000000000728e+04
1.941900000000000364e+04
2.258759999999999127e+04
2.613539999999999418e+04
2.885599999999998545e+04
2.817780000000000291e+04
2.208850000000000000e+04
1.791800000000000364e+04
1.785080000000000291e+04
1.775910000000000218e+04
2.158079999999999200e+04
2.609790000000001237e+04
2.661080000000000291e+04
3.037249999999998909e+04
3.482650000000000728e+04
2.764909999999999854e+04
1.945709999999999854e+04
2.017489999999999418e+04
1.964970000000000800e+04
2.080579999999999927e+04
2.433290000000000509e+04
2.365519999999999709e+04
2.352590000000000146e+04
2.964549999999999636e+04
3.126469999999999345e+04
2.313240000000000146e+04
1.780680000000000291e+04
1.813500000000000364e+04
1.812439999999999418e+04
2.194329999999999927e+04
2.847850000000000000e+04
3.090249999999999272e+04
2.928689999999999782e+04
2.708699999999999636e+04
2.161279999999999927e+04
1.653820000000000437e+04
1.775780000000000291e+04
1.789350000000000000e+04
1.814229999999999927e+04
2.431930000000000291e+04
2.689690000000000873e+04
2.352310000000000218e+04
2.129790000000000146e+04
2.075459999999999854e+04
1.801189999999999418e+04
1.571010000000000218e+04
1.562519999999999891e+04
1.554319999999999527e+04
1.784389999999999782e+04
2.265159999999999854e+04
2.428539999999999418e+04
2.415620000000000800e+04
2.116780000000000291e+04
1.697640000000000873e+04
1.689120000000000073e+04
1.653290000000000146e+04
1.648289999999999782e+04
1.989079999999998836e+04
2.250419999999999345e+04
2.222290000000000509e+04
2.058619999999999709e+04
1.775990000000000509e+04
1.594180000000000109e+04
1.590089999999999964e+04
1.597789999999999782e+04
1.538870000000000073e+04
1.466469999999999891e+04
1.642229999999999927e+04
1.783220000000000437e+04
1.923980000000000291e+04
2.548779999999999927e+04
3.335259999999999854e+04
3.156099999999999272e+04
2.308840000000001237e+04
1.813810000000000218e+04
1.717749999999999636e+04
1.591610000000000218e+04
1.636500000000000182e+04
1.727050000000000728e+04
2.049550000000000728e+04
3.146450000000000728e+04
4.327929999999999563e+04
3.763790000000001601e+04
2.463179999999999927e+04
2.074229999999999927e+04
1.794089999999999782e+04
1.578480000000000291e+04
1.713719999999999709e+04
1.743350000000001091e+04
2.387290000000000509e+04
3.972180000000001019e+04
4.642499999999997090e+04
3.600919999999999709e+04
2.412750000000001091e+04
2.181089999999999418e+04
2.010129999999999927e+04
2.056570000000001164e+04
2.732529999999999563e+04
2.869359999999999491e+04
2.671270000000000073e+04
2.802619999999999345e+04
2.562599999999999636e+04
1.997349999999999272e+04
1.767599999999999272e+04
1.820340000000000509e+04
1.844010000000000218e+04
2.245460000000000218e+04
2.662809999999999854e+04
2.691040000000000146e+04
2.779020000000001164e+04
2.650100000000001455e+04
2.074699999999998909e+04
1.741949999999999636e+04
1.792260000000000582e+04
1.726670000000000073e+04
1.740570000000000437e+04
1.913339999999998690e+04
1.961850000000000000e+04
2.059839999999999782e+04
2.345520000000000073e+04
2.316189999999998690e+04
1.808529999999999563e+04
1.580440000000000327e+04
1.578829999999999927e+04
1.481619999999999891e+04
1.563519999999999709e+04
1.731499999999999636e+04
1.754219999999999709e+04
1.742510000000000218e+04
1.813370000000000073e+04
1.633380000000000291e+04
1.467909999999999491e+04
1.511959999999999854e+04
1.447809999999999491e+04
1.447990000000000327e+04
1.547250000000000364e+04
1.566249999999999818e+04
1.578110000000000400e+04
1.769620000000000437e+04
1.886470000000000437e+04
1.625850000000000728e+04
1.400319999999999527e+04
1.404590000000000691e+04
1.439839999999999964e+04
1.529330000000000109e+04
1.699899999999999272e+04
1.852529999999999927e+04
1.924589999999999782e+04
1.752859999999999491e+04
1.545739999999999782e+04
1.663780000000000655e+04
1.705040000000000509e+04
1.683809999999999854e+04
2.186529999999999200e+04
2.740990000000000873e+04
2.734040000000000509e+04
2.338619999999999345e+04
1.874850000000000728e+04
1.688029999999999563e+04
1.741920000000000073e+04
1.705910000000000582e+04
1.678729999999999927e+04
1.961410000000000582e+04
2.526549999999999272e+04
3.006909999999999854e+04
3.369439999999998690e+04
3.404240000000000873e+04
2.832570000000000800e+04
1.975959999999999854e+04
1.508760000000000400e+04
1.512039999999999782e+04
1.712340000000000509e+04
2.019959999999999127e+04
2.471529999999999563e+04
3.166759999999999127e+04
3.920050000000000000e+04
4.001060000000000582e+04
3.086640000000000873e+04
2.014770000000000800e+04
1.629889999999999600e+04
1.765100000000000364e+04
1.908200000000000728e+04
2.180920000000000073e+04
2.713290000000000873e+04
3.384350000000000728e+04
3.668610000000001310e+04
3.342380000000000291e+04
2.385370000000000073e+04
1.688850000000000364e+04
1.617129999999999927e+04
1.842409999999999491e+04
2.017390000000000509e+04
2.377049999999999636e+04
2.942700000000000000e+04
3.518549999999999272e+04
3.554489999999999418e+04
2.844000000000000728e+04
1.899859999999999854e+04
1.534850000000000182e+04
1.635350000000000182e+04
1.770429999999999563e+04
1.868889999999999418e+04
2.138600000000000364e+04
2.543969999999999709e+04
2.942039999999998690e+04
2.978219999999999709e+04
2.503180000000000655e+04
1.868470000000000073e+04
1.600939999999999782e+04
1.676620000000000073e+04
1.856489999999999782e+04
2.002500000000000728e+04
2.258240000000000509e+04
2.686780000000000655e+04
3.022590000000001237e+04
2.844909999999999854e+04
2.203629999999999563e+04
1.675229999999999927e+04
1.860859999999999491e+04
2.280250000000000364e+04
2.345129999999999927e+04
2.681069999999999345e+04
3.969489999999999418e+04
5.048630000000002474e+04
4.499980000000001019e+04
2.960849999999998909e+04
1.904029999999999927e+04
1.720239999999999782e+04
1.849859999999999854e+04
1.822309999999999854e+04
1.968959999999999127e+04
2.632210000000001310e+04
3.648609999999999854e+04
4.043849999999998545e+04
3.389670000000000437e+04
2.241369999999999345e+04
1.648219999999999345e+04
1.739469999999999709e+04
1.808000000000000000e+04
1.808750000000000728e+04
2.226700000000000000e+04
2.947800000000000728e+04
3.306600000000001455e+04
2.850980000000001019e+04
2.121050000000000000e+04
1.671650000000000364e+04
1.488560000000000036e+04
1.401520000000000255e+04
1.358459999999999491e+04
1.342560000000000036e+04
1.383270000000000255e+04
1.514870000000000618e+04
1.714650000000000000e+04
1.856380000000000291e+04
1.844139999999999054e+04
1.679539999999999782e+04
1.465790000000000146e+04
1.403640000000000327e+04
1.442950000000000364e+04
1.485689999999999236e+04
1.619539999999999418e+04
1.854380000000000655e+04
1.896169999999999709e+04
1.700379999999999927e+04
1.453869999999999345e+04
1.386570000000000255e+04
1.433559999999999491e+04
1.443870000000000255e+04
1.429629999999999563e+04
1.558179999999999563e+04
1.694779999999999927e+04
1.762929999999999200e+04
1.649709999999999491e+04
1.454359999999999854e+04
1.343719999999999709e+04
1.344929999999999745e+04
1.358540000000000146e+04
1.365370000000000255e+04
1.405340000000000509e+04
1.453150000000000909e+04
