2.492141000000000162e+00
2.492048000000000041e+00
2.491708000000000034e+00
2.491620000000000168e+00
2.491528999999999883e+00
2.491481999999999974e+00
2.491458000000000172e+00
2.491341999999999945e+00
2.491264999999999841e+00
2.491197000000000106e+00
2.491159000000000123e+00
2.491124999999999812e+00
2.491064999999999863e+00
2.491054000000000102e+00
2.491017999999999954e+00
2.491023000000000209e+00
2.491035999999999806e+00
2.491017999999999954e+00
2.491032999999999831e+00
2.490962999999999816e+00
2.490943999999999825e+00
2.490908000000000122e+00
2.490966999999999931e+00
2.490918000000000188e+00
2.490871999999999975e+00
2.490854999999999819e+00
2.490854000000000124e+00
2.490864999999999885e+00
2.490796000000000010e+00
2.490835000000000132e+00
2.490756000000000192e+00
2.490715999999999930e+00
2.490730000000000111e+00
2.490699000000000218e+00
2.490721999999999881e+00
2.490737000000000201e+00
2.490699999999999914e+00
2.490677999999999948e+00
2.490701000000000054e+00
2.490690999999999988e+00
2.490661999999999932e+00
2.490701000000000054e+00
2.490756999999999888e+00
2.490766999999999953e+00
2.490743000000000151e+00
2.490725999999999996e+00
2.490753999999999913e+00
2.490727000000000135e+00
2.490762999999999838e+00
2.490775999999999879e+00
2.490701000000000054e+00
2.490705000000000169e+00
2.490651999999999866e+00
2.490661999999999932e+00
2.490673999999999833e+00
2.490628000000000064e+00
2.490645000000000220e+00
2.490657000000000121e+00
2.490587000000000106e+00
2.490587000000000106e+00
2.490593000000000057e+00
2.490641999999999801e+00
2.490596000000000032e+00
2.490556000000000214e+00
2.490562999999999860e+00
2.490552000000000099e+00
2.490545000000000009e+00
2.490559000000000189e+00
2.490515999999999952e+00
2.490482999999999780e+00
2.490556000000000214e+00
2.490527999999999853e+00
2.490474999999999994e+00
2.490502999999999911e+00
2.490442999999999962e+00
2.490489999999999871e+00
2.490435999999999872e+00
2.490410999999999930e+00
2.490374000000000088e+00
2.490432999999999897e+00
2.490420999999999996e+00
2.490394999999999914e+00
2.490384000000000153e+00
2.490365999999999858e+00
2.490371000000000112e+00
2.490404999999999980e+00
2.490364000000000022e+00
2.490311000000000163e+00
2.490330000000000155e+00
2.490288000000000057e+00
2.490273000000000181e+00
2.490273999999999877e+00
2.490247000000000099e+00
2.490248999999999935e+00
2.490254000000000190e+00
2.490266000000000091e+00
2.490244999999999820e+00
2.490232999999999919e+00
2.490203999999999862e+00
2.490219000000000182e+00
2.490222000000000158e+00
2.490733000000000086e+00
2.490504000000000051e+00
2.490432999999999897e+00
2.490365999999999858e+00
2.490362000000000187e+00
