1.586036682128906250e+00,7.145584139705151756e+02
3.762262344360351562e+00,7.144011591535917205e+02
5.300241947174072266e+00,7.149984559825924180e+02
6.984299182891845703e+00,7.147597456379944560e+02
8.816075801849365234e+00,7.145903639010165307e+02
1.048957920074462891e+01,7.146233625301551911e+02
1.217794227600097656e+01,7.149772593438490276e+02
1.365834903717041016e+01,7.148332262377591633e+02
1.539141249656677246e+01,7.149069042111676708e+02
1.705591821670532227e+01,7.149394014369116803e+02
1.876805067062377930e+01,7.145290304788502453e+02
2.047826409339904785e+01,7.144386430538527293e+02
2.215786552429199219e+01,7.143693047732990635e+02
2.387579894065856934e+01,7.146960238779894325e+02
2.556019783020019531e+01,7.150323424017362868e+02
2.720136690139770508e+01,7.146069403258073862e+02
2.861161899566650391e+01,7.143757236654471399e+02
3.035606718063354492e+01,7.144062950666817642e+02
3.202760338783264160e+01,7.143547133512809069e+02
3.367767906188964844e+01,7.145425495962920195e+02
3.536379885673522949e+01,7.148557719293240780e+02
3.698816943168640137e+01,7.144271395523692263e+02
3.864025878906250000e+01,7.142205011294763608e+02
4.035538029670715332e+01,7.142820569863865785e+02
4.187090110778808594e+01,7.141712284266860706e+02
4.357096505165100098e+01,7.149151030663758775e+02
4.506034588813781738e+01,7.145701776696627121e+02
4.655658626556396484e+01,7.142577010010819549e+02
4.810504865646362305e+01,7.141573772242832092e+02
4.980252861976623535e+01,7.144536273482310662e+02
5.143507933616638184e+01,7.142083851574951723e+02
5.289177894592285156e+01,7.149843236614431135e+02
5.463198876380920410e+01,7.145210258971783333e+02
5.633198690414428711e+01,7.142728223477957954e+02
5.781317043304443359e+01,7.143237879260814225e+02
5.954214668273925781e+01,7.143533922575633142e+02
6.125769639015197754e+01,7.144826179326094007e+02
6.278602814674377441e+01,7.148132496787130776e+02
6.449212551116943359e+01,7.144116065733732057e+02
6.618199801445007324e+01,7.143389655061520216e+02
6.788466143608093262e+01,7.143020909412413175e+02
6.954270863533020020e+01,7.143880884128033131e+02
7.124809551239013672e+01,7.145858471525759796e+02
7.294848155975341797e+01,7.148027007496939405e+02
7.446490216255187988e+01,7.145307171850023451e+02
7.616804838180541992e+01,7.142588221313844770e+02
7.769141101837158203e+01,7.145086825402458999e+02
7.940318036079406738e+01,7.142756730738824444e+02
8.103888130187988281e+01,7.148021094396323178e+02
8.306981039047241211e+01,7.144003182350559200e+02
8.458940577507019043e+01,7.146265106004140080e+02
8.635182285308837891e+01,7.144864040771022928e+02
8.798352026939392090e+01,7.146044326133519462e+02
8.947589969635009766e+01,7.144611893418621094e+02
9.118981647491455078e+01,7.144568523222363865e+02
9.272420167922973633e+01,7.142693520415323292e+02
9.446331763267517090e+01,7.141987832025786247e+02
9.670276451110839844e+01,7.146577836298390594e+02
9.846447253227233887e+01,7.141969278701709527e+02
1.001981692314147949e+02,7.141932270653671821e+02
1.018914380073547363e+02,7.142088813181843534e+02
1.033597352504730225e+02,7.143184844239825679e+02
1.051419336795806885e+02,7.145429906888059577e+02
1.068242111206054688e+02,7.146394259924713879e+02
1.082997829914093018e+02,7.142926593458101934e+02
1.098322408199310303e+02,7.142284417946697204e+02
1.114540510177612305e+02,7.141132280743398724e+02
1.131700499057769775e+02,7.142034656398335528e+02
1.149141008853912354e+02,7.147099183311609067e+02
1.166230406761169434e+02,7.145370071375816678e+02
1.184724061489105225e+02,7.140431753650228757e+02
1.202253794670104980e+02,7.140518608423135447e+02
1.217462241649627686e+02,7.142527053757688691e+02
1.234776406288146973e+02,7.145404805520757918e+02
1.253176486492156982e+02,7.146773588068759864e+02
1.273941843509674072e+02,7.140374021266716227e+02
1.289443428516387939e+02,7.143005039065997153e+02
1.304679260253906250e+02,7.142117770176471367e+02
1.320177474021911621e+02,7.144685697491936480e+02
1.337516345977783203e+02,7.147279986009666572e+02
1.355166909694671631e+02,7.144825457512480398e+02
1.372524068355560303e+02,7.143456923016307201e+02
1.388054232597351074e+02,7.143552264616628236e+02
1.406116883754730225e+02,7.144516765059333920e+02
1.421856818199157715e+02,7.148496668368825340e+02
1.437880651950836182e+02,7.148724225060751678e+02
1.453847808837890625e+02,7.143259680927818636e+02
1.471448373794555664e+02,7.140727478937626529e+02
1.489392311573028564e+02,7.142066805904977400e+02
1.506402375698089600e+02,7.145943227630580168e+02
1.524254143238067627e+02,7.148476236546423479e+02
1.542346632480621338e+02,7.145648839153977860e+02
1.560122425556182861e+02,7.144148796492404472e+02
1.579212920665740967e+02,7.142705828167050868e+02
1.597204432487487793e+02,7.145499584120620966e+02
1.615096793174743652e+02,7.148590062893628101e+02
1.633169314861297607e+02,7.148472803008623941e+02
1.649119439125061035e+02,7.145086523896493418e+02
1.667037079334259033e+02,7.143218689314650192e+02
1.683143296241760254e+02,7.146442775244970562e+02
1.701023139953613281e+02,7.148811361599898646e+02
1.716680271625518799e+02,7.149688086170141332e+02
1.732675356864929199e+02,7.143326230100009298e+02
1.751125810146331787e+02,7.140344185740062812e+02
1.766894891262054443e+02,7.144703793844441861e+02
1.785018494129180908e+02,7.145874267123778054e+02
1.803329806327819824e+02,7.150496417709466641e+02
1.819200184345245361e+02,7.149156535773121277e+02
1.835440042018890381e+02,7.143129011220593156e+02
1.851309690475463867e+02,7.143336643355922888e+02
1.869081833362579346e+02,7.144364732105728990e+02
1.887576875686645508e+02,7.148647055542015778e+02
1.905780158042907715e+02,7.149745365742844569e+02
1.923820564746856689e+02,7.143664659442551965e+02
1.942117326259613037e+02,7.143692274215641191e+02
1.959851629734039307e+02,7.146297485773590097e+02
1.976216697692871094e+02,7.148718882680490196e+02
1.994417071342468262e+02,7.149857040469768208e+02
2.013043620586395264e+02,7.145663388756498762e+02
2.030611884593963623e+02,7.143375018913463919e+02
2.049024486541748047e+02,7.146856692471575343e+02
2.066990723609924316e+02,7.149313915255584106e+02
2.082869076728820801e+02,7.151444944485958786e+02
2.101758356094360352e+02,7.149002356564583351e+02
2.118152770996093750e+02,7.144287854418184907e+02
2.136638731956481934e+02,7.143221968856312287e+02
2.155414686203002930e+02,7.146873539669484217e+02
2.171946735382080078e+02,7.149345095259192249e+02
2.188666288852691650e+02,7.149885860425932833e+02
2.205314757823944092e+02,7.143374816115513113e+02
2.223921570777893066e+02,7.139648728127307322e+02
2.242158586978912354e+02,7.145575640646337661e+02
2.260657312870025635e+02,7.148686583785475932e+02
2.279018096923828125e+02,7.149643131475071414e+02
2.295856664180755615e+02,7.145107477453752836e+02
2.312681899070739746e+02,7.141821735077588755e+02
2.329482753276824951e+02,7.144237792570163492e+02
2.346275005340576172e+02,7.147203740818463302e+02
2.365081622600555420e+02,7.148980158372369260e+02
2.383744676113128662e+02,7.145846797891929327e+02
2.402635898590087891e+02,7.141837458071161109e+02
2.421839153766632080e+02,7.144109847574649166e+02
2.438818192481994629e+02,7.148586133516969312e+02
2.455703895092010498e+02,7.149541890349590858e+02
2.475003645420074463e+02,7.148969472961360907e+02
2.494273049831390381e+02,7.140546301076911959e+02
2.510981910228729248e+02,7.144488045449998026e+02
2.529905984401702881e+02,7.147241043907704352e+02
2.548418197631835938e+02,7.149404510801350625e+02
2.567336535453796387e+02,7.150588095281394772e+02
2.586682991981506348e+02,7.140954752223661899e+02
2.605499062538146973e+02,7.143260975095390677e+02
2.622411680221557617e+02,7.147738542114924485e+02
2.641759867668151855e+02,7.149255853975713535e+02
2.661050291061401367e+02,7.149019244902613082e+02
2.678946809768676758e+02,7.142531811976621157e+02
2.697858400344848633e+02,7.143556944962646185e+02
2.717278814315795898e+02,7.146901754839010437e+02
2.736259212493896484e+02,7.149719109139687134e+02
2.755432283878326416e+02,7.148799677116793418e+02
2.774699172973632812e+02,7.141081001585282593e+02
2.793920271396636963e+02,7.143436310891179346e+02
2.811201112270355225e+02,7.146813779510204085e+02
2.828533020019531250e+02,7.147803607385893656e+02
2.845901350975036621e+02,7.147817020976442564e+02
2.863392896652221680e+02,7.141327631193952357e+02
2.880202205181121826e+02,7.137394263111325472e+02
2.899637498855590820e+02,7.143719967991410158e+02
2.919001491069793701e+02,7.148659107998521449e+02
2.936122527122497559e+02,7.147584868135642182e+02
2.955623161792755127e+02,7.141644396117010274e+02
2.973158078193664551e+02,7.139408612451597946e+02
2.992282519340515137e+02,7.143581067583671711e+02
3.011322512626647949e+02,7.147157877845889971e+02
3.040495371818542480e+02,7.146583067196610273e+02
3.060019998550415039e+02,7.136487790679188947e+02
3.077680797576904297e+02,7.140930900218057786e+02
3.097720198631286621e+02,7.146113824836971844e+02
3.117328832149505615e+02,7.145879273217099126e+02
3.134632968902587891e+02,7.141665774359607894e+02
3.154208247661590576e+02,7.135966947330949779e+02
3.173720376491546631e+02,7.142083122798081831e+02
3.192904107570648193e+02,7.147050991292915114e+02
3.212634863853454590e+02,7.147416044876539445e+02
3.232438595294952393e+02,7.141835664832930206e+02
3.252279903888702393e+02,7.138120100356660487e+02
3.269734692573547363e+02,7.143957661397986385e+02
3.287259907722473145e+02,7.146469857330299646e+02
3.304956581592559814e+02,7.146342257393866930e+02
3.322949337959289551e+02,7.140633323551646754e+02
3.342820413112640381e+02,7.137639578128211042e+02
3.362705852985382080e+02,7.144146184329606513e+02
3.382535674571990967e+02,7.146688157247398294e+02
3.402177903652191162e+02,7.147791244990746691e+02
3.422041633129119873e+02,7.141302211560964679e+02
3.442422087192535400e+02,7.139745554856890521e+02
3.460581798553466797e+02,7.144968722996954966e+02
3.478594298362731934e+02,7.146587876754218769e+02
3.498616609573364258e+02,7.146078606089928371e+02
3.519208238124847412e+02,7.140240973169692325e+02
3.539703428745269775e+02,7.139388292431837044e+02
3.559516155719757080e+02,7.143710875154184805e+02
3.580075683593750000e+02,7.146862630165605879e+02
3.600613908767700195e+02,7.144040054131841089e+02
3.621380929946899414e+02,7.136040040853272330e+02
3.639710214138031006e+02,7.141282526049859598e+02
3.658192384243011475e+02,7.145783360406165912e+02
3.676885128021240234e+02,7.146906275665160138e+02
3.697507669925689697e+02,7.139868730327316371e+02
3.717972218990325928e+02,7.135622271314568934e+02
3.738236756324768066e+02,7.141595348885703061e+02
3.756798593997955322e+02,7.145850892344197973e+02
3.777041451930999756e+02,7.144915772045244466e+02
3.795359420776367188e+02,7.140260108698794284e+02
3.815908260345458984e+02,7.137308623831726209e+02
3.834578354358673096e+02,7.142357549835746795e+02
3.855376822948455811e+02,7.145698362043974612e+02
3.875273823738098145e+02,7.145647034949627141e+02
3.893881907463073730e+02,7.135588352758792325e+02
3.912746365070343018e+02,7.139932103476508019e+02
3.933849003314971924e+02,7.144973724768016154e+02
3.952860198020935059e+02,7.145620702224937304e+02
3.973191719055175781e+02,7.145475788215900366e+02
3.994367375373840332e+02,7.136358779958586638e+02
4.014922747611999512e+02,7.140443495089717771e+02
4.033957943916320801e+02,7.145472019645898172e+02
4.052988133430480957e+02,7.144992927460021974e+02
4.073464293479919434e+02,7.142309355229066341e+02
4.092156796455383301e+02,7.137989899618015670e+02
4.113245103359222412e+02,7.143460690928399117e+02
4.132399280071258545e+02,7.145138011128366315e+02
4.153517754077911377e+02,7.145819461292885535e+02
4.174760665893554688e+02,7.135869267615812532e+02
4.194179401397705078e+02,7.138463596533026703e+02
4.215101001262664795e+02,7.145524180919558148e+02
4.234540834426879883e+02,7.145249962982342140e+02
4.253505480289459229e+02,7.140712833066323810e+02
4.274947283267974854e+02,7.135648888677956165e+02
4.294360101222991943e+02,7.140998369177153791e+02
4.316120424270629883e+02,7.145307791225130813e+02
4.335804052352905273e+02,7.144997681316007174e+02
4.357217922210693359e+02,7.141261687639898810e+02
4.378517239093780518e+02,7.138422397042320426e+02
4.398099970817565918e+02,7.141903668884182252e+02
4.417650785446166992e+02,7.145015886217729530e+02
4.439577953815460205e+02,7.144696670433555710e+02
4.460871028900146484e+02,7.135667204438113913e+02
4.479815623760223389e+02,7.141073686965136176e+02
4.501752440929412842e+02,7.145934869574117556e+02
4.521621770858764648e+02,7.145468015428066337e+02
4.543418483734130859e+02,7.141699536997124369e+02
4.563147466182708740e+02,7.138038058998442921e+02
4.584855618476867676e+02,7.144306394179831159e+02
4.607103033065795898e+02,7.145576603792393371e+02
4.628974754810333252e+02,7.141847472654449120e+02
4.650662820339202881e+02,7.136104966036064070e+02
4.672515895366668701e+02,7.140336257518667935e+02
4.692291913032531738e+02,7.145472957071401652e+02
4.712378623485565186e+02,7.146732901230260495e+02
4.732291357517242432e+02,7.140058148617050620e+02
4.754405775070190430e+02,7.140971735932515685e+02
4.774260973930358887e+02,7.143953180643338783e+02
4.794157207012176514e+02,7.145085003408875082e+02
4.816206557750701904e+02,7.142722044829558854e+02
4.838404560089111328e+02,7.138888639333306401e+02
4.860575284957885742e+02,7.143172622920421873e+02
4.882650821208953857e+02,7.145282722266339306e+02
4.904843285083770752e+02,7.145374344256097174e+02
4.927203083038330078e+02,7.136739653905580099e+02
4.947398653030395508e+02,7.142306436843674646e+02
4.970019223690032959e+02,7.145908380547429033e+02
4.990241167545318604e+02,7.146276233472137847e+02
5.012419557571411133e+02,7.140562305583609941e+02
5.034858825206756592e+02,7.140124415864619323e+02
5.057362821102142334e+02,7.144538364845429896e+02
5.079123587608337402e+02,7.145935485166050967e+02
5.101382496356964111e+02,7.139226351990678268e+02
5.124117567539215088e+02,7.136851881974877188e+02
5.146679933071136475e+02,7.143011002347916474e+02
5.169622249603271484e+02,7.145101398849794805e+02
5.192129690647125244e+02,7.138576262728703341e+02
5.214557273387908936e+02,7.136006953602235399e+02
5.235394036769866943e+02,7.142326371491120653e+02
5.258071446418762207e+02,7.145119108820761085e+02
5.281501004695892334e+02,7.142683437254150931e+02
5.304334356784820557e+02,7.136336001201678982e+02
5.325362267494201660e+02,7.141374633283943467e+02
5.348136997222900391e+02,7.144571407848794706e+02
5.370605437755584717e+02,7.145233534337677384e+02
5.393647727966308594e+02,7.136612609887894223e+02
5.416990752220153809e+02,7.140766737945160685e+02
5.440079572200775146e+02,7.145293850539925415e+02
5.463303220272064209e+02,7.145167012013871499e+02
5.484738936424255371e+02,7.136332405375454755e+02
5.508301227092742920e+02,7.141072280147666334e+02
5.531300344467163086e+02,7.144250927845714614e+02
5.552576301097869873e+02,7.143678402888095889e+02
5.576011884212493896e+02,7.137662888508751848e+02
5.597404351234436035e+02,7.140091734216343866e+02
5.620810511112213135e+02,7.143457371698461884e+02
5.643794229030609131e+02,7.143468593905654416e+02
5.667233479022979736e+02,7.140387671207146241e+02
5.690402677059173584e+02,7.138365145979552153e+02
5.713520998954772949e+02,7.143035859445053575e+02
5.737335643768310547e+02,7.145472414901246339e+02
5.760888979434967041e+02,7.138986983293674484e+02
5.784499742984771729e+02,7.138267545790756685e+02
5.806392061710357666e+02,7.143632981878376995e+02
5.830222160816192627e+02,7.144350199392658851e+02
5.853880317211151123e+02,7.141849996062974242e+02
5.875825469493865967e+02,7.139307841857495305e+02
5.899229338169097900e+02,7.142773101708512513e+02
5.922598259449005127e+02,7.143455540302988993e+02
5.946593534946441650e+02,7.140526463282444638e+02
5.970592756271362305e+02,7.138986592736030161e+02
5.994609274864196777e+02,7.142653160207030396e+02
6.037081837654113770e+02,7.140522658604893422e+02
6.061008813381195068e+02,7.139288862538933245e+02
6.084846167564392090e+02,7.140716214005667553e+02
6.109082448482513428e+02,7.142675487926819642e+02
6.133418600559234619e+02,7.140945878269645846e+02
6.157825510501861572e+02,7.138653901422943591e+02
6.181494832038879395e+02,7.144158440701701238e+02
6.203521800041198730e+02,7.143021869438900922e+02
6.225874342918395996e+02,7.140528416192389614e+02
6.248356077671051025e+02,7.139779851766879801e+02
6.270590252876281738e+02,7.141247374083476416e+02
6.294557576179504395e+02,7.141860912028720350e+02
6.318857758045196533e+02,7.139932537554921055e+02
6.341352951526641846e+02,7.138499749495878177e+02
6.365653667449951172e+02,7.141998603393210487e+02
6.387961263656616211e+02,7.142029826349476025e+02
6.412283074855804443e+02,7.139065745258634479e+02
6.434678297042846680e+02,7.138274537294886386e+02
6.457379822731018066e+02,7.141661459183596889e+02
6.481795685291290283e+02,7.140945049498473054e+02
6.506113851070404053e+02,7.139886644295586393e+02
6.528418362140655518e+02,7.139581877076124101e+02
6.553145942687988281e+02,7.141908223339351025e+02
6.575964803695678711e+02,7.141137843300491568e+02
6.600844581127166748e+02,7.139330055042158847e+02
6.623838739395141602e+02,7.138863991645579290e+02
6.646750819683074951e+02,7.141387508884730551e+02
6.671922121047973633e+02,7.140256310878103250e+02
6.694981122016906738e+02,7.140383506771601105e+02
6.719879548549652100e+02,7.140056784747640677e+02
6.744900937080383301e+02,7.140858050104502581e+02
6.769795727729797363e+02,7.140846294044062006e+02
6.794722385406494141e+02,7.139317348193046655e+02
6.819880285263061523e+02,7.140739382452844666e+02
6.843298652172088623e+02,7.142708071553809077e+02
6.866719381809234619e+02,7.138518602867300160e+02
6.891706142425537109e+02,7.140119179842072299e+02
6.917378215789794922e+02,7.139379102455659449e+02
6.940737535953521729e+02,7.141772269128558719e+02
6.966090986728668213e+02,7.139027990120054028e+02
6.991188418865203857e+02,7.139594034342038640e+02
7.016193108558654785e+02,7.139866160134714619e+02
7.041858270168304443e+02,7.140542940449631715e+02
7.067410943508148193e+02,7.139872321026833788e+02
7.092562508583068848e+02,7.139047514383976250e+02
7.116152808666229248e+02,7.141785411627133726e+02
7.141798303127288818e+02,7.140525852791907937e+02
7.167894890308380127e+02,7.139384489726866150e+02
7.193713965415954590e+02,7.140646374648811161e+02
7.219476928710937500e+02,7.140780371254886632e+02
7.245371973514556885e+02,7.141324539386026800e+02
7.271335921287536621e+02,7.139280880124879332e+02
7.294797487258911133e+02,7.140663395252298642e+02
7.320818443298339844e+02,7.141202960607748764e+02
7.346679661273956299e+02,7.139566006365837438e+02
7.372764010429382324e+02,7.139617033013930723e+02
7.398582651615142822e+02,7.140093901385129129e+02
7.424750740528106689e+02,7.141106590903932556e+02
7.450006654262542725e+02,7.140559354892877764e+02
7.475247759819030762e+02,7.140409249590205718e+02
7.499271986484527588e+02,7.141377480217242919e+02
7.525458579063415527e+02,7.141290800632367564e+02
7.551558005809783936e+02,7.139703159962753034e+02
7.577760174274444580e+02,7.140078043111909665e+02
7.603514330387115479e+02,7.141654152720374213e+02
7.628071913719177246e+02,7.140398330958533961e+02
7.654795222282409668e+02,7.141840901390922909e+02
7.681402401924133301e+02,7.141506054979615783e+02
7.705888869762420654e+02,7.141681213663707695e+02
7.732212944030761719e+02,7.141695419116762196e+02
7.758293905258178711e+02,7.142468134440709946e+02
7.783017148971557617e+02,7.142058132185195518e+02
7.809907031059265137e+02,7.142565805537236656e+02
7.836608960628509521e+02,7.143502248502155680e+02
7.861285140514373779e+02,7.142508032049315716e+02
7.885978252887725830e+02,7.142259525650176784e+02
7.912302961349487305e+02,7.145092097961453419e+02
7.939153497219085693e+02,7.142837163435258390e+02
7.964116950035095215e+02,7.142038665378331643e+02
7.991127629280090332e+02,7.142274755586960282e+02
8.017721025943756104e+02,7.143131163873160858e+02
8.044758727550506592e+02,7.142279820760402345e+02
8.071026949882507324e+02,7.141786094071986781e+02
8.097843072414398193e+02,7.143984508599962737e+02
8.124803493022918701e+02,7.142283424217398533e+02
8.151880350112915039e+02,7.142549854217093070e+02
8.179216403961181641e+02,7.142550974947278064e+02
8.204494047164916992e+02,7.143474782069839648e+02
8.229521296024322510e+02,7.142803371078761074e+02
8.256593124866485596e+02,7.142423553713811089e+02
8.284146521091461182e+02,7.144791002420532777e+02
8.312128827571868896e+02,7.144672839745438750e+02
8.339066026210784912e+02,7.142775144128420379e+02
8.366699233055114746e+02,7.142534152436815020e+02
8.394251406192779541e+02,7.144002316996244417e+02
8.421893074512481689e+02,7.142078351495421202e+02
8.447580924034118652e+02,7.142277457760644666e+02
8.475307023525238037e+02,7.145608673574660088e+02
8.503146078586578369e+02,7.144110507929433425e+02
8.528815310001373291e+02,7.142159836189775888e+02
8.556561350822448730e+02,7.146483890767161711e+02
8.584760787487030029e+02,7.146465854132788991e+02
8.612820081710815430e+02,7.144019210881781419e+02
8.640378279685974121e+02,7.143429760417835723e+02
8.667865078449249268e+02,7.145063516016550693e+02
8.693944103717803955e+02,7.143839150235622810e+02
8.721946473121643066e+02,7.142818493638648079e+02
8.749650380611419678e+02,7.145901260046273364e+02
8.777716162204742432e+02,7.146261126201674188e+02
8.803913800716400146e+02,7.144441522836416425e+02
8.831955986022949219e+02,7.143674899855285503e+02
8.858251011371612549e+02,7.146741532956983747e+02
8.886920473575592041e+02,7.145049720399244961e+02
8.915099735260009766e+02,7.144243633511397320e+02
8.943256759643554688e+02,7.145962470991837563e+02
8.972051618099212646e+02,7.145470976775741292e+02
9.000540289878845215e+02,7.143357102154427594e+02
9.054781072139739990e+02,7.145833759654533424e+02
9.083694732189178467e+02,7.144577473657541304e+02
9.110619432926177979e+02,7.145612757270965858e+02
9.136845207214355469e+02,7.149532681685187754e+02
9.165279011726379395e+02,7.147384177276109085e+02
9.194047281742095947e+02,7.143473029247206796e+02
9.220881283283233643e+02,7.148610155917176598e+02
9.249341921806335449e+02,7.148021150590233219e+02
9.277514984607696533e+02,7.144739353897199408e+02
9.304299318790435791e+02,7.148473224887102333e+02
9.333520784378051758e+02,7.149444835991835134e+02
9.360555098056793213e+02,7.145754248438927334e+02
9.387703790664672852e+02,7.144615750665166161e+02
9.417270405292510986e+02,7.149561853073030306e+02
9.444257624149322510e+02,7.147422297491536938e+02
9.473675613403320312e+02,7.144788231522212527e+02
9.500993623733520508e+02,7.148057155908549021e+02
9.529973990917205811e+02,7.149006160174055822e+02
9.557557210922241211e+02,7.145385488721165075e+02
9.587060883045196533e+02,7.149435682207372338e+02
9.616758384704589844e+02,7.149201340247825556e+02
9.646201515197753906e+02,7.145891764725639632e+02
9.675522363185882568e+02,7.146024372460253744e+02
9.703021509647369385e+02,7.148853317859991421e+02
9.732607305049896240e+02,7.145879480939120185e+02
9.760603795051574707e+02,7.145054184343832731e+02
9.790146079063415527e+02,7.149083381121068896e+02
9.820472996234893799e+02,7.147705626468817854e+02
9.848343708515167236e+02,7.145449594815659111e+02
9.877274136543273926e+02,7.150089619963006271e+02
9.906860642433166504e+02,7.148906450713255936e+02
9.936543297767639160e+02,7.145034430390859370e+02
9.966913404464721680e+02,7.148725036411502742e+02
9.996894915103912354e+02,7.149581212349970656e+02
1.002688320636749268e+03,7.145699962867407748e+02
1.005712251424789429e+03,7.149991945192592766e+02
1.008715942621231079e+03,7.149981503999222241e+02
1.011715451002120972e+03,7.145987187201329789e+02
1.014722195148468018e+03,7.150042301995231355e+02
1.017725100994110107e+03,7.149009606523173943e+02
1.020527343511581421e+03,7.146461649303333843e+02
1.023564786672592163e+03,7.146574021773922141e+02
1.026605846643447876e+03,7.150245893377681341e+02
1.029411393404006958e+03,7.145965849584146099e+02
1.032480560541152954e+03,7.145050342133903314e+02
1.035344228029251099e+03,7.150355302413919389e+02
1.038219793558120728e+03,7.147682367811179347e+02
1.041269283056259155e+03,7.145320936207251634e+02
1.044351827383041382e+03,7.150438594059269235e+02
1.047339922904968262e+03,7.146821295882770073e+02
1.050371823549270630e+03,7.145378090684718018e+02
1.053258311271667480e+03,7.149841794514383082e+02
1.056354498624801636e+03,7.147179984208099768e+02
1.059445865154266357e+03,7.144712100922674836e+02
1.062365458250045776e+03,7.150187607917636115e+02
1.065278994321823120e+03,7.147713560514390565e+02
1.068414976835250854e+03,7.143776923344366878e+02
1.071529286861419678e+03,7.148999551649708337e+02
1.074626087427139282e+03,7.148326075750372866e+02
1.077774901390075684e+03,7.144455351654941069e+02
1.080900538921356201e+03,7.149376087208961508e+02
1.083852260112762451e+03,7.149317344453356782e+02
1.086810650110244751e+03,7.143990347177270905e+02
1.089935543775558472e+03,7.149480154263533223e+02
1.092890354633331299e+03,7.147945434001426293e+02
1.096052067279815674e+03,7.143548826772008624e+02
1.099227888107299805e+03,7.149756771520428629e+02
1.102169016122817993e+03,7.149505760813390225e+02
1.105149452686309814e+03,7.145022070121183333e+02
1.108097896099090576e+03,7.132750673270926427e+02
1.111253527164459229e+03,7.132664478637694856e+02
1.114250539779663086e+03,7.128389716474764555e+02
1.117245536327362061e+03,7.133361798669624250e+02
1.120439474582672119e+03,7.133559473932220953e+02
1.123454148054122925e+03,7.129266347051287767e+02
1.126705990791320801e+03,7.132385690333924231e+02
1.129951366901397705e+03,7.133813364775040782e+02
1.132965944528579712e+03,7.129203493456232081e+02
1.136003754615783691e+03,7.133355307111326056e+02
1.139220566272735596e+03,7.133585499266353054e+02
1.142483633518218994e+03,7.129677841288313402e+02
1.145729519367218018e+03,7.133222011772179485e+02
1.149007600545883179e+03,7.133552972558569536e+02
1.152272248506546021e+03,7.128935366912907057e+02
1.155567199945449829e+03,7.132937382492316374e+02
1.158825853109359741e+03,7.131974722681788990e+02
1.161889276027679443e+03,7.129204564009269234e+02
1.165199476003646851e+03,7.132400992832416478e+02
1.168439328432083130e+03,7.132528846745235569e+02
1.171481006860733032e+03,7.128681318937115066e+02
1.174739454984664917e+03,7.132578281783369221e+02
1.177976012468338013e+03,7.132287188617765423e+02
1.181044986009597778e+03,7.127697898844783140e+02
1.184308257579803467e+03,7.132734778202104735e+02
1.187608248472213745e+03,7.131388840632183701e+02
1.190930793285369873e+03,7.128977141561276767e+02
1.194239280700683594e+03,7.133139938312870072e+02
1.197587952375411987e+03,7.130287294312996664e+02
1.200716012477874756e+03,7.129256125206328534e+02
1.207799315452575684e+03,7.133022169692488887e+02
1.210961475372314453e+03,7.132205088256617955e+02
1.214111192464828491e+03,7.131228455283765015e+02
1.217257829427719116e+03,7.127592056097142859e+02
1.220339809179306030e+03,7.132019333757250479e+02
1.223683578014373779e+03,7.131674121427007549e+02
1.226985139846801758e+03,7.128046675009805995e+02
1.230153391361236572e+03,7.131995745153722055e+02
1.233482198953628540e+03,7.131526551601074289e+02
1.236867932319641113e+03,7.127653408950545781e+02
1.240253814458847046e+03,7.131042263916891670e+02
1.243650544881820679e+03,7.130166464125900347e+02
1.247013297319412231e+03,7.127716466801755359e+02
1.250371535301208496e+03,7.131794205523309529e+02
1.253560803651809692e+03,7.129422389422680908e+02
1.256912304401397705e+03,7.127354982313690925e+02
1.260302226066589355e+03,7.132111833716459159e+02
1.263715478181838989e+03,7.127880975526112479e+02
1.267140123605728149e+03,7.132042037759612185e+02
1.270369300127029419e+03,7.130964156332229322e+02
1.273799547672271729e+03,7.127746792126501987e+02
1.277269963264465332e+03,7.131858765616625533e+02
1.280526639223098755e+03,7.131023449138507431e+02
1.283938570022583008e+03,7.128795541119837935e+02
1.287283641099929810e+03,7.131720477960842572e+02
1.290743911504745483e+03,7.129795096736714868e+02
1.294010663270950317e+03,7.127915289506378258e+02
1.297428128004074097e+03,7.131091288915234827e+02
1.300890554666519165e+03,7.128559595454216833e+02
1.304178193807601929e+03,7.131544258897614554e+02
1.307483885765075684e+03,7.130931963141437109e+02
1.310740176439285278e+03,7.128602253480783020e+02
1.314198264598846436e+03,7.131809002210121662e+02
1.317512170553207397e+03,7.130696885093032051e+02
1.320803150415420532e+03,7.129463312972011408e+02
1.324319771289825439e+03,7.131505590096228389e+02
1.327831753492355347e+03,7.130221284680328608e+02
1.331174608707427979e+03,7.128408320657783861e+02
1.334704170942306519e+03,7.131261791364681812e+02
1.337989695787429810e+03,7.129457223807281707e+02
1.341512840986251831e+03,7.129723651809524654e+02
1.345024987459182739e+03,7.131212355301474872e+02
1.348332172155380249e+03,7.128442801274845806e+02
1.351914748668670654e+03,7.131644087745423803e+02
1.355479487657546997e+03,7.130364517211251041e+02
1.358828678607940674e+03,7.128960273964841008e+02
1.362413975477218628e+03,7.131544685584482295e+02
1.365991825103759766e+03,7.129288572208841970e+02
1.369553988456726074e+03,7.129977531767094661e+02
1.372959984540939331e+03,7.131144904426571429e+02
1.376338176488876343e+03,7.128712678964451470e+02
1.379966086387634277e+03,7.132520771487646698e+02
1.383569882154464722e+03,7.130846125971526135e+02
1.387183586835861206e+03,7.128772929260657065e+02
1.390602049589157104e+03,7.130462846514122930e+02
1.394034816741943359e+03,7.129927836697978591e+02
1.397673838615417480e+03,7.131314634544269211e+02
1.401113276720046997e+03,7.131592818544762622e+02
1.404543641567230225e+03,7.130057561390482306e+02
1.407964144706726074e+03,7.132864238939555435e+02
1.411564971685409546e+03,7.131107401418582867e+02
1.415175036191940308e+03,7.130487739767402218e+02
1.418651622533798218e+03,7.131037160873690937e+02
1.422320274353027344e+03,7.130521344160944182e+02
1.426001770973205566e+03,7.131537646053607205e+02
1.429463749170303345e+03,7.130249501072046314e+02
1.432954546928405762e+03,7.132201293932561157e+02
1.436445730686187744e+03,7.131374999208019290e+02
1.439970364332199097e+03,7.132164759388226685e+02
1.443685757398605347e+03,7.132889703243205304e+02
1.447410463094711304e+03,7.130945417188688680e+02
1.451163909673690796e+03,7.129751619365009674e+02
1.454667921304702759e+03,7.130343732477055028e+02
1.458393303871154785e+03,7.132610835990900569e+02
1.461930310726165771e+03,7.131527516734552137e+02
1.465461898803710938e+03,7.131287389555737946e+02
1.469030393838882446e+03,7.132280355513404402e+02
1.472785646200180054e+03,7.133654103794279990e+02
1.476569392442703247e+03,7.131911437684377688e+02
1.480105627536773682e+03,7.131356307274583060e+02
1.483699695825576782e+03,7.131311517856274804e+02
1.487486146688461304e+03,7.132758585097121795e+02
1.491051818370819092e+03,7.132584139435086854e+02
1.494644819736480713e+03,7.132156157584190623e+02
1.498435605764389038e+03,7.133094806437621855e+02
1.507014171361923218e+03,7.141826318651826568e+02
1.510608234167098999e+03,7.137042074060173036e+02
1.514389882087707520e+03,7.136649828152615100e+02
1.518211663246154785e+03,7.135008904483212291e+02
1.522043791770935059e+03,7.131721514239584394e+02
1.525699274778366089e+03,7.132804767169952811e+02
1.529544902563095093e+03,7.133289677516069105e+02
1.533204259395599365e+03,7.133184292296228932e+02
1.537051619052886963e+03,7.134229270500321718e+02
1.540687799692153931e+03,7.131713200311478431e+02
1.544338202476501465e+03,7.135246113465904045e+02
1.548269921541213989e+03,7.134610827757936704e+02
1.552139794826507568e+03,7.132999559505522029e+02
1.556030092239379883e+03,7.133782279147400232e+02
1.559916533708572388e+03,7.132444942365009410e+02
1.563555865764617920e+03,7.133218701129025021e+02
1.567253731966018677e+03,7.133015828242915859e+02
1.571173929452896118e+03,7.134326321291342765e+02
1.574915925979614258e+03,7.133364223664306110e+02
1.578804944276809692e+03,7.133962877142018897e+02
1.582559940338134766e+03,7.133883139617703364e+02
1.586544553041458130e+03,7.132843622261096925e+02
1.590281653165817261e+03,7.133930280268624529e+02
1.594225430488586426e+03,7.135680373335258082e+02
1.597995949745178223e+03,7.133962843378823209e+02
1.601749926805496216e+03,7.135308159247988442e+02
1.605524980783462524e+03,7.134661091050863888e+02
1.609464722394943237e+03,7.136911364796312682e+02
1.613433354377746582e+03,7.134087780585915652e+02
1.617384781122207642e+03,7.134008914693795305e+02
1.621409466743469238e+03,7.134015110726942339e+02
1.625402703046798706e+03,7.132135785072279077e+02
1.629358568429946899e+03,7.132314145830702046e+02
1.633373885631561279e+03,7.130990574378571409e+02
1.637401642322540283e+03,7.133476085183390296e+02
1.641437720060348511e+03,7.133049421326484207e+02
1.645492133617401123e+03,7.132830087532757943e+02
1.649544109106063843e+03,7.133939510647846873e+02
1.653566122770309448e+03,7.131084939829514724e+02
1.657615752220153809e+03,7.134313382233953007e+02
1.661703759431838989e+03,7.131865473466268668e+02
1.665719985008239746e+03,7.133743717782542717e+02
1.669799451112747192e+03,7.133892767751063957e+02
1.673626097679138184e+03,7.133943228192723609e+02
1.677688009738922119e+03,7.135919697556375922e+02
1.681780508995056152e+03,7.134172072694778990e+02
1.685855107784271240e+03,7.135725397158090573e+02
1.689935904741287231e+03,7.132329884861873097e+02
1.694009495019912720e+03,7.134391514570128265e+02
1.698140520095825195e+03,7.133784037171878936e+02
1.702266049146652222e+03,7.134345004892383031e+02
1.706352990627288818e+03,7.132934862754902952e+02
1.710468702316284180e+03,7.134644271283374337e+02
1.714331596136093140e+03,7.133910640832492618e+02
1.718299309730529785e+03,7.133662953134240752e+02
1.722474615573883057e+03,7.136717778412057669e+02
1.726584492444992065e+03,7.135173248301333615e+02
1.730727909803390503e+03,7.135516665148426227e+02
1.734703155517578125e+03,7.134834340559250450e+02
1.738910616636276245e+03,7.137008430349561650e+02
1.743089623928070068e+03,7.135576043473359960e+02
1.747268192291259766e+03,7.134582540768784611e+02
1.751431547164916992e+03,7.134791802123922935e+02
1.755441927671432495e+03,7.132625332215161507e+02
1.759621611595153809e+03,7.136734224900018262e+02
1.763823134660720825e+03,7.134846039218614351e+02
1.767780670881271362e+03,7.137645294977949106e+02
1.771906140804290771e+03,7.137319457403788192e+02
1.775924197196960449e+03,7.136160619421228830e+02
1.780201424121856689e+03,7.137355438372450180e+02
1.784423824548721313e+03,7.136270635298935758e+02
1.788719297409057617e+03,7.136345192742392101e+02
1.792974689483642578e+03,7.134999334535045818e+02
1.797230128765106201e+03,7.135464396819302237e+02
1.801472701311111450e+03,7.133476475714847993e+02
1.811167201280593872e+03,7.146246053342023288e+02
1.815246079921722412e+03,7.142561768869336447e+02
1.819497155904769897e+03,7.141912194301405634e+02
1.823785227775573730e+03,7.138858846440992920e+02
1.828003849029541016e+03,7.139467281505758365e+02
1.832076155900955200e+03,7.137154852268178047e+02
1.836348178625106812e+03,7.139461437162740367e+02
1.840651172637939453e+03,7.137886028784757855e+02
1.845001720428466797e+03,7.138407633658459872e+02
1.849353562116622925e+03,7.134725498818498863e+02
1.853676876783370972e+03,7.137884974418620914e+02
1.858013308525085449e+03,7.133960476970835316e+02
1.862142530918121338e+03,7.137079091744532207e+02
1.866502172231674194e+03,7.136795264046487546e+02
1.870834378004074097e+03,7.137646536216143431e+02
1.875147890567779541e+03,7.137353161845819614e+02
1.879530088424682617e+03,7.138559725714687829e+02
1.883739445209503174e+03,7.137934486198317927e+02
1.888083268404006958e+03,7.142044722371585976e+02
1.892275599479675293e+03,7.139819196902677731e+02
1.896654982089996338e+03,7.140695928970227442e+02
1.901064431428909302e+03,7.139122613765787264e+02
1.905280578613281250e+03,7.137219206997158381e+02
1.909508262872695923e+03,7.140842004959397400e+02
1.913935130834579468e+03,7.136422696918989459e+02
1.918313308954238892e+03,7.140188734949673517e+02
1.922748191356658936e+03,7.136204904016860837e+02
1.927220362663269043e+03,7.139372658066388340e+02
1.931640422582626343e+03,7.138945697674515714e+02
1.935924348115921021e+03,7.139722478761419779e+02
1.940348252534866333e+03,7.140613055900377049e+02
1.944829262256622314e+03,7.140550414549550169e+02
1.949121374607086182e+03,7.139496238783128774e+02
1.953601696491241455e+03,7.141317760566131483e+02
1.958125846147537231e+03,7.138976430567408897e+02
1.962609439373016357e+03,7.140089945786195358e+02
1.967100256443023682e+03,7.139952056628746959e+02
1.971563326120376587e+03,7.139106370743894558e+02
1.976074609518051147e+03,7.140649151241783557e+02
1.980543339252471924e+03,7.139468179326407835e+02
1.984847931385040283e+03,7.140543433442222749e+02
1.989380247592926025e+03,7.139748516037324180e+02
1.993915233135223389e+03,7.140732120638757578e+02
1.998504606246948242e+03,7.137710746964799000e+02
2.002866143226623535e+03,7.140962918358370644e+02
2.007153362035751343e+03,7.141004838741987442e+02
2.011679966926574707e+03,7.143237846433979712e+02
2.016075801849365234e+03,7.140210830898357699e+02
2.020650332689285278e+03,7.144001230963881426e+02
2.025245613098144531e+03,7.143332413778809951e+02
2.029832111358642578e+03,7.142847161084811205e+02
2.034407639980316162e+03,7.142143014472575260e+02
2.038814141750335693e+03,7.142634418092085298e+02
2.043450499773025513e+03,7.144379876636935478e+02
2.047873726606369019e+03,7.143169339154666204e+02
2.052485297203063965e+03,7.144084740004847163e+02
2.057058095216751099e+03,7.142215442297223262e+02
2.061513219833374023e+03,7.142363194948235332e+02
2.066124618291854858e+03,7.144269237986278540e+02
2.070539705991744995e+03,7.143783241281181517e+02
2.075210265636444092e+03,7.144250969514312146e+02
2.079904080390930176e+03,7.142656123491914286e+02
2.084563003540039062e+03,7.142424596178275351e+02
2.089224915981292725e+03,7.143112684595936344e+02
2.093909798622131348e+03,7.142813369777529715e+02
2.098645450115203857e+03,7.143670500146224640e+02
2.109631934881210327e+03,7.147862227918525377e+02
2.114374411344528198e+03,7.147744135443310824e+02
2.119047200202941895e+03,7.144265375379693523e+02
2.123751933574676514e+03,7.146302610124344028e+02
2.128244535207748413e+03,7.142639016390754705e+02
2.132907910585403442e+03,7.146813609382650156e+02
2.137621391534805298e+03,7.144458261250623536e+02
2.142168087005615234e+03,7.145678260831102762e+02
2.146719008207321167e+03,7.144191052026288844e+02
2.151440347671508789e+03,7.146675868686429567e+02
2.156190543889999390e+03,7.144640511461885808e+02
2.160961282014846802e+03,7.145262237240706327e+02
2.165508691072463989e+03,7.143534207885469414e+02
2.170086483001708984e+03,7.146973902775297347e+02
2.174635575771331787e+03,7.146023089724106967e+02
2.179380363225936890e+03,7.147323059471694933e+02
2.183955812215805054e+03,7.144545389875745514e+02
2.188743214130401611e+03,7.147221550045320555e+02
2.193508671522140503e+03,7.144572714338466994e+02
2.198333732128143311e+03,7.146599143023780698e+02
2.203141633749008179e+03,7.142733946461158894e+02
2.207937983751296997e+03,7.145655417355881127e+02
2.212595502614974976e+03,7.140053217841390278e+02
2.217393175363540649e+03,7.146790866286589790e+02
2.222017358779907227e+03,7.141022238794486157e+02
2.226802056312561035e+03,7.147430666894283604e+02
2.231480097770690918e+03,7.141690572707310594e+02
2.236088805675506592e+03,7.147232383641880915e+02
2.240941037416458130e+03,7.142120170129080634e+02
2.245772157192230225e+03,7.147208200827606106e+02
2.250696468353271484e+03,7.141970826610787526e+02
2.255518299341201782e+03,7.146789742442400666e+02
2.260210126638412476e+03,7.141536856631951196e+02
2.265132159471511841e+03,7.146840601212502406e+02
2.270010032176971436e+03,7.143011353049945455e+02
2.274930358648300171e+03,7.146765490203937361e+02
2.279633627891540527e+03,7.143644738223671311e+02
2.284384271383285522e+03,7.147063187741348429e+02
2.289105351924896240e+03,7.144723666256147681e+02
2.294061354160308838e+03,7.146756709064561619e+02
2.298835819959640503e+03,7.145399919773157080e+02
2.303784473657608032e+03,7.146689352260088981e+02
2.308715063333511353e+03,7.147769040924172259e+02
2.313463329553604126e+03,7.146428777536987127e+02
2.318254921197891235e+03,7.146719737783682831e+02
2.323025047302246094e+03,7.146757257406508188e+02
2.327807838678359985e+03,7.146847488767572258e+02
2.332797463417053223e+03,7.146691197240912743e+02
2.337751622200012207e+03,7.146075275028535998e+02
2.342723265409469604e+03,7.145918620158703334e+02
2.347795982360839844e+03,7.147015501884181958e+02
2.352805659532546997e+03,7.142944768021866366e+02
2.357661435365676880e+03,7.147062972818577009e+02
2.362510619640350342e+03,7.142237340483476373e+02
2.367522498130798340e+03,7.146485371064362653e+02
2.372359276533126831e+03,7.143115237834463187e+02
2.377437992811203003e+03,7.146538658173296881e+02
2.382535700082778931e+03,7.144152122336334969e+02
2.387612031221389771e+03,7.146552849118627364e+02
2.392466466188430786e+03,7.145545414103170287e+02
2.397561737298965454e+03,7.146250368321041151e+02
2.410020070314407349e+03,7.145001474632985037e+02
2.414969450712203979e+03,7.147059824320408552e+02
2.419915634870529175e+03,7.145224926684477396e+02
2.425054047346115112e+03,7.147286556013576728e+02
2.429980031490325928e+03,7.145748516288508654e+02
2.435132373809814453e+03,7.147060757798398072e+02
2.440258048772811890e+03,7.146905630175479018e+02
2.445407917261123657e+03,7.145236352925011261e+02
2.450370340108871460e+03,7.146431301725485810e+02
2.455578316926956177e+03,7.145099514899352471e+02
2.460581237554550171e+03,7.147197434836565435e+02
2.465760804414749146e+03,7.143420748976316190e+02
2.470758130550384521e+03,7.146900128773561391e+02
2.475943902492523193e+03,7.143880551864988320e+02
2.481175496339797974e+03,7.146948241001684892e+02
2.486212185382843018e+03,7.145438651495139766e+02
2.491371610403060913e+03,7.146149017558583409e+02
2.496399819135665894e+03,7.146811177182473784e+02
2.501447835922241211e+03,7.144756867542704413e+02
2.506743092536926270e+03,7.147143954694518015e+02
2.511955010890960693e+03,7.142819403507866127e+02
2.517011614322662354e+03,7.146721106870588756e+02
2.522291167497634888e+03,7.144206903608621815e+02
2.527526128768920898e+03,7.144919575961532701e+02
2.532595196485519409e+03,7.145220871291119238e+02
2.537872962474822998e+03,7.146112819553779900e+02
2.543177994728088379e+03,7.146553469102223062e+02
2.548440684080123901e+03,7.145105734472112999e+02
2.553513219356536865e+03,7.146495156932505779e+02
2.558600081682205200e+03,7.142872178597793891e+02
2.563944807052612305e+03,7.146038543822787688e+02
2.569319416046142578e+03,7.143683100305009930e+02
2.574487226247787476e+03,7.145857895646225870e+02
2.579781620740890503e+03,7.144682535450079968e+02
2.585089982271194458e+03,7.145665433775551492e+02
2.590470269918441772e+03,7.145884992346600484e+02
2.595624474048614502e+03,7.144312283197629085e+02
2.600810345411300659e+03,7.146393447539239787e+02
2.606225010156631470e+03,7.143600578620804527e+02
2.611561535596847534e+03,7.144810379012521935e+02
2.616722006320953369e+03,7.144791866428574849e+02
2.622109445571899414e+03,7.145497262327297676e+02
2.627344530820846558e+03,7.146476242060530240e+02
2.632709285497665405e+03,7.145738795225975082e+02
2.638135635137557983e+03,7.145440435580156873e+02
2.643371569633483887e+03,7.142346328908438409e+02
2.648601603031158447e+03,7.144476560481817842e+02
2.654040450572967529e+03,7.144678894943559726e+02
2.659275074481964111e+03,7.145257033570960630e+02
2.664779376268386841e+03,7.146084532426408487e+02
2.670262305259704590e+03,7.144994944886362873e+02
2.675761634111404419e+03,7.145539327549632844e+02
2.681251560211181641e+03,7.142862746106958411e+02
2.686797992706298828e+03,7.145161290204800935e+02
2.692052603960037231e+03,7.145400883406310868e+02
2.697330960750579834e+03,7.144532251659750273e+02
2.710809450149536133e+03,7.146031685723605733e+02
2.716345444679260254e+03,7.144875478241362998e+02
2.721842093706130981e+03,7.145679781019830443e+02
2.727049254417419434e+03,7.142254412947587525e+02
2.732549222707748413e+03,7.144573373444706021e+02
2.738097864627838135e+03,7.143912522366366602e+02
2.743623894929885864e+03,7.145315645977233316e+02
2.749175571918487549e+03,7.145384581304216454e+02
2.754696125984191895e+03,7.144209371805559385e+02
2.760245651721954346e+03,7.144554837294368781e+02
2.765822126865386963e+03,7.143070462215048337e+02
2.771391690969467163e+03,7.144848569725787684e+02
2.776809734106063843e+03,7.145435457597924369e+02
2.782190353155136108e+03,7.143472426877806356e+02
2.787566955089569092e+03,7.144019679051532421e+02
2.793175992012023926e+03,7.142794378221035458e+02
2.798783975362777710e+03,7.144445021502882582e+02
2.804373956203460693e+03,7.145149859592272605e+02
2.810017170667648315e+03,7.143474989296454396e+02
2.815638450384140015e+03,7.144990341899028863e+02
2.821283309459686279e+03,7.141739154477550073e+02
2.826990100622177124e+03,7.144342856770869048e+02
2.832689328670501709e+03,7.144419360806112991e+02
2.838324044227600098e+03,7.144498911766787614e+02
2.844033253669738770e+03,7.144125572366608594e+02
2.849732579231262207e+03,7.143114217426850701e+02
2.855388271808624268e+03,7.144468585833884617e+02
2.861125223875045776e+03,7.144945842536002374e+02
2.866862663507461548e+03,7.143837664261423015e+02
2.872370365619659424e+03,7.143891262480540263e+02
2.877924302577972412e+03,7.143312366701420615e+02
2.883683266878128052e+03,7.143223978204925970e+02
2.889449909210205078e+03,7.144499391374461084e+02
2.895209589719772339e+03,7.141493824399545929e+02
2.900994484186172485e+03,7.143490125706734943e+02
2.906744481563568115e+03,7.143261537655417897e+02
2.912305983781814575e+03,7.143105517104639830e+02
2.918070190906524658e+03,7.143821819041617118e+02
2.923864875078201294e+03,7.142148440521857538e+02
2.929435720205307007e+03,7.143401739470662051e+02
2.935255047321319580e+03,7.144369640358964944e+02
2.941072099208831787e+03,7.142356752759893652e+02
2.946693888664245605e+03,7.144042359996462892e+02
2.952486147880554199e+03,7.142862940219320080e+02
2.958269767761230469e+03,7.142672062203782843e+02
2.963949393033981323e+03,7.143897665091169529e+02
2.969847245454788208e+03,7.142450441647255275e+02
2.975537648677825928e+03,7.143536795301210987e+02
2.981364588975906372e+03,7.143752436206374341e+02
2.987064468145370483e+03,7.144086459746637274e+02
2.992949507236480713e+03,7.144196852330062484e+02
2.998799810886383057e+03,7.142710607570716093e+02
3.013585679054260254e+03,7.147319115769454356e+02
3.019500773668289185e+03,7.145009497755354460e+02
3.025440332174301147e+03,7.144024958287793652e+02
3.031206051111221313e+03,7.143110676900487306e+02
3.037101659536361694e+03,7.142600852955721393e+02
3.043080030441284180e+03,7.143696161698970855e+02
3.049021193027496338e+03,7.143542771500596018e+02
3.054953519821166992e+03,7.141457337891332600e+02
3.060734829425811768e+03,7.142779844091606947e+02
3.066534696340560913e+03,7.143745009131139341e+02
3.072317853450775146e+03,7.143377254806538303e+02
3.078324798822402954e+03,7.143879043584510100e+02
3.084324973106384277e+03,7.143782089917498297e+02
3.090334341526031494e+03,7.143781806484793151e+02
3.096390466928482056e+03,7.143430818293601305e+02
3.102187602281570435e+03,7.141991805587579165e+02
3.108043749332427979e+03,7.142961506871318988e+02
3.114066478252410889e+03,7.143309682824940410e+02
3.119893372535705566e+03,7.141163348930933807e+02
3.125922074556350708e+03,7.143348466638308309e+02
3.131775122165679932e+03,7.143401956323680224e+02
3.137656043767929077e+03,7.142268947153122554e+02
3.143703272819519043e+03,7.143071153481005240e+02
3.149784093379974365e+03,7.142932762825574855e+02
3.155874765157699585e+03,7.142661758927220035e+02
3.161796655893325806e+03,7.143088705831623884e+02
3.167676969289779663e+03,7.142368911623661916e+02
3.173559414148330688e+03,7.143320810693074918e+02
3.179671090602874756e+03,7.143199613105333583e+02
3.185783241271972656e+03,7.142273285526209747e+02
3.191935604810714722e+03,7.143053606595615292e+02
3.197994353294372559e+03,7.143808380460150147e+02
3.203937780141830444e+03,7.140831938183158627e+02
3.209921989679336548e+03,7.143086501480892139e+02
3.216115907430648804e+03,7.143111314156902836e+02
3.222350099086761475e+03,7.142531169958225519e+02
3.228359984159469604e+03,7.142753594143227929e+02
3.234561512708663940e+03,7.143643068560154461e+02
3.240767747879028320e+03,7.143794073515318814e+02
3.247021731853485107e+03,7.143399818212260470e+02
3.253259760141372681e+03,7.142776790732590371e+02
3.259495509386062622e+03,7.143600999443521005e+02
3.265760108470916748e+03,7.142844876270930854e+02
3.272012501001358032e+03,7.143119094478522584e+02
3.278251236677169800e+03,7.142898949459164442e+02
3.284318171501159668e+03,7.142953974856081913e+02
3.290574597597122192e+03,7.143779387636923275e+02
3.296850067615509033e+03,7.143948228517347161e+02
3.312574430942535400e+03,7.146473774934420362e+02
3.318659923315048218e+03,7.144395156447916406e+02
3.324960272550582886e+03,7.144594230150840986e+02
3.331058276891708374e+03,7.143096243674846164e+02
3.337342084884643555e+03,7.144375899929099205e+02
3.343464517354965210e+03,7.143504239932573228e+02
3.349825831651687622e+03,7.143910942232903380e+02
3.355989296197891235e+03,7.143805436362129058e+02
3.362122245073318481e+03,7.143720144570214643e+02
3.368522230148315430e+03,7.144223145319995183e+02
3.374854393720626831e+03,7.143782738640971957e+02
3.381024345636367798e+03,7.142635534440851188e+02
3.387296827793121338e+03,7.143864680293148695e+02
3.393456330299377441e+03,7.143991706497333780e+02
3.399600122928619385e+03,7.144039774822877007e+02
3.405782420635223389e+03,7.144508403754068695e+02
3.411948541402816772e+03,7.144419197050007142e+02
3.418147199392318726e+03,7.143944849747050512e+02
3.424565480947494507e+03,7.144187060194697096e+02
3.430812073230743408e+03,7.143661310302702532e+02
3.437279864549636841e+03,7.143365038737978239e+02
3.443760329723358154e+03,7.143414233399896602e+02
3.450261853933334351e+03,7.143578296893464312e+02
3.456525777816772461e+03,7.142574363825733599e+02
3.463011695623397827e+03,7.142757074741469978e+02
3.469466074705123901e+03,7.143156955625420323e+02
3.505292104482650757e+03,7.147443173876524725e+02
3.511795814037322998e+03,7.145451297309006122e+02
3.518370484352111816e+03,7.144005827226338852e+02
3.524886154651641846e+03,7.144003404351930158e+02
3.531195709943771362e+03,7.143587194750216440e+02
3.537749465703964233e+03,7.143877662809755975e+02
3.544120832681655884e+03,7.143716878894916817e+02
3.550412327289581299e+03,7.144502411468539549e+02
3.556946122646331787e+03,7.144527725409301411e+02
3.563290324687957764e+03,7.142947423163512894e+02
3.569688257217407227e+03,7.144814282894357120e+02
3.576101585626602173e+03,7.143050268878337192e+02
3.582720278739929199e+03,7.144613108775496357e+02
3.589129828214645386e+03,7.143789723388819084e+02
3.595744382619857788e+03,7.144080158986045035e+02
