2.298200000000000000e+04
3.012200000000000000e+04
2.540300000000000000e+04
3.409800000000000000e+04
6.199800000000000000e+04
1.595010000000000000e+05
3.664500000000000000e+05
4.849080000000000000e+05
3.444720000000000000e+05
1.306850000000000000e+05
5.025400000000000000e+04
4.267400000000000000e+04
3.052200000000000000e+04
5.839900000000000000e+04
1.124260000000000000e+05
2.116880000000000000e+05
3.749200000000000000e+05
3.939920000000000000e+05
1.983970000000000000e+05
6.424400000000000000e+04
4.997300000000000000e+04
3.320500000000000000e+04
4.770200000000000000e+04
8.608800000000000000e+04
1.597570000000000000e+05
3.881860000000000000e+05
5.587340000000000000e+05
4.078070000000000000e+05
1.490550000000000000e+05
4.553600000000000000e+04
3.417800000000000000e+04
3.624500000000000000e+04
4.734900000000000000e+04
7.624700000000000000e+04
1.688960000000000000e+05
2.578470000000000000e+05
2.202330000000000000e+05
1.036510000000000000e+05
3.637900000000000000e+04
2.744000000000000000e+04
2.989200000000000000e+04
3.648500000000000000e+04
6.270200000000000000e+04
1.304870000000000000e+05
2.651200000000000000e+05
3.395190000000000000e+05
2.341040000000000000e+05
8.653700000000000000e+04
3.236500000000000000e+04
2.180300000000000000e+04
2.483100000000000000e+04
3.792700000000000000e+04
6.197900000000000000e+04
1.497450000000000000e+05
2.126830000000000000e+05
1.521240000000000000e+05
9.050600000000000000e+04
7.258900000000000000e+04
3.907900000000000000e+04
4.084800000000000000e+04
6.286300000000000000e+04
4.799800000000000000e+04
8.613700000000000000e+04
1.444990000000000000e+05
1.733510000000000000e+05
3.234980000000000000e+05
4.462330000000000000e+05
2.862270000000000000e+05
1.024560000000000000e+05
7.784000000000000000e+04
5.063500000000000000e+04
5.701700000000000000e+04
1.416790000000000000e+05
2.895240000000000000e+05
4.729450000000000000e+05
4.371080000000000000e+05
1.814170000000000000e+05
7.203600000000000000e+04
6.955400000000000000e+04
3.663000000000000000e+04
5.330100000000000000e+04
8.472900000000000000e+04
1.999280000000000000e+05
4.322280000000000000e+05
4.648770000000000000e+05
2.339530000000000000e+05
6.524000000000000000e+04
3.351200000000000000e+04
2.561200000000000000e+04
2.834700000000000000e+04
5.378000000000000000e+04
1.250060000000000000e+05
2.809700000000000000e+05
4.088370000000000000e+05
3.232090000000000000e+05
1.316520000000000000e+05
4.618300000000000000e+04
4.156800000000000000e+04
3.241100000000000000e+04
3.410000000000000000e+04
6.600700000000000000e+04
1.654770000000000000e+05
2.797040000000000000e+05
2.521630000000000000e+05
1.305520000000000000e+05
5.817400000000000000e+04
3.258300000000000000e+04
2.456400000000000000e+04
2.988400000000000000e+04
4.459600000000000000e+04
1.222510000000000000e+05
2.386670000000000000e+05
2.671730000000000000e+05
1.842470000000000000e+05
9.035100000000000000e+04
3.815800000000000000e+04
2.130300000000000000e+04
2.467800000000000000e+04
3.021900000000000000e+04
5.214100000000000000e+04
1.249230000000000000e+05
1.804990000000000000e+05
1.569530000000000000e+05
1.052480000000000000e+05
6.281400000000000000e+04
3.272500000000000000e+04
3.248200000000000000e+04
3.884900000000000000e+04
3.754000000000000000e+04
9.534300000000000000e+04
2.378920000000000000e+05
3.761030000000000000e+05
3.395130000000000000e+05
1.571630000000000000e+05
4.775600000000000000e+04
3.127900000000000000e+04
2.183000000000000000e+04
2.552900000000000000e+04
5.176600000000000000e+04
1.384030000000000000e+05
3.029290000000000000e+05
3.863010000000000000e+05
2.737430000000000000e+05
1.045930000000000000e+05
4.216800000000000000e+04
4.244200000000000000e+04
3.404700000000000000e+04
4.639100000000000000e+04
1.063670000000000000e+05
2.216240000000000000e+05
3.112100000000000000e+05
2.535270000000000000e+05
1.213220000000000000e+05
4.673600000000000000e+04
2.371800000000000000e+04
2.392400000000000000e+04
2.727700000000000000e+04
3.425000000000000000e+04
7.185400000000000000e+04
1.335120000000000000e+05
2.120370000000000000e+05
2.795210000000000000e+05
2.468090000000000000e+05
1.206420000000000000e+05
3.865700000000000000e+04
2.845500000000000000e+04
2.876300000000000000e+04
6.376700000000000000e+04
1.370930000000000000e+05
1.555720000000000000e+05
1.182610000000000000e+05
9.139600000000000000e+04
6.963800000000000000e+04
3.298400000000000000e+04
3.128800000000000000e+04
3.521000000000000000e+04
4.659100000000000000e+04
1.160320000000000000e+05
1.615880000000000000e+05
1.419560000000000000e+05
1.190250000000000000e+05
9.550200000000000000e+04
4.934400000000000000e+04
2.489000000000000000e+04
3.485700000000000000e+04
4.169000000000000000e+04
7.399700000000000000e+04
1.659920000000000000e+05
1.958980000000000000e+05
1.349220000000000000e+05
1.162560000000000000e+05
1.038430000000000000e+05
4.530700000000000000e+04
2.947600000000000000e+04
2.968400000000000000e+04
3.895500000000000000e+04
1.015410000000000000e+05
2.297480000000000000e+05
4.386730000000000000e+05
4.921340000000000000e+05
2.589660000000000000e+05
7.772300000000000000e+04
6.835800000000000000e+04
4.438600000000000000e+04
3.162000000000000000e+04
6.050200000000000000e+04
1.573550000000000000e+05
4.167920000000000000e+05
6.089760000000000000e+05
4.465410000000000000e+05
1.558180000000000000e+05
6.794900000000000000e+04
6.494600000000000000e+04
3.782100000000000000e+04
5.756100000000000000e+04
1.002310000000000000e+05
2.229120000000000000e+05
4.563140000000000000e+05
4.987830000000000000e+05
2.627330000000000000e+05
7.888500000000000000e+04
5.416500000000000000e+04
4.683300000000000000e+04
3.437700000000000000e+04
5.138000000000000000e+04
9.891700000000000000e+04
2.221960000000000000e+05
3.647480000000000000e+05
3.332610000000000000e+05
1.579700000000000000e+05
5.425300000000000000e+04
4.126700000000000000e+04
3.523100000000000000e+04
3.141400000000000000e+04
7.369900000000000000e+04
1.697340000000000000e+05
2.781240000000000000e+05
2.995030000000000000e+05
1.978570000000000000e+05
8.839400000000000000e+04
4.471800000000000000e+04
3.196600000000000000e+04
3.180700000000000000e+04
4.489500000000000000e+04
1.208570000000000000e+05
2.529280000000000000e+05
2.967960000000000000e+05
2.170880000000000000e+05
1.211010000000000000e+05
4.995800000000000000e+04
2.507200000000000000e+04
3.194100000000000000e+04
2.723400000000000000e+04
2.960000000000000000e+04
6.779700000000000000e+04
1.422850000000000000e+05
2.441690000000000000e+05
3.073600000000000000e+05
2.347170000000000000e+05
9.327200000000000000e+04
4.116500000000000000e+04
4.210700000000000000e+04
3.725000000000000000e+04
7.497900000000000000e+04
1.952470000000000000e+05
4.273560000000000000e+05
4.915700000000000000e+05
2.506190000000000000e+05
7.181400000000000000e+04
5.350300000000000000e+04
4.322700000000000000e+04
4.773100000000000000e+04
7.009300000000000000e+04
1.502850000000000000e+05
3.590680000000000000e+05
5.171680000000000000e+05
3.713910000000000000e+05
1.294600000000000000e+05
6.398000000000000000e+04
6.018600000000000000e+04
4.841700000000000000e+04
5.570500000000000000e+04
1.061880000000000000e+05
2.574260000000000000e+05
4.022460000000000000e+05
3.761000000000000000e+05
2.103680000000000000e+05
8.351500000000000000e+04
4.594900000000000000e+04
4.201500000000000000e+04
4.062800000000000000e+04
4.886100000000000000e+04
1.070060000000000000e+05
1.707500000000000000e+05
1.782590000000000000e+05
1.573580000000000000e+05
1.043380000000000000e+05
5.243000000000000000e+04
3.953300000000000000e+04
4.816500000000000000e+04
4.268200000000000000e+04
6.689600000000000000e+04
1.528700000000000000e+05
1.971610000000000000e+05
1.710150000000000000e+05
1.379740000000000000e+05
8.862300000000000000e+04
4.360400000000000000e+04
4.406900000000000000e+04
5.181700000000000000e+04
4.240800000000000000e+04
7.517000000000000000e+04
1.476250000000000000e+05
1.412140000000000000e+05
1.123970000000000000e+05
1.233500000000000000e+05
7.392600000000000000e+04
3.933300000000000000e+04
4.932800000000000000e+04
3.559000000000000000e+04
6.672700000000000000e+04
1.802280000000000000e+05
4.239570000000000000e+05
5.990950000000000000e+05
4.137710000000000000e+05
1.284990000000000000e+05
6.723300000000000000e+04
5.385100000000000000e+04
2.857500000000000000e+04
3.863200000000000000e+04
7.304600000000000000e+04
2.179020000000000000e+05
3.943370000000000000e+05
4.077360000000000000e+05
2.239160000000000000e+05
6.897800000000000000e+04
5.925900000000000000e+04
3.827700000000000000e+04
3.451900000000000000e+04
6.191900000000000000e+04
1.774200000000000000e+05
3.825330000000000000e+05
4.236740000000000000e+05
2.821930000000000000e+05
1.156690000000000000e+05
4.744100000000000000e+04
5.077100000000000000e+04
3.134800000000000000e+04
3.237000000000000000e+04
4.297100000000000000e+04
6.931900000000000000e+04
1.450020000000000000e+05
3.165250000000000000e+05
4.383240000000000000e+05
2.689850000000000000e+05
7.587900000000000000e+04
4.387800000000000000e+04
2.915700000000000000e+04
5.227100000000000000e+04
1.099190000000000000e+05
2.386510000000000000e+05
2.725290000000000000e+05
2.264590000000000000e+05
2.227010000000000000e+05
1.132030000000000000e+05
5.288200000000000000e+04
4.555300000000000000e+04
3.701400000000000000e+04
6.797900000000000000e+04
1.485720000000000000e+05
2.609770000000000000e+05
1.987380000000000000e+05
1.615850000000000000e+05
1.609830000000000000e+05
6.501700000000000000e+04
4.930000000000000000e+04
3.740600000000000000e+04
4.792200000000000000e+04
7.646600000000000000e+04
1.376470000000000000e+05
1.756860000000000000e+05
1.694740000000000000e+05
2.222310000000000000e+05
1.411670000000000000e+05
7.212900000000000000e+04
6.687300000000000000e+04
4.178400000000000000e+04
6.978600000000000000e+04
1.027770000000000000e+05
2.240420000000000000e+05
1.939020000000000000e+05
1.484780000000000000e+05
2.033280000000000000e+05
9.472700000000000000e+04
8.494700000000000000e+04
6.416500000000000000e+04
6.211000000000000000e+04
9.419100000000000000e+04
1.747000000000000000e+05
2.540230000000000000e+05
1.448810000000000000e+05
1.967890000000000000e+05
1.680190000000000000e+05
6.642500000000000000e+04
6.338000000000000000e+04
4.441300000000000000e+04
7.697100000000000000e+04
9.427400000000000000e+04
1.807690000000000000e+05
1.494030000000000000e+05
1.508830000000000000e+05
2.886040000000000000e+05
1.661270000000000000e+05
8.546300000000000000e+04
6.631100000000000000e+04
5.999200000000000000e+04
8.638500000000000000e+04
8.479000000000000000e+04
1.229020000000000000e+05
9.173000000000000000e+04
2.152980000000000000e+05
2.225170000000000000e+05
1.139990000000000000e+05
1.091580000000000000e+05
5.726900000000000000e+04
8.290500000000000000e+04
8.446800000000000000e+04
1.117670000000000000e+05
1.225120000000000000e+05
1.388920000000000000e+05
3.153670000000000000e+05
2.279030000000000000e+05
1.266210000000000000e+05
1.297930000000000000e+05
6.271700000000000000e+04
8.529400000000000000e+04
5.569700000000000000e+04
5.190700000000000000e+04
1.009460000000000000e+05
2.759760000000000000e+05
3.079730000000000000e+05
1.712150000000000000e+05
1.159400000000000000e+05
8.354400000000000000e+04
6.912300000000000000e+04
1.395960000000000000e+05
2.674540000000000000e+05
2.568390000000000000e+05
2.296580000000000000e+05
2.205340000000000000e+05
1.285840000000000000e+05
4.350900000000000000e+04
3.512000000000000000e+04
3.367900000000000000e+04
5.227400000000000000e+04
1.190590000000000000e+05
2.386080000000000000e+05
2.085280000000000000e+05
1.688860000000000000e+05
1.948530000000000000e+05
9.141200000000000000e+04
7.574700000000000000e+04
5.454600000000000000e+04
4.067100000000000000e+04
5.922300000000000000e+04
1.407440000000000000e+05
2.045680000000000000e+05
1.248320000000000000e+05
2.222160000000000000e+05
2.017150000000000000e+05
7.704000000000000000e+04
6.691000000000000000e+04
3.875200000000000000e+04
6.070100000000000000e+04
7.108500000000000000e+04
1.420890000000000000e+05
1.187060000000000000e+05
1.327650000000000000e+05
2.472610000000000000e+05
1.474430000000000000e+05
9.510300000000000000e+04
6.667000000000000000e+04
5.370500000000000000e+04
6.804200000000000000e+04
8.315600000000000000e+04
1.377560000000000000e+05
1.018840000000000000e+05
2.422140000000000000e+05
2.530790000000000000e+05
1.149410000000000000e+05
1.141320000000000000e+05
6.047200000000000000e+04
6.836200000000000000e+04
5.861100000000000000e+04
9.659800000000000000e+04
1.098430000000000000e+05
1.799230000000000000e+05
3.416940000000000000e+05
2.134790000000000000e+05
1.092660000000000000e+05
8.350500000000000000e+04
5.166100000000000000e+04
6.235400000000000000e+04
4.013900000000000000e+04
7.136500000000000000e+04
1.237550000000000000e+05
3.043320000000000000e+05
3.276450000000000000e+05
1.507360000000000000e+05
1.351870000000000000e+05
7.477800000000000000e+04
7.608400000000000000e+04
7.649400000000000000e+04
1.357530000000000000e+05
1.828010000000000000e+05
1.411360000000000000e+05
3.143950000000000000e+05
2.424970000000000000e+05
1.282460000000000000e+05
1.245810000000000000e+05
6.171000000000000000e+04
7.450900000000000000e+04
8.542800000000000000e+04
1.958030000000000000e+05
1.505830000000000000e+05
1.594380000000000000e+05
2.561290000000000000e+05
1.219410000000000000e+05
8.936600000000000000e+04
5.584900000000000000e+04
4.773300000000000000e+04
6.231300000000000000e+04
1.019350000000000000e+05
1.153070000000000000e+05
1.006490000000000000e+05
2.162240000000000000e+05
1.681430000000000000e+05
9.179300000000000000e+04
8.460600000000000000e+04
4.827100000000000000e+04
4.042300000000000000e+04
1.257530000000000000e+05
2.683100000000000000e+05
2.599830000000000000e+05
1.757230000000000000e+05
1.304310000000000000e+05
6.415000000000000000e+04
2.727400000000000000e+04
2.522000000000000000e+04
2.065400000000000000e+04
1.905800000000000000e+04
3.649600000000000000e+04
6.540900000000000000e+04
1.188690000000000000e+05
2.501400000000000000e+05
2.471240000000000000e+05
1.068920000000000000e+05
8.186800000000000000e+04
4.581600000000000000e+04
4.824700000000000000e+04
4.192500000000000000e+04
5.465300000000000000e+04
1.183590000000000000e+05
3.233970000000000000e+05
4.414240000000000000e+05
2.486150000000000000e+05
1.362680000000000000e+05
8.956900000000000000e+04
4.570300000000000000e+04
5.088400000000000000e+04
3.814100000000000000e+04
7.968300000000000000e+04
1.965070000000000000e+05
3.863890000000000000e+05
3.605960000000000000e+05
1.521670000000000000e+05
1.178340000000000000e+05
6.071200000000000000e+04
6.179100000000000000e+04
7.667300000000000000e+04
2.153730000000000000e+05
3.298150000000000000e+05
2.205740000000000000e+05
1.985780000000000000e+05
1.167950000000000000e+05
5.720700000000000000e+04
6.261700000000000000e+04
4.142100000000000000e+04
7.123300000000000000e+04
1.173450000000000000e+05
2.745930000000000000e+05
2.761400000000000000e+05
1.729720000000000000e+05
1.662590000000000000e+05
8.055800000000000000e+04
7.627300000000000000e+04
6.665700000000000000e+04
4.686600000000000000e+04
6.280200000000000000e+04
1.340100000000000000e+05
2.545000000000000000e+05
2.340920000000000000e+05
2.200820000000000000e+05
1.349900000000000000e+05
7.651700000000000000e+04
7.803900000000000000e+04
3.920100000000000000e+04
4.538500000000000000e+04
6.731000000000000000e+04
1.495260000000000000e+05
1.673290000000000000e+05
1.813040000000000000e+05
1.995870000000000000e+05
9.491600000000000000e+04
6.397800000000000000e+04
5.482600000000000000e+04
4.184900000000000000e+04
6.044200000000000000e+04
8.869800000000000000e+04
1.697030000000000000e+05
1.140490000000000000e+05
1.980190000000000000e+05
2.234870000000000000e+05
9.589400000000000000e+04
9.448400000000000000e+04
5.507500000000000000e+04
9.077500000000000000e+04
7.565200000000000000e+04
1.585760000000000000e+05
1.363640000000000000e+05
1.571590000000000000e+05
2.813860000000000000e+05
1.530420000000000000e+05
7.581300000000000000e+04
5.063400000000000000e+04
2.491100000000000000e+04
3.581100000000000000e+04
6.744100000000000000e+04
1.203960000000000000e+05
1.746310000000000000e+05
1.634180000000000000e+05
9.392300000000000000e+04
3.782500000000000000e+04
2.949100000000000000e+04
3.263600000000000000e+04
3.288800000000000000e+04
6.849700000000000000e+04
1.511240000000000000e+05
2.839190000000000000e+05
2.928520000000000000e+05
1.685180000000000000e+05
7.094900000000000000e+04
4.221100000000000000e+04
5.329500000000000000e+04
4.533200000000000000e+04
8.039600000000000000e+04
1.357870000000000000e+05
3.098160000000000000e+05
3.291710000000000000e+05
2.093880000000000000e+05
1.292800000000000000e+05
5.385100000000000000e+04
6.390700000000000000e+04
4.267000000000000000e+04
4.811200000000000000e+04
7.942300000000000000e+04
1.706860000000000000e+05
2.524930000000000000e+05
1.933070000000000000e+05
1.631610000000000000e+05
9.841500000000000000e+04
5.486500000000000000e+04
7.065300000000000000e+04
4.393900000000000000e+04
7.203900000000000000e+04
8.901800000000000000e+04
1.888450000000000000e+05
1.946750000000000000e+05
1.464480000000000000e+05
2.013350000000000000e+05
1.035770000000000000e+05
8.035400000000000000e+04
6.858300000000000000e+04
4.252400000000000000e+04
6.043800000000000000e+04
9.915000000000000000e+04
1.900100000000000000e+05
1.389320000000000000e+05
1.657920000000000000e+05
1.668630000000000000e+05
6.774600000000000000e+04
6.563700000000000000e+04
3.817200000000000000e+04
4.970600000000000000e+04
6.370200000000000000e+04
1.485920000000000000e+05
1.679370000000000000e+05
1.235300000000000000e+05
2.272120000000000000e+05
1.568170000000000000e+05
7.026500000000000000e+04
5.822300000000000000e+04
4.393300000000000000e+04
8.206800000000000000e+04
1.366030000000000000e+05
3.388790000000000000e+05
3.828120000000000000e+05
2.571980000000000000e+05
1.384880000000000000e+05
4.695800000000000000e+04
4.697200000000000000e+04
2.924800000000000000e+04
4.449900000000000000e+04
7.604400000000000000e+04
1.983050000000000000e+05
3.435410000000000000e+05
3.585220000000000000e+05
2.200300000000000000e+05
7.279500000000000000e+04
3.739700000000000000e+04
3.484200000000000000e+04
4.119000000000000000e+04
8.419900000000000000e+04
1.403160000000000000e+05
3.031080000000000000e+05
3.400130000000000000e+05
2.223060000000000000e+05
1.301140000000000000e+05
4.846600000000000000e+04
3.877300000000000000e+04
2.756400000000000000e+04
2.193000000000000000e+04
2.893800000000000000e+04
6.253100000000000000e+04
1.466850000000000000e+05
2.159900000000000000e+05
1.745700000000000000e+05
7.994200000000000000e+04
2.854600000000000000e+04
2.393200000000000000e+04
2.606400000000000000e+04
4.699800000000000000e+04
8.950100000000000000e+04
1.699710000000000000e+05
2.256020000000000000e+05
1.722340000000000000e+05
1.905970000000000000e+05
1.035960000000000000e+05
7.630300000000000000e+04
6.969000000000000000e+04
7.127300000000000000e+04
1.066350000000000000e+05
1.559350000000000000e+05
2.776780000000000000e+05
1.966170000000000000e+05
2.081680000000000000e+05
1.618400000000000000e+05
6.163900000000000000e+04
6.802400000000000000e+04
3.877300000000000000e+04
5.732900000000000000e+04
7.740500000000000000e+04
1.752450000000000000e+05
2.306060000000000000e+05
1.710940000000000000e+05
2.042420000000000000e+05
1.132900000000000000e+05
6.320700000000000000e+04
6.137800000000000000e+04
4.437800000000000000e+04
7.852000000000000000e+04
1.343020000000000000e+05
2.835870000000000000e+05
2.933820000000000000e+05
2.510400000000000000e+05
1.495850000000000000e+05
5.287300000000000000e+04
5.434200000000000000e+04
3.282100000000000000e+04
4.984700000000000000e+04
8.141800000000000000e+04
1.766450000000000000e+05
2.836650000000000000e+05
2.319780000000000000e+05
1.712240000000000000e+05
8.779200000000000000e+04
4.502100000000000000e+04
4.663600000000000000e+04
3.590700000000000000e+04
6.980000000000000000e+04
1.094600000000000000e+05
2.233430000000000000e+05
2.582610000000000000e+05
2.167980000000000000e+05
1.510140000000000000e+05
5.730000000000000000e+04
5.475100000000000000e+04
4.398600000000000000e+04
6.336400000000000000e+04
8.919900000000000000e+04
1.435550000000000000e+05
2.398850000000000000e+05
1.900980000000000000e+05
1.751240000000000000e+05
1.219200000000000000e+05
6.292700000000000000e+04
6.308400000000000000e+04
3.988200000000000000e+04
6.127900000000000000e+04
6.749000000000000000e+04
1.414450000000000000e+05
1.386540000000000000e+05
1.276790000000000000e+05
1.738450000000000000e+05
9.303800000000000000e+04
7.071200000000000000e+04
5.375700000000000000e+04
5.645300000000000000e+04
7.014900000000000000e+04
7.663400000000000000e+04
1.303190000000000000e+05
9.170200000000000000e+04
1.901560000000000000e+05
1.958560000000000000e+05
8.379500000000000000e+04
4.759700000000000000e+04
2.409400000000000000e+04
2.205800000000000000e+04
2.874600000000000000e+04
5.245300000000000000e+04
1.115250000000000000e+05
1.575000000000000000e+05
1.212840000000000000e+05
5.035100000000000000e+04
2.179300000000000000e+04
2.835700000000000000e+04
3.110300000000000000e+04
5.073500000000000000e+04
1.141600000000000000e+05
2.462400000000000000e+05
3.738130000000000000e+05
2.809360000000000000e+05
1.140350000000000000e+05
4.645900000000000000e+04
5.999300000000000000e+04
4.419400000000000000e+04
6.255200000000000000e+04
9.533500000000000000e+04
2.104240000000000000e+05
3.441960000000000000e+05
3.525490000000000000e+05
2.297830000000000000e+05
7.891700000000000000e+04
5.158200000000000000e+04
4.631800000000000000e+04
3.963900000000000000e+04
6.820000000000000000e+04
1.312960000000000000e+05
2.729430000000000000e+05
3.540340000000000000e+05
2.663710000000000000e+05
1.428100000000000000e+05
5.235600000000000000e+04
5.587100000000000000e+04
4.195300000000000000e+04
5.474700000000000000e+04
8.803800000000000000e+04
1.561850000000000000e+05
2.672540000000000000e+05
2.652530000000000000e+05
2.059160000000000000e+05
9.677900000000000000e+04
4.857000000000000000e+04
5.310900000000000000e+04
3.877300000000000000e+04
7.668000000000000000e+04
1.015460000000000000e+05
2.135350000000000000e+05
2.803360000000000000e+05
2.076890000000000000e+05
1.690050000000000000e+05
7.743700000000000000e+04
5.599000000000000000e+04
4.681800000000000000e+04
4.392400000000000000e+04
7.120300000000000000e+04
1.014320000000000000e+05
1.880620000000000000e+05
1.683780000000000000e+05
1.364850000000000000e+05
9.286900000000000000e+04
4.236800000000000000e+04
4.403200000000000000e+04
3.160100000000000000e+04
6.031100000000000000e+04
7.554700000000000000e+04
1.409180000000000000e+05
2.336820000000000000e+05
2.468570000000000000e+05
1.680220000000000000e+05
5.987700000000000000e+04
3.655000000000000000e+04
2.725900000000000000e+04
3.373100000000000000e+04
5.373200000000000000e+04
1.081220000000000000e+05
2.265900000000000000e+05
3.580630000000000000e+05
3.134530000000000000e+05
1.233510000000000000e+05
4.743600000000000000e+04
4.250300000000000000e+04
3.094400000000000000e+04
5.470200000000000000e+04
8.014100000000000000e+04
1.472680000000000000e+05
2.293460000000000000e+05
2.430210000000000000e+05
1.765410000000000000e+05
7.107800000000000000e+04
3.348700000000000000e+04
2.253000000000000000e+04
1.767600000000000000e+04
2.072300000000000000e+04
2.972000000000000000e+04
6.131400000000000000e+04
9.997700000000000000e+04
1.205920000000000000e+05
1.019950000000000000e+05
4.778700000000000000e+04
2.806600000000000000e+04
3.367800000000000000e+04
4.339000000000000000e+04
8.353600000000000000e+04
1.539660000000000000e+05
2.888800000000000000e+05
2.991670000000000000e+05
2.434350000000000000e+05
1.324060000000000000e+05
6.013700000000000000e+04
6.864000000000000000e+04
4.912100000000000000e+04
9.087700000000000000e+04
1.086570000000000000e+05
2.233070000000000000e+05
2.799140000000000000e+05
2.196870000000000000e+05
1.553400000000000000e+05
6.224000000000000000e+04
6.029300000000000000e+04
4.782700000000000000e+04
4.547300000000000000e+04
7.627700000000000000e+04
1.227070000000000000e+05
2.208590000000000000e+05
2.014900000000000000e+05
1.870500000000000000e+05
1.252990000000000000e+05
5.781800000000000000e+04
6.319300000000000000e+04
3.741200000000000000e+04
5.495500000000000000e+04
8.523800000000000000e+04
1.846520000000000000e+05
3.540070000000000000e+05
5.420690000000000000e+05
4.134230000000000000e+05
1.599540000000000000e+05
8.720900000000000000e+04
3.867400000000000000e+04
3.502700000000000000e+04
4.195400000000000000e+04
9.502200000000000000e+04
1.625400000000000000e+05
3.238990000000000000e+05
4.416390000000000000e+05
2.418920000000000000e+05
8.605600000000000000e+04
5.129700000000000000e+04
2.542700000000000000e+04
3.746400000000000000e+04
6.680800000000000000e+04
1.346600000000000000e+05
2.247220000000000000e+05
4.125480000000000000e+05
3.590220000000000000e+05
1.360270000000000000e+05
7.395900000000000000e+04
3.722000000000000000e+04
4.199200000000000000e+04
5.719900000000000000e+04
1.080310000000000000e+05
1.726150000000000000e+05
2.937000000000000000e+05
3.785250000000000000e+05
2.126090000000000000e+05
6.873300000000000000e+04
3.772200000000000000e+04
2.180100000000000000e+04
3.003200000000000000e+04
4.041300000000000000e+04
7.518200000000000000e+04
1.452050000000000000e+05
2.419240000000000000e+05
2.267150000000000000e+05
9.274300000000000000e+04
5.186300000000000000e+04
5.100600000000000000e+04
3.521600000000000000e+04
5.808700000000000000e+04
8.190000000000000000e+04
1.421440000000000000e+05
1.992650000000000000e+05
2.108920000000000000e+05
1.458580000000000000e+05
5.580900000000000000e+04
3.483000000000000000e+04
2.633700000000000000e+04
2.572200000000000000e+04
3.451300000000000000e+04
3.324400000000000000e+04
5.535300000000000000e+04
6.119000000000000000e+04
1.184260000000000000e+05
1.406510000000000000e+05
6.682600000000000000e+04
3.548100000000000000e+04
2.665700000000000000e+04
2.785200000000000000e+04
4.424000000000000000e+04
8.293200000000000000e+04
1.978360000000000000e+05
3.291880000000000000e+05
2.686670000000000000e+05
1.033930000000000000e+05
5.285300000000000000e+04
2.879000000000000000e+04
2.972100000000000000e+04
3.562500000000000000e+04
7.170200000000000000e+04
1.403580000000000000e+05
2.723210000000000000e+05
3.522820000000000000e+05
1.849550000000000000e+05
7.451800000000000000e+04
5.553600000000000000e+04
3.575700000000000000e+04
4.331100000000000000e+04
6.188100000000000000e+04
1.237810000000000000e+05
2.336750000000000000e+05
3.331570000000000000e+05
2.593340000000000000e+05
9.743500000000000000e+04
4.981100000000000000e+04
3.958400000000000000e+04
3.098100000000000000e+04
5.212600000000000000e+04
8.557000000000000000e+04
1.790790000000000000e+05
2.567190000000000000e+05
2.515210000000000000e+05
1.579220000000000000e+05
5.610800000000000000e+04
4.706800000000000000e+04
3.648500000000000000e+04
4.420200000000000000e+04
7.701200000000000000e+04
1.416650000000000000e+05
2.610130000000000000e+05
2.830430000000000000e+05
2.110040000000000000e+05
1.073590000000000000e+05
4.604800000000000000e+04
5.185300000000000000e+04
3.208100000000000000e+04
4.657700000000000000e+04
6.693400000000000000e+04
1.377010000000000000e+05
1.939310000000000000e+05
1.757800000000000000e+05
1.531870000000000000e+05
7.033700000000000000e+04
4.058000000000000000e+04
3.629300000000000000e+04
3.054100000000000000e+04
6.153800000000000000e+04
1.114350000000000000e+05
2.052380000000000000e+05
3.395000000000000000e+05
3.737720000000000000e+05
1.865270000000000000e+05
7.041400000000000000e+04
5.107900000000000000e+04
2.844900000000000000e+04
4.078300000000000000e+04
7.401800000000000000e+04
1.473370000000000000e+05
2.541250000000000000e+05
4.364870000000000000e+05
3.719380000000000000e+05
1.458990000000000000e+05
7.219300000000000000e+04
3.798400000000000000e+04
3.257800000000000000e+04
5.012400000000000000e+04
9.772200000000000000e+04
1.595060000000000000e+05
2.461590000000000000e+05
3.039460000000000000e+05
1.821940000000000000e+05
6.687300000000000000e+04
3.398700000000000000e+04
1.642500000000000000e+04
1.549800000000000000e+04
1.669600000000000000e+04
2.538100000000000000e+04
2.780600000000000000e+04
5.828500000000000000e+04
1.357720000000000000e+05
1.466740000000000000e+05
6.287300000000000000e+04
4.593600000000000000e+04
4.600900000000000000e+04
7.103400000000000000e+04
1.238480000000000000e+05
2.135340000000000000e+05
2.795790000000000000e+05
2.301000000000000000e+05
2.002470000000000000e+05
9.386200000000000000e+04
6.085000000000000000e+04
5.106100000000000000e+04
5.426000000000000000e+04
8.866000000000000000e+04
1.261090000000000000e+05
2.271310000000000000e+05
2.205260000000000000e+05
1.813470000000000000e+05
1.099580000000000000e+05
4.452700000000000000e+04
4.039400000000000000e+04
3.039800000000000000e+04
5.033600000000000000e+04
7.147300000000000000e+04
1.339240000000000000e+05
2.033580000000000000e+05
1.842460000000000000e+05
1.759550000000000000e+05
1.028610000000000000e+05
5.065200000000000000e+04
5.424100000000000000e+04
4.700700000000000000e+04
8.481300000000000000e+04
1.038790000000000000e+05
1.967810000000000000e+05
2.574040000000000000e+05
2.534490000000000000e+05
1.660850000000000000e+05
6.682000000000000000e+04
5.216900000000000000e+04
2.930200000000000000e+04
4.327000000000000000e+04
4.808100000000000000e+04
8.928300000000000000e+04
1.269230000000000000e+05
1.915160000000000000e+05
1.936590000000000000e+05
7.953100000000000000e+04
4.050700000000000000e+04
3.057100000000000000e+04
2.938300000000000000e+04
4.419200000000000000e+04
7.051400000000000000e+04
1.254710000000000000e+05
1.901730000000000000e+05
2.094470000000000000e+05
1.325640000000000000e+05
4.913700000000000000e+04
4.686100000000000000e+04
3.637600000000000000e+04
4.644300000000000000e+04
5.270100000000000000e+04
7.846900000000000000e+04
1.250550000000000000e+05
1.173730000000000000e+05
1.390650000000000000e+05
9.209900000000000000e+04
4.509000000000000000e+04
4.539900000000000000e+04
2.568800000000000000e+04
3.316600000000000000e+04
3.396700000000000000e+04
5.996100000000000000e+04
6.971000000000000000e+04
1.029100000000000000e+05
1.390530000000000000e+05
7.233300000000000000e+04
5.379900000000000000e+04
3.999000000000000000e+04
3.328700000000000000e+04
3.911600000000000000e+04
4.283800000000000000e+04
7.083700000000000000e+04
4.998000000000000000e+04
7.040900000000000000e+04
8.578500000000000000e+04
4.579800000000000000e+04
2.396200000000000000e+04
2.387000000000000000e+04
2.097300000000000000e+04
2.611100000000000000e+04
4.071500000000000000e+04
5.049000000000000000e+04
4.896700000000000000e+04
4.635100000000000000e+04
3.210300000000000000e+04
1.797500000000000000e+04
2.155700000000000000e+04
3.028400000000000000e+04
4.020400000000000000e+04
7.187700000000000000e+04
1.239730000000000000e+05
1.922620000000000000e+05
2.131530000000000000e+05
1.184020000000000000e+05
5.198700000000000000e+04
4.453600000000000000e+04
2.536400000000000000e+04
2.565800000000000000e+04
3.480400000000000000e+04
7.175000000000000000e+04
1.179280000000000000e+05
1.870740000000000000e+05
1.700960000000000000e+05
7.069000000000000000e+04
3.845000000000000000e+04
3.003700000000000000e+04
2.551900000000000000e+04
3.572700000000000000e+04
6.339500000000000000e+04
1.244530000000000000e+05
1.943820000000000000e+05
2.036210000000000000e+05
1.289720000000000000e+05
4.728200000000000000e+04
4.116100000000000000e+04
3.604200000000000000e+04
3.436300000000000000e+04
4.532500000000000000e+04
7.723400000000000000e+04
1.319890000000000000e+05
1.265500000000000000e+05
1.527450000000000000e+05
1.196090000000000000e+05
5.153500000000000000e+04
4.524400000000000000e+04
2.544400000000000000e+04
2.732300000000000000e+04
3.143100000000000000e+04
6.060300000000000000e+04
7.948500000000000000e+04
1.228090000000000000e+05
1.721070000000000000e+05
1.025580000000000000e+05
4.980500000000000000e+04
3.224300000000000000e+04
2.412500000000000000e+04
3.496700000000000000e+04
5.059000000000000000e+04
9.797800000000000000e+04
9.581200000000000000e+04
8.700500000000000000e+04
7.086600000000000000e+04
3.248500000000000000e+04
2.898200000000000000e+04
2.282600000000000000e+04
3.030400000000000000e+04
4.655400000000000000e+04
6.773500000000000000e+04
1.141170000000000000e+05
1.261020000000000000e+05
7.750400000000000000e+04
2.976400000000000000e+04
2.501400000000000000e+04
2.807000000000000000e+04
3.190300000000000000e+04
5.825500000000000000e+04
8.915000000000000000e+04
1.666410000000000000e+05
2.568330000000000000e+05
2.439410000000000000e+05
1.290200000000000000e+05
5.165000000000000000e+04
5.640700000000000000e+04
3.543300000000000000e+04
4.115800000000000000e+04
5.185500000000000000e+04
9.042900000000000000e+04
1.364420000000000000e+05
1.465300000000000000e+05
1.546810000000000000e+05
9.092900000000000000e+04
4.110400000000000000e+04
3.109800000000000000e+04
1.919700000000000000e+04
1.822600000000000000e+04
1.902500000000000000e+04
3.430000000000000000e+04
6.548300000000000000e+04
8.572300000000000000e+04
7.861500000000000000e+04
5.147800000000000000e+04
2.350100000000000000e+04
1.777400000000000000e+04
2.289700000000000000e+04
4.054800000000000000e+04
6.871900000000000000e+04
9.986300000000000000e+04
9.981700000000000000e+04
8.428000000000000000e+04
6.543500000000000000e+04
3.241600000000000000e+04
3.932100000000000000e+04
2.940800000000000000e+04
4.557300000000000000e+04
5.779700000000000000e+04
8.650700000000000000e+04
1.152570000000000000e+05
8.097300000000000000e+04
8.043900000000000000e+04
4.793000000000000000e+04
4.154900000000000000e+04
3.684300000000000000e+04
2.982500000000000000e+04
4.350800000000000000e+04
4.698000000000000000e+04
9.031200000000000000e+04
7.926900000000000000e+04
9.622300000000000000e+04
1.218220000000000000e+05
5.769700000000000000e+04
3.281500000000000000e+04
2.771600000000000000e+04
3.030400000000000000e+04
4.372500000000000000e+04
6.279600000000000000e+04
9.165500000000000000e+04
1.170240000000000000e+05
1.087120000000000000e+05
5.347600000000000000e+04
3.410600000000000000e+04
2.155600000000000000e+04
1.615200000000000000e+04
2.095300000000000000e+04
3.481000000000000000e+04
6.386300000000000000e+04
1.140230000000000000e+05
1.331580000000000000e+05
6.600200000000000000e+04
3.404400000000000000e+04
3.079500000000000000e+04
2.596300000000000000e+04
4.061100000000000000e+04
5.491200000000000000e+04
9.400000000000000000e+04
1.335250000000000000e+05
1.647990000000000000e+05
1.393240000000000000e+05
5.913600000000000000e+04
3.452700000000000000e+04
3.086700000000000000e+04
2.368400000000000000e+04
3.922400000000000000e+04
6.331300000000000000e+04
1.125830000000000000e+05
1.819950000000000000e+05
1.782170000000000000e+05
8.697800000000000000e+04
3.352300000000000000e+04
3.521500000000000000e+04
3.248600000000000000e+04
3.977300000000000000e+04
7.070900000000000000e+04
1.213260000000000000e+05
1.974880000000000000e+05
1.845950000000000000e+05
1.627310000000000000e+05
1.260580000000000000e+05
6.080600000000000000e+04
6.399500000000000000e+04
3.824700000000000000e+04
5.391500000000000000e+04
6.743300000000000000e+04
1.286390000000000000e+05
1.580510000000000000e+05
1.224490000000000000e+05
1.296900000000000000e+05
8.009900000000000000e+04
4.222000000000000000e+04
3.509100000000000000e+04
2.690200000000000000e+04
3.285200000000000000e+04
3.673100000000000000e+04
7.419500000000000000e+04
1.022080000000000000e+05
1.027240000000000000e+05
8.194300000000000000e+04
3.755900000000000000e+04
1.863300000000000000e+04
1.670000000000000000e+04
2.052300000000000000e+04
2.936500000000000000e+04
5.127100000000000000e+04
7.329700000000000000e+04
1.322580000000000000e+05
1.246120000000000000e+05
6.240600000000000000e+04
4.508400000000000000e+04
2.583200000000000000e+04
2.773900000000000000e+04
3.504900000000000000e+04
5.087700000000000000e+04
7.858500000000000000e+04
8.571800000000000000e+04
8.577300000000000000e+04
5.641600000000000000e+04
2.645400000000000000e+04
2.027000000000000000e+04
1.621800000000000000e+04
1.971300000000000000e+04
2.634200000000000000e+04
3.859500000000000000e+04
5.661100000000000000e+04
8.361200000000000000e+04
6.516000000000000000e+04
2.909000000000000000e+04
2.716300000000000000e+04
2.270000000000000000e+04
2.570100000000000000e+04
4.371800000000000000e+04
7.366200000000000000e+04
1.201210000000000000e+05
1.633020000000000000e+05
1.194900000000000000e+05
5.161400000000000000e+04
2.633900000000000000e+04
4.010300000000000000e+04
4.852700000000000000e+04
4.641700000000000000e+04
8.140000000000000000e+04
1.042160000000000000e+05
1.572920000000000000e+05
1.364550000000000000e+05
8.661200000000000000e+04
6.273500000000000000e+04
4.950100000000000000e+04
6.245100000000000000e+04
3.766800000000000000e+04
5.406700000000000000e+04
6.180100000000000000e+04
1.133510000000000000e+05
1.463160000000000000e+05
7.447700000000000000e+04
6.151500000000000000e+04
4.532600000000000000e+04
3.096100000000000000e+04
4.128100000000000000e+04
3.952400000000000000e+04
6.364000000000000000e+04
9.078600000000000000e+04
1.416410000000000000e+05
1.912780000000000000e+05
1.817060000000000000e+05
1.024140000000000000e+05
4.780400000000000000e+04
4.227000000000000000e+04
2.970400000000000000e+04
3.785800000000000000e+04
4.338500000000000000e+04
6.606600000000000000e+04
9.895000000000000000e+04
1.222430000000000000e+05
1.014540000000000000e+05
5.962200000000000000e+04
5.386300000000000000e+04
3.855000000000000000e+04
4.999600000000000000e+04
6.615500000000000000e+04
9.346100000000000000e+04
1.615860000000000000e+05
2.027150000000000000e+05
1.999310000000000000e+05
1.261940000000000000e+05
5.560600000000000000e+04
3.745000000000000000e+04
2.561000000000000000e+04
2.308400000000000000e+04
2.004900000000000000e+04
2.477300000000000000e+04
3.584500000000000000e+04
4.002600000000000000e+04
4.300300000000000000e+04
2.956500000000000000e+04
1.911300000000000000e+04
2.014700000000000000e+04
2.113800000000000000e+04
2.867200000000000000e+04
3.689700000000000000e+04
6.792400000000000000e+04
9.410200000000000000e+04
8.708200000000000000e+04
5.538800000000000000e+04
2.973500000000000000e+04
2.968100000000000000e+04
2.171000000000000000e+04
2.647400000000000000e+04
3.408700000000000000e+04
5.811800000000000000e+04
8.229500000000000000e+04
8.336700000000000000e+04
1.066640000000000000e+05
7.973300000000000000e+04
3.976000000000000000e+04
2.730300000000000000e+04
1.843700000000000000e+04
2.255700000000000000e+04
2.422300000000000000e+04
4.250200000000000000e+04
6.426700000000000000e+04
1.127690000000000000e+05
1.235050000000000000e+05
7.116700000000000000e+04
4.212000000000000000e+04
2.202900000000000000e+04
2.654500000000000000e+04
2.951900000000000000e+04
4.996800000000000000e+04
8.599800000000000000e+04
1.190390000000000000e+05
1.541660000000000000e+05
1.007530000000000000e+05
4.893000000000000000e+04
3.216900000000000000e+04
2.122500000000000000e+04
2.728500000000000000e+04
3.124600000000000000e+04
5.726600000000000000e+04
6.216600000000000000e+04
9.494600000000000000e+04
1.185690000000000000e+05
6.942900000000000000e+04
3.921500000000000000e+04
2.397400000000000000e+04
2.447700000000000000e+04
3.808900000000000000e+04
5.096800000000000000e+04
8.922600000000000000e+04
1.283440000000000000e+05
1.111380000000000000e+05
5.251400000000000000e+04
2.494600000000000000e+04
2.262200000000000000e+04
2.332900000000000000e+04
3.352200000000000000e+04
4.249700000000000000e+04
6.558600000000000000e+04
1.036470000000000000e+05
1.093260000000000000e+05
6.545200000000000000e+04
2.460500000000000000e+04
1.729200000000000000e+04
1.638200000000000000e+04
1.874600000000000000e+04
2.116000000000000000e+04
2.935600000000000000e+04
3.808500000000000000e+04
5.112300000000000000e+04
8.533900000000000000e+04
8.125200000000000000e+04
5.059900000000000000e+04
3.354400000000000000e+04
1.824000000000000000e+04
1.918000000000000000e+04
1.770800000000000000e+04
2.244600000000000000e+04
3.534700000000000000e+04
3.808900000000000000e+04
4.509600000000000000e+04
3.520700000000000000e+04
1.997100000000000000e+04
1.829900000000000000e+04
1.538100000000000000e+04
1.378900000000000000e+04
1.412700000000000000e+04
2.203300000000000000e+04
4.814300000000000000e+04
8.147000000000000000e+04
8.559800000000000000e+04
5.998100000000000000e+04
2.932700000000000000e+04
2.343300000000000000e+04
2.531500000000000000e+04
2.287400000000000000e+04
3.960400000000000000e+04
4.122900000000000000e+04
6.659200000000000000e+04
1.077650000000000000e+05
8.389600000000000000e+04
5.013300000000000000e+04
2.589200000000000000e+04
1.705900000000000000e+04
2.199800000000000000e+04
2.529400000000000000e+04
3.932200000000000000e+04
5.200100000000000000e+04
7.294900000000000000e+04
6.827300000000000000e+04
4.154100000000000000e+04
3.189100000000000000e+04
1.992500000000000000e+04
2.358300000000000000e+04
3.693600000000000000e+04
5.078300000000000000e+04
8.765100000000000000e+04
9.975000000000000000e+04
6.883500000000000000e+04
3.257000000000000000e+04
1.917700000000000000e+04
2.172800000000000000e+04
2.218100000000000000e+04
2.916700000000000000e+04
3.884200000000000000e+04
6.138500000000000000e+04
7.496500000000000000e+04
9.855400000000000000e+04
1.100010000000000000e+05
6.601900000000000000e+04
4.366100000000000000e+04
3.025400000000000000e+04
2.141900000000000000e+04
2.897600000000000000e+04
3.246400000000000000e+04
4.896200000000000000e+04
7.402300000000000000e+04
9.026900000000000000e+04
6.703100000000000000e+04
4.302300000000000000e+04
3.827500000000000000e+04
2.381500000000000000e+04
3.071500000000000000e+04
3.605800000000000000e+04
4.499300000000000000e+04
7.982000000000000000e+04
6.502500000000000000e+04
4.036600000000000000e+04
3.337000000000000000e+04
2.318400000000000000e+04
2.514900000000000000e+04
1.954800000000000000e+04
2.666900000000000000e+04
2.922300000000000000e+04
4.306200000000000000e+04
5.801200000000000000e+04
4.368800000000000000e+04
5.478600000000000000e+04
4.538900000000000000e+04
2.745800000000000000e+04
2.470600000000000000e+04
2.015300000000000000e+04
2.640500000000000000e+04
3.170900000000000000e+04
4.327700000000000000e+04
5.986000000000000000e+04
8.990500000000000000e+04
8.773700000000000000e+04
5.888800000000000000e+04
4.587200000000000000e+04
2.390300000000000000e+04
2.683100000000000000e+04
2.755700000000000000e+04
3.057600000000000000e+04
5.040100000000000000e+04
3.224400000000000000e+04
2.385400000000000000e+04
2.680400000000000000e+04
1.646400000000000000e+04
1.700800000000000000e+04
1.407800000000000000e+04
1.046100000000000000e+04
1.126700000000000000e+04
1.300600000000000000e+04
1.820900000000000000e+04
3.239700000000000000e+04
4.263300000000000000e+04
3.080600000000000000e+04
1.647600000000000000e+04
1.644600000000000000e+04
2.322600000000000000e+04
1.903500000000000000e+04
2.296100000000000000e+04
3.112000000000000000e+04
6.603400000000000000e+04
1.576170000000000000e+05
1.551690000000000000e+05
8.200400000000000000e+04
5.149900000000000000e+04
2.517300000000000000e+04
2.695800000000000000e+04
2.174800000000000000e+04
2.087900000000000000e+04
2.462100000000000000e+04
3.671500000000000000e+04
6.807200000000000000e+04
4.787300000000000000e+04
3.537300000000000000e+04
2.692000000000000000e+04
2.261000000000000000e+04
3.289000000000000000e+04
3.515200000000000000e+04
5.878700000000000000e+04
6.924100000000000000e+04
8.075700000000000000e+04
5.888100000000000000e+04
4.073300000000000000e+04
4.664200000000000000e+04
2.922500000000000000e+04
4.530100000000000000e+04
4.893200000000000000e+04
6.643800000000000000e+04
8.676600000000000000e+04
4.638200000000000000e+04
2.215600000000000000e+04
1.697200000000000000e+04
2.405700000000000000e+04
2.467700000000000000e+04
2.458500000000000000e+04
3.879300000000000000e+04
4.327200000000000000e+04
6.891700000000000000e+04
7.027100000000000000e+04
4.164000000000000000e+04
2.524600000000000000e+04
2.063300000000000000e+04
2.241900000000000000e+04
1.637900000000000000e+04
1.876000000000000000e+04
2.126700000000000000e+04
2.933000000000000000e+04
3.544000000000000000e+04
3.677500000000000000e+04
5.731800000000000000e+04
5.631300000000000000e+04
4.791700000000000000e+04
3.261900000000000000e+04
2.018000000000000000e+04
2.722300000000000000e+04
2.453200000000000000e+04
4.106600000000000000e+04
4.177700000000000000e+04
2.913800000000000000e+04
3.303400000000000000e+04
2.933800000000000000e+04
2.761500000000000000e+04
1.872100000000000000e+04
1.818100000000000000e+04
2.035400000000000000e+04
2.251000000000000000e+04
3.375000000000000000e+04
3.514900000000000000e+04
4.746400000000000000e+04
4.798500000000000000e+04
3.304300000000000000e+04
2.546800000000000000e+04
1.559000000000000000e+04
1.773200000000000000e+04
1.457400000000000000e+04
1.488100000000000000e+04
1.775600000000000000e+04
2.115900000000000000e+04
3.948200000000000000e+04
3.847300000000000000e+04
2.568400000000000000e+04
1.597900000000000000e+04
1.357800000000000000e+04
1.343100000000000000e+04
1.567800000000000000e+04
2.615300000000000000e+04
3.050200000000000000e+04
2.983600000000000000e+04
2.353500000000000000e+04
1.426800000000000000e+04
1.430200000000000000e+04
2.144100000000000000e+04
2.556900000000000000e+04
2.789800000000000000e+04
3.842100000000000000e+04
3.442100000000000000e+04
2.334300000000000000e+04
2.399500000000000000e+04
2.608500000000000000e+04
2.517800000000000000e+04
1.673700000000000000e+04
1.700400000000000000e+04
2.428400000000000000e+04
2.985500000000000000e+04
4.306300000000000000e+04
5.418100000000000000e+04
4.991100000000000000e+04
3.345400000000000000e+04
2.110700000000000000e+04
1.466300000000000000e+04
1.118600000000000000e+04
1.407800000000000000e+04
1.660600000000000000e+04
2.787800000000000000e+04
3.535500000000000000e+04
3.580900000000000000e+04
4.995500000000000000e+04
5.277900000000000000e+04
3.481800000000000000e+04
1.996000000000000000e+04
1.290500000000000000e+04
1.273100000000000000e+04
1.322500000000000000e+04
2.223200000000000000e+04
3.506800000000000000e+04
3.177000000000000000e+04
2.244900000000000000e+04
1.706300000000000000e+04
1.210400000000000000e+04
9.358000000000000000e+03
9.190000000000000000e+03
9.292000000000000000e+03
1.034300000000000000e+04
1.307700000000000000e+04
1.907200000000000000e+04
3.413800000000000000e+04
4.210400000000000000e+04
3.460600000000000000e+04
2.195400000000000000e+04
1.312300000000000000e+04
1.450900000000000000e+04
1.536600000000000000e+04
1.672600000000000000e+04
2.335300000000000000e+04
2.497400000000000000e+04
2.729500000000000000e+04
2.944600000000000000e+04
2.623300000000000000e+04
2.251800000000000000e+04
1.576800000000000000e+04
2.086900000000000000e+04
2.691400000000000000e+04
3.024200000000000000e+04
5.827800000000000000e+04
8.291800000000000000e+04
6.244400000000000000e+04
2.960200000000000000e+04
1.403400000000000000e+04
1.173000000000000000e+04
1.285700000000000000e+04
1.511600000000000000e+04
1.773200000000000000e+04
3.106400000000000000e+04
6.065300000000000000e+04
7.044800000000000000e+04
4.560500000000000000e+04
2.006400000000000000e+04
1.209100000000000000e+04
1.141000000000000000e+04
1.172800000000000000e+04
1.531300000000000000e+04
2.558700000000000000e+04
4.843000000000000000e+04
7.080700000000000000e+04
6.401900000000000000e+04
3.294100000000000000e+04
1.663000000000000000e+04
1.885000000000000000e+04
1.717000000000000000e+04
1.641800000000000000e+04
2.208900000000000000e+04
2.499300000000000000e+04
2.334300000000000000e+04
1.961400000000000000e+04
1.837800000000000000e+04
2.204900000000000000e+04
2.128700000000000000e+04
1.392900000000000000e+04
1.260300000000000000e+04
1.605700000000000000e+04
1.581400000000000000e+04
1.529600000000000000e+04
2.216200000000000000e+04
3.159200000000000000e+04
3.010400000000000000e+04
1.936900000000000000e+04
1.244000000000000000e+04
1.373400000000000000e+04
1.650400000000000000e+04
1.732500000000000000e+04
1.992000000000000000e+04
2.785600000000000000e+04
3.819800000000000000e+04
4.078200000000000000e+04
3.008700000000000000e+04
1.666700000000000000e+04
1.369900000000000000e+04
1.554900000000000000e+04
1.445400000000000000e+04
1.519300000000000000e+04
2.040500000000000000e+04
2.572300000000000000e+04
2.871300000000000000e+04
2.801800000000000000e+04
2.112000000000000000e+04
1.353600000000000000e+04
1.366100000000000000e+04
2.029000000000000000e+04
2.261400000000000000e+04
2.515200000000000000e+04
4.251300000000000000e+04
5.845200000000000000e+04
5.100300000000000000e+04
2.835500000000000000e+04
1.475000000000000000e+04
1.158600000000000000e+04
1.218000000000000000e+04
1.242500000000000000e+04
1.345000000000000000e+04
2.039300000000000000e+04
3.698800000000000000e+04
5.078700000000000000e+04
4.535600000000000000e+04
2.585700000000000000e+04
1.337700000000000000e+04
1.217000000000000000e+04
1.189100000000000000e+04
1.057200000000000000e+04
1.238900000000000000e+04
1.907000000000000000e+04
2.746100000000000000e+04
3.098900000000000000e+04
2.569300000000000000e+04
1.566000000000000000e+04
1.104400000000000000e+04
1.253000000000000000e+04
1.388000000000000000e+04
1.239600000000000000e+04
1.374200000000000000e+04
2.046300000000000000e+04
2.805500000000000000e+04
2.851600000000000000e+04
2.241000000000000000e+04
1.452200000000000000e+04
1.146700000000000000e+04
1.262600000000000000e+04
1.412400000000000000e+04
1.377900000000000000e+04
1.504700000000000000e+04
1.966600000000000000e+04
2.310400000000000000e+04
2.070700000000000000e+04
1.625500000000000000e+04
1.265300000000000000e+04
1.091700000000000000e+04
1.231500000000000000e+04
1.493100000000000000e+04
1.608700000000000000e+04
1.629300000000000000e+04
1.775000000000000000e+04
1.825500000000000000e+04
1.506100000000000000e+04
1.207600000000000000e+04
1.158300000000000000e+04
1.091500000000000000e+04
1.091700000000000000e+04
1.721400000000000000e+04
2.711400000000000000e+04
2.702700000000000000e+04
1.715100000000000000e+04
1.219400000000000000e+04
1.182200000000000000e+04
1.176300000000000000e+04
1.167500000000000000e+04
1.255700000000000000e+04
1.524900000000000000e+04
2.245800000000000000e+04
3.319300000000000000e+04
4.023800000000000000e+04
3.593700000000000000e+04
2.249400000000000000e+04
1.294400000000000000e+04
1.211000000000000000e+04
1.511100000000000000e+04
1.503800000000000000e+04
1.652300000000000000e+04
2.720600000000000000e+04
4.108800000000000000e+04
4.408600000000000000e+04
3.144400000000000000e+04
1.760800000000000000e+04
1.165500000000000000e+04
1.143200000000000000e+04
1.325700000000000000e+04
1.569800000000000000e+04
1.811900000000000000e+04
2.290700000000000000e+04
2.972300000000000000e+04
3.289700000000000000e+04
2.617700000000000000e+04
1.542600000000000000e+04
1.127800000000000000e+04
1.343800000000000000e+04
1.474000000000000000e+04
1.387900000000000000e+04
1.520700000000000000e+04
1.967700000000000000e+04
2.225300000000000000e+04
2.114500000000000000e+04
1.698000000000000000e+04
1.226900000000000000e+04
1.036200000000000000e+04
1.296200000000000000e+04
1.658800000000000000e+04
1.756000000000000000e+04
1.765500000000000000e+04
2.107600000000000000e+04
2.456900000000000000e+04
2.302300000000000000e+04
1.697200000000000000e+04
1.146500000000000000e+04
1.010600000000000000e+04
1.145200000000000000e+04
1.116000000000000000e+04
1.075700000000000000e+04
1.349500000000000000e+04
1.780500000000000000e+04
1.949500000000000000e+04
1.627700000000000000e+04
1.109600000000000000e+04
9.464000000000000000e+03
1.086700000000000000e+04
1.213300000000000000e+04
1.178200000000000000e+04
1.246700000000000000e+04
1.399800000000000000e+04
