3.292400000000000000e+04
3.299100000000000000e+04
4.840800000000000000e+04
3.915300000000000000e+04
8.121800000000000000e+04
1.210950000000000000e+05
7.688100000000000000e+04
9.334800000000000000e+04
1.401660000000000000e+05
8.634200000000000000e+04
3.936400000000000000e+04
4.713300000000000000e+04
3.995400000000000000e+04
6.388500000000000000e+04
1.464980000000000000e+05
2.552170000000000000e+05
2.915290000000000000e+05
1.908910000000000000e+05
7.745100000000000000e+04
4.119400000000000000e+04
3.629400000000000000e+04
4.022000000000000000e+04
4.393700000000000000e+04
8.176700000000000000e+04
1.841440000000000000e+05
2.581000000000000000e+05
2.272490000000000000e+05
1.327590000000000000e+05
5.493900000000000000e+04
3.374100000000000000e+04
3.430300000000000000e+04
3.088200000000000000e+04
4.742900000000000000e+04
1.070480000000000000e+05
2.155190000000000000e+05
2.763980000000000000e+05
1.986640000000000000e+05
8.608600000000000000e+04
3.852800000000000000e+04
2.918400000000000000e+04
3.406200000000000000e+04
3.321300000000000000e+04
6.029700000000000000e+04
1.373740000000000000e+05
1.824380000000000000e+05
1.586060000000000000e+05
1.104560000000000000e+05
6.394000000000000000e+04
3.382700000000000000e+04
3.313900000000000000e+04
3.754900000000000000e+04
4.222700000000000000e+04
1.046380000000000000e+05
1.800510000000000000e+05
1.674590000000000000e+05
1.214550000000000000e+05
9.903900000000000000e+04
5.947100000000000000e+04
3.316300000000000000e+04
4.093600000000000000e+04
3.511100000000000000e+04
5.124300000000000000e+04
1.081230000000000000e+05
1.239010000000000000e+05
9.662700000000000000e+04
9.695100000000000000e+04
8.571700000000000000e+04
4.282100000000000000e+04
3.784700000000000000e+04
4.403200000000000000e+04
3.792100000000000000e+04
7.568500000000000000e+04
1.497440000000000000e+05
2.551650000000000000e+05
3.245580000000000000e+05
2.506650000000000000e+05
1.047620000000000000e+05
3.420700000000000000e+04
2.975400000000000000e+04
3.185000000000000000e+04
4.743600000000000000e+04
1.246140000000000000e+05
2.596550000000000000e+05
3.074380000000000000e+05
2.013170000000000000e+05
7.783200000000000000e+04
3.191400000000000000e+04
3.075700000000000000e+04
2.621500000000000000e+04
2.776200000000000000e+04
6.148000000000000000e+04
1.824940000000000000e+05
3.499480000000000000e+05
3.437810000000000000e+05
1.746590000000000000e+05
6.032200000000000000e+04
3.982400000000000000e+04
3.893200000000000000e+04
3.750400000000000000e+04
4.699700000000000000e+04
1.095410000000000000e+05
2.536750000000000000e+05
3.390250000000000000e+05
2.418500000000000000e+05
9.929600000000000000e+04
4.198800000000000000e+04
3.393100000000000000e+04
3.728600000000000000e+04
3.659100000000000000e+04
6.201400000000000000e+04
1.523840000000000000e+05
2.992790000000000000e+05
3.687930000000000000e+05
2.390270000000000000e+05
8.148100000000000000e+04
4.278600000000000000e+04
3.200400000000000000e+04
3.381800000000000000e+04
4.032700000000000000e+04
7.844600000000000000e+04
1.709020000000000000e+05
1.961760000000000000e+05
1.647380000000000000e+05
1.127810000000000000e+05
4.737200000000000000e+04
3.190400000000000000e+04
3.045700000000000000e+04
2.870000000000000000e+04
4.437700000000000000e+04
1.039030000000000000e+05
2.226720000000000000e+05
2.525800000000000000e+05
1.719480000000000000e+05
9.971400000000000000e+04
4.445700000000000000e+04
3.460000000000000000e+04
3.010500000000000000e+04
3.041700000000000000e+04
6.734400000000000000e+04
2.413210000000000000e+05
5.941270000000000000e+05
6.466530000000000000e+05
2.993500000000000000e+05
7.629900000000000000e+04
3.629100000000000000e+04
2.141900000000000000e+04
2.347800000000000000e+04
3.548400000000000000e+04
1.044570000000000000e+05
3.603700000000000000e+05
6.542890000000000000e+05
5.582770000000000000e+05
2.182990000000000000e+05
6.896700000000000000e+04
4.225200000000000000e+04
2.595800000000000000e+04
3.358200000000000000e+04
5.135400000000000000e+04
1.867860000000000000e+05
4.598640000000000000e+05
5.954370000000000000e+05
3.844720000000000000e+05
1.238080000000000000e+05
6.854300000000000000e+04
4.441000000000000000e+04
3.861800000000000000e+04
5.817300000000000000e+04
1.011280000000000000e+05
1.728820000000000000e+05
1.308200000000000000e+05
2.311080000000000000e+05
3.616160000000000000e+05
1.919240000000000000e+05
7.720200000000000000e+04
6.334400000000000000e+04
3.833400000000000000e+04
6.684600000000000000e+04
1.311300000000000000e+05
3.645910000000000000e+05
4.887310000000000000e+05
2.909140000000000000e+05
9.722400000000000000e+04
4.100800000000000000e+04
3.369700000000000000e+04
3.281600000000000000e+04
3.994100000000000000e+04
7.532400000000000000e+04
2.356210000000000000e+05
5.277260000000000000e+05
5.297990000000000000e+05
2.276400000000000000e+05
6.167700000000000000e+04
3.814300000000000000e+04
2.712500000000000000e+04
3.015000000000000000e+04
4.356400000000000000e+04
1.244720000000000000e+05
3.551940000000000000e+05
5.204660000000000000e+05
3.625230000000000000e+05
1.182990000000000000e+05
3.906800000000000000e+04
2.674600000000000000e+04
2.591700000000000000e+04
3.065200000000000000e+04
6.425100000000000000e+04
2.068840000000000000e+05
5.212670000000000000e+05
6.262750000000000000e+05
3.172770000000000000e+05
8.369900000000000000e+04
4.566400000000000000e+04
2.912500000000000000e+04
3.623600000000000000e+04
3.770000000000000000e+04
9.764400000000000000e+04
3.156900000000000000e+05
5.924350000000000000e+05
5.471510000000000000e+05
2.178330000000000000e+05
8.308100000000000000e+04
6.205600000000000000e+04
3.309900000000000000e+04
4.198100000000000000e+04
5.218200000000000000e+04
1.671140000000000000e+05
3.936770000000000000e+05
5.302210000000000000e+05
3.639510000000000000e+05
1.135170000000000000e+05
7.534100000000000000e+04
5.080900000000000000e+04
4.048800000000000000e+04
5.146400000000000000e+04
1.063860000000000000e+05
2.948430000000000000e+05
4.163150000000000000e+05
4.087730000000000000e+05
2.377030000000000000e+05
7.364100000000000000e+04
6.218800000000000000e+04
4.437000000000000000e+04
4.337100000000000000e+04
6.810700000000000000e+04
1.715870000000000000e+05
3.394760000000000000e+05
3.714310000000000000e+05
2.466750000000000000e+05
9.520600000000000000e+04
4.384500000000000000e+04
4.207700000000000000e+04
3.043200000000000000e+04
3.503900000000000000e+04
6.680100000000000000e+04
1.755290000000000000e+05
2.928030000000000000e+05
2.763210000000000000e+05
1.554320000000000000e+05
6.093000000000000000e+04
3.755000000000000000e+04
3.694500000000000000e+04
4.125200000000000000e+04
7.367000000000000000e+04
1.404050000000000000e+05
1.369780000000000000e+05
9.723900000000000000e+04
2.067830000000000000e+05
2.538900000000000000e+05
1.144550000000000000e+05
5.732200000000000000e+04
5.109000000000000000e+04
3.004400000000000000e+04
5.223200000000000000e+04
1.905880000000000000e+05
5.721580000000000000e+05
7.611290000000000000e+05
4.072430000000000000e+05
1.129020000000000000e+05
6.551900000000000000e+04
3.458800000000000000e+04
3.275900000000000000e+04
3.567000000000000000e+04
1.058950000000000000e+05
3.500750000000000000e+05
7.240530000000000000e+05
7.247930000000000000e+05
2.992210000000000000e+05
1.071010000000000000e+05
7.560900000000000000e+04
3.526300000000000000e+04
3.913000000000000000e+04
4.792500000000000000e+04
1.521820000000000000e+05
3.623090000000000000e+05
5.261940000000000000e+05
3.795400000000000000e+05
1.229030000000000000e+05
7.492700000000000000e+04
4.766900000000000000e+04
3.124200000000000000e+04
3.796500000000000000e+04
8.795800000000000000e+04
2.658000000000000000e+05
4.598490000000000000e+05
4.768740000000000000e+05
2.399420000000000000e+05
7.589800000000000000e+04
6.470800000000000000e+04
3.618500000000000000e+04
3.723200000000000000e+04
5.478000000000000000e+04
1.673470000000000000e+05
3.549340000000000000e+05
4.231850000000000000e+05
2.858970000000000000e+05
9.748600000000000000e+04
4.475700000000000000e+04
3.854300000000000000e+04
2.909300000000000000e+04
3.715200000000000000e+04
7.605800000000000000e+04
2.041290000000000000e+05
3.531840000000000000e+05
3.671570000000000000e+05
2.199690000000000000e+05
7.801200000000000000e+04
4.648400000000000000e+04
4.930800000000000000e+04
3.645100000000000000e+04
4.293600000000000000e+04
1.195070000000000000e+05
3.403430000000000000e+05
6.177690000000000000e+05
5.131360000000000000e+05
1.783190000000000000e+05
7.208200000000000000e+04
4.813400000000000000e+04
2.800200000000000000e+04
2.885800000000000000e+04
4.155200000000000000e+04
1.487870000000000000e+05
4.425040000000000000e+05
6.892630000000000000e+05
4.515850000000000000e+05
1.392310000000000000e+05
8.955300000000000000e+04
4.520100000000000000e+04
3.073300000000000000e+04
3.479500000000000000e+04
1.019340000000000000e+05
3.021750000000000000e+05
6.155130000000000000e+05
6.844870000000000000e+05
3.308670000000000000e+05
1.089690000000000000e+05
8.241900000000000000e+04
3.638500000000000000e+04
3.713300000000000000e+04
4.719800000000000000e+04
1.200980000000000000e+05
1.364130000000000000e+05
1.114510000000000000e+05
2.184900000000000000e+05
2.065260000000000000e+05
7.337400000000000000e+04
5.546100000000000000e+04
3.706900000000000000e+04
4.107000000000000000e+04
8.638000000000000000e+04
2.232660000000000000e+05
3.779920000000000000e+05
3.143880000000000000e+05
1.785300000000000000e+05
7.177300000000000000e+04
4.922000000000000000e+04
4.329900000000000000e+04
3.098500000000000000e+04
4.991000000000000000e+04
1.244130000000000000e+05
3.119750000000000000e+05
3.330470000000000000e+05
2.247130000000000000e+05
1.080840000000000000e+05
4.389300000000000000e+04
4.638600000000000000e+04
2.649900000000000000e+04
3.529300000000000000e+04
5.555200000000000000e+04
1.635680000000000000e+05
2.336270000000000000e+05
2.093620000000000000e+05
1.707780000000000000e+05
7.069400000000000000e+04
3.230200000000000000e+04
2.894000000000000000e+04
2.273000000000000000e+04
3.218400000000000000e+04
8.665400000000000000e+04
2.652690000000000000e+05
5.287920000000000000e+05
5.051290000000000000e+05
2.036250000000000000e+05
8.204700000000000000e+04
5.067700000000000000e+04
2.975200000000000000e+04
3.189500000000000000e+04
3.354900000000000000e+04
9.027700000000000000e+04
2.605410000000000000e+05
4.845960000000000000e+05
3.657410000000000000e+05
1.211190000000000000e+05
6.787100000000000000e+04
3.290200000000000000e+04
2.811800000000000000e+04
2.598700000000000000e+04
5.736000000000000000e+04
1.550600000000000000e+05
3.648290000000000000e+05
4.345430000000000000e+05
1.967380000000000000e+05
6.355200000000000000e+04
4.520800000000000000e+04
2.345600000000000000e+04
2.554800000000000000e+04
3.175100000000000000e+04
9.047300000000000000e+04
1.993460000000000000e+05
2.636370000000000000e+05
1.791580000000000000e+05
6.240600000000000000e+04
3.062800000000000000e+04
2.770800000000000000e+04
1.875400000000000000e+04
2.374300000000000000e+04
4.298600000000000000e+04
1.175180000000000000e+05
1.748260000000000000e+05
1.570490000000000000e+05
1.075440000000000000e+05
4.577000000000000000e+04
3.289700000000000000e+04
3.065300000000000000e+04
2.760100000000000000e+04
4.029500000000000000e+04
8.517100000000000000e+04
1.742800000000000000e+05
1.869650000000000000e+05
1.575640000000000000e+05
9.788100000000000000e+04
3.735000000000000000e+04
3.567900000000000000e+04
2.599200000000000000e+04
2.576000000000000000e+04
2.925500000000000000e+04
2.677800000000000000e+04
3.837900000000000000e+04
7.270800000000000000e+04
9.845600000000000000e+04
5.899700000000000000e+04
2.327700000000000000e+04
2.008300000000000000e+04
1.725800000000000000e+04
1.984200000000000000e+04
4.363400000000000000e+04
1.084740000000000000e+05
1.941140000000000000e+05
1.839600000000000000e+05
7.745000000000000000e+04
2.785100000000000000e+04
2.342400000000000000e+04
1.636900000000000000e+04
1.658100000000000000e+04
2.104500000000000000e+04
5.174400000000000000e+04
1.082670000000000000e+05
1.269490000000000000e+05
8.560900000000000000e+04
3.362300000000000000e+04
1.900700000000000000e+04
1.830000000000000000e+04
1.479900000000000000e+04
1.769800000000000000e+04
2.647200000000000000e+04
5.710500000000000000e+04
7.788100000000000000e+04
6.762400000000000000e+04
4.249200000000000000e+04
1.979900000000000000e+04
1.830500000000000000e+04
1.455700000000000000e+04
1.249800000000000000e+04
1.542400000000000000e+04
3.151300000000000000e+04
5.688200000000000000e+04
5.531500000000000000e+04
3.937300000000000000e+04
2.323800000000000000e+04
1.432600000000000000e+04
1.455100000000000000e+04
1.272300000000000000e+04
1.239800000000000000e+04
1.232400000000000000e+04
1.755500000000000000e+04
1.851600000000000000e+04
1.833300000000000000e+04
2.119900000000000000e+04
1.516300000000000000e+04
1.120800000000000000e+04
1.122600000000000000e+04
1.122000000000000000e+04
1.217300000000000000e+04
1.448400000000000000e+04
2.142200000000000000e+04
1.971100000000000000e+04
1.969000000000000000e+04
2.381400000000000000e+04
1.553000000000000000e+04
1.543500000000000000e+04
1.468700000000000000e+04
1.208100000000000000e+04
1.267500000000000000e+04
1.956900000000000000e+04
2.681700000000000000e+04
2.629500000000000000e+04
2.250400000000000000e+04
1.359200000000000000e+04
1.279300000000000000e+04
1.168900000000000000e+04
1.140800000000000000e+04
1.180100000000000000e+04
1.858000000000000000e+04
3.159700000000000000e+04
4.879200000000000000e+04
4.418000000000000000e+04
2.183000000000000000e+04
1.282800000000000000e+04
1.307700000000000000e+04
1.264500000000000000e+04
1.150100000000000000e+04
1.412000000000000000e+04
2.743200000000000000e+04
4.377500000000000000e+04
4.798000000000000000e+04
4.393800000000000000e+04
2.415900000000000000e+04
1.531200000000000000e+04
1.441600000000000000e+04
1.288400000000000000e+04
1.613400000000000000e+04
2.504000000000000000e+04
4.120600000000000000e+04
4.880500000000000000e+04
5.518800000000000000e+04
5.300600000000000000e+04
2.996000000000000000e+04
1.557800000000000000e+04
1.584600000000000000e+04
1.527700000000000000e+04
2.224600000000000000e+04
4.140000000000000000e+04
6.977400000000000000e+04
6.530900000000000000e+04
7.751900000000000000e+04
6.607100000000000000e+04
3.268000000000000000e+04
3.689500000000000000e+04
2.233100000000000000e+04
2.777300000000000000e+04
3.842000000000000000e+04
1.003440000000000000e+05
1.302310000000000000e+05
1.113420000000000000e+05
1.010450000000000000e+05
4.810900000000000000e+04
3.165000000000000000e+04
2.991200000000000000e+04
2.486700000000000000e+04
3.513500000000000000e+04
4.726900000000000000e+04
9.400600000000000000e+04
8.771000000000000000e+04
1.141810000000000000e+05
1.158730000000000000e+05
4.978300000000000000e+04
4.980700000000000000e+04
3.152700000000000000e+04
3.653300000000000000e+04
4.964100000000000000e+04
1.201230000000000000e+05
2.143000000000000000e+05
2.068050000000000000e+05
1.467760000000000000e+05
6.073700000000000000e+04
3.841400000000000000e+04
3.517400000000000000e+04
2.395400000000000000e+04
3.354500000000000000e+04
5.824700000000000000e+04
1.500780000000000000e+05
2.323760000000000000e+05
2.238560000000000000e+05
1.274940000000000000e+05
4.440200000000000000e+04
4.175900000000000000e+04
3.068800000000000000e+04
3.343000000000000000e+04
4.775500000000000000e+04
1.012120000000000000e+05
1.908370000000000000e+05
1.976440000000000000e+05
1.598900000000000000e+05
7.848200000000000000e+04
3.520000000000000000e+04
3.738400000000000000e+04
2.583100000000000000e+04
3.508600000000000000e+04
5.725900000000000000e+04
1.361540000000000000e+05
1.577850000000000000e+05
1.442610000000000000e+05
1.474240000000000000e+05
6.395800000000000000e+04
4.615800000000000000e+04
3.480300000000000000e+04
3.191400000000000000e+04
4.032700000000000000e+04
7.425100000000000000e+04
1.163270000000000000e+05
9.748400000000000000e+04
1.357840000000000000e+05
1.120270000000000000e+05
4.652200000000000000e+04
4.387400000000000000e+04
2.774000000000000000e+04
3.608200000000000000e+04
3.448200000000000000e+04
7.153800000000000000e+04
8.614700000000000000e+04
1.031100000000000000e+05
1.633700000000000000e+05
9.499000000000000000e+04
4.037400000000000000e+04
3.006300000000000000e+04
2.093600000000000000e+04
2.731700000000000000e+04
3.528100000000000000e+04
6.266100000000000000e+04
9.093400000000000000e+04
9.978800000000000000e+04
7.006300000000000000e+04
3.330000000000000000e+04
1.930300000000000000e+04
2.072700000000000000e+04
2.143100000000000000e+04
4.439000000000000000e+04
1.027970000000000000e+05
2.565800000000000000e+05
3.653480000000000000e+05
2.560690000000000000e+05
8.620100000000000000e+04
4.292900000000000000e+04
3.146100000000000000e+04
2.898700000000000000e+04
3.547100000000000000e+04
6.985900000000000000e+04
1.662350000000000000e+05
3.358790000000000000e+05
3.804780000000000000e+05
1.794640000000000000e+05
5.348600000000000000e+04
3.439900000000000000e+04
2.889900000000000000e+04
3.768900000000000000e+04
5.228400000000000000e+04
1.178110000000000000e+05
2.488940000000000000e+05
3.431580000000000000e+05
2.689660000000000000e+05
9.948000000000000000e+04
4.074800000000000000e+04
3.453700000000000000e+04
2.865400000000000000e+04
3.594300000000000000e+04
6.364300000000000000e+04
1.464050000000000000e+05
2.542570000000000000e+05
2.975660000000000000e+05
1.806150000000000000e+05
6.180700000000000000e+04
4.307900000000000000e+04
3.458100000000000000e+04
3.558900000000000000e+04
4.467100000000000000e+04
8.271700000000000000e+04
1.688370000000000000e+05
2.133420000000000000e+05
2.163210000000000000e+05
1.267620000000000000e+05
4.294500000000000000e+04
3.385800000000000000e+04
2.710200000000000000e+04
3.715100000000000000e+04
4.741300000000000000e+04
1.094000000000000000e+05
1.704870000000000000e+05
1.892920000000000000e+05
1.780860000000000000e+05
8.595100000000000000e+04
4.052700000000000000e+04
3.642200000000000000e+04
3.181400000000000000e+04
4.124000000000000000e+04
6.900800000000000000e+04
1.538560000000000000e+05
2.299710000000000000e+05
2.832400000000000000e+05
1.883640000000000000e+05
6.483300000000000000e+04
4.218800000000000000e+04
2.673900000000000000e+04
3.314000000000000000e+04
4.592900000000000000e+04
1.143040000000000000e+05
2.303460000000000000e+05
3.111780000000000000e+05
2.280320000000000000e+05
7.706400000000000000e+04
2.982900000000000000e+04
2.355400000000000000e+04
2.047200000000000000e+04
2.847700000000000000e+04
4.708700000000000000e+04
1.123000000000000000e+05
1.940690000000000000e+05
2.138410000000000000e+05
1.665580000000000000e+05
6.629800000000000000e+04
3.888200000000000000e+04
2.590900000000000000e+04
2.701700000000000000e+04
3.053400000000000000e+04
5.775100000000000000e+04
1.010770000000000000e+05
1.108410000000000000e+05
9.525000000000000000e+04
6.768000000000000000e+04
3.425400000000000000e+04
2.162400000000000000e+04
2.170100000000000000e+04
2.985300000000000000e+04
4.902900000000000000e+04
1.015280000000000000e+05
1.425060000000000000e+05
1.170760000000000000e+05
1.648380000000000000e+05
1.040990000000000000e+05
5.264800000000000000e+04
3.755600000000000000e+04
3.415400000000000000e+04
4.251400000000000000e+04
6.902800000000000000e+04
1.279390000000000000e+05
1.325420000000000000e+05
1.828000000000000000e+05
1.537540000000000000e+05
5.890600000000000000e+04
4.526200000000000000e+04
3.742700000000000000e+04
5.300900000000000000e+04
6.480100000000000000e+04
1.287200000000000000e+05
1.696070000000000000e+05
1.291880000000000000e+05
1.925630000000000000e+05
1.132960000000000000e+05
5.369200000000000000e+04
3.527400000000000000e+04
3.071300000000000000e+04
3.775800000000000000e+04
7.773000000000000000e+04
1.739290000000000000e+05
3.677190000000000000e+05
4.620770000000000000e+05
2.329400000000000000e+05
6.406500000000000000e+04
2.962400000000000000e+04
2.391100000000000000e+04
2.930600000000000000e+04
4.077200000000000000e+04
8.721400000000000000e+04
2.091770000000000000e+05
3.871500000000000000e+05
3.365010000000000000e+05
1.206480000000000000e+05
4.353800000000000000e+04
2.925200000000000000e+04
3.196900000000000000e+04
3.538900000000000000e+04
6.132200000000000000e+04
1.356170000000000000e+05
2.871400000000000000e+05
3.638850000000000000e+05
2.093220000000000000e+05
5.965900000000000000e+04
3.265700000000000000e+04
2.646500000000000000e+04
3.394600000000000000e+04
4.639300000000000000e+04
9.512900000000000000e+04
2.058970000000000000e+05
3.201270000000000000e+05
2.747500000000000000e+05
1.150970000000000000e+05
3.794600000000000000e+04
3.310200000000000000e+04
2.953300000000000000e+04
4.488600000000000000e+04
6.078900000000000000e+04
1.421060000000000000e+05
2.408240000000000000e+05
2.630410000000000000e+05
1.727020000000000000e+05
5.931400000000000000e+04
2.870800000000000000e+04
2.464400000000000000e+04
2.761100000000000000e+04
4.221400000000000000e+04
6.919700000000000000e+04
1.646910000000000000e+05
2.169800000000000000e+05
1.912210000000000000e+05
1.308840000000000000e+05
4.773400000000000000e+04
2.950400000000000000e+04
2.086700000000000000e+04
2.632300000000000000e+04
2.966500000000000000e+04
5.702600000000000000e+04
8.125800000000000000e+04
8.646800000000000000e+04
9.422200000000000000e+04
6.481500000000000000e+04
2.725000000000000000e+04
2.210900000000000000e+04
2.663100000000000000e+04
4.431400000000000000e+04
7.712100000000000000e+04
1.709050000000000000e+05
3.101850000000000000e+05
3.233720000000000000e+05
1.900980000000000000e+05
6.043600000000000000e+04
3.962700000000000000e+04
3.323000000000000000e+04
4.062000000000000000e+04
4.922400000000000000e+04
1.048510000000000000e+05
2.175170000000000000e+05
3.366000000000000000e+05
2.978170000000000000e+05
1.242270000000000000e+05
3.758800000000000000e+04
3.112800000000000000e+04
3.231000000000000000e+04
4.456000000000000000e+04
6.112300000000000000e+04
1.355100000000000000e+05
2.302190000000000000e+05
2.679530000000000000e+05
1.899370000000000000e+05
6.508100000000000000e+04
3.266100000000000000e+04
2.896000000000000000e+04
3.463500000000000000e+04
4.688300000000000000e+04
7.538600000000000000e+04
1.532180000000000000e+05
1.842950000000000000e+05
1.795440000000000000e+05
1.189540000000000000e+05
4.141500000000000000e+04
3.297400000000000000e+04
2.562200000000000000e+04
3.665400000000000000e+04
4.218000000000000000e+04
9.301500000000000000e+04
1.420620000000000000e+05
1.425260000000000000e+05
1.368860000000000000e+05
7.232300000000000000e+04
2.985700000000000000e+04
2.442400000000000000e+04
2.094300000000000000e+04
2.952200000000000000e+04
3.256400000000000000e+04
5.993400000000000000e+04
8.642500000000000000e+04
1.900780000000000000e+05
1.868910000000000000e+05
6.787600000000000000e+04
3.871000000000000000e+04
2.588500000000000000e+04
3.713600000000000000e+04
4.715100000000000000e+04
1.016370000000000000e+05
2.052950000000000000e+05
3.141940000000000000e+05
2.776290000000000000e+05
1.100420000000000000e+05
3.551400000000000000e+04
2.477700000000000000e+04
2.540800000000000000e+04
3.286000000000000000e+04
5.192900000000000000e+04
1.220940000000000000e+05
2.394480000000000000e+05
3.240650000000000000e+05
2.029850000000000000e+05
5.915400000000000000e+04
3.305200000000000000e+04
2.735800000000000000e+04
3.225600000000000000e+04
4.072700000000000000e+04
7.668400000000000000e+04
1.559570000000000000e+05
2.457120000000000000e+05
2.365830000000000000e+05
1.112140000000000000e+05
3.502700000000000000e+04
2.226900000000000000e+04
1.871600000000000000e+04
2.492900000000000000e+04
2.921700000000000000e+04
5.240200000000000000e+04
5.381500000000000000e+04
5.540100000000000000e+04
7.586400000000000000e+04
5.765700000000000000e+04
2.363200000000000000e+04
1.984700000000000000e+04
2.078500000000000000e+04
3.333700000000000000e+04
5.170400000000000000e+04
1.122960000000000000e+05
1.586350000000000000e+05
1.767080000000000000e+05
1.273230000000000000e+05
4.621900000000000000e+04
3.248700000000000000e+04
2.469800000000000000e+04
3.725300000000000000e+04
4.348100000000000000e+04
8.862500000000000000e+04
1.444050000000000000e+05
1.656550000000000000e+05
1.441200000000000000e+05
6.901700000000000000e+04
2.913700000000000000e+04
2.648800000000000000e+04
2.532900000000000000e+04
4.073500000000000000e+04
4.994000000000000000e+04
1.119630000000000000e+05
1.407290000000000000e+05
1.363020000000000000e+05
1.138020000000000000e+05
4.577900000000000000e+04
3.127500000000000000e+04
2.402600000000000000e+04
3.019200000000000000e+04
3.676300000000000000e+04
7.309200000000000000e+04
1.680710000000000000e+05
2.851860000000000000e+05
2.588150000000000000e+05
9.957900000000000000e+04
3.341600000000000000e+04
2.116100000000000000e+04
2.425600000000000000e+04
2.755700000000000000e+04
4.344800000000000000e+04
9.859300000000000000e+04
2.134320000000000000e+05
3.021060000000000000e+05
1.909180000000000000e+05
5.732900000000000000e+04
3.226400000000000000e+04
2.186400000000000000e+04
2.800100000000000000e+04
3.326400000000000000e+04
6.782600000000000000e+04
1.440600000000000000e+05
2.468770000000000000e+05
2.303230000000000000e+05
9.310800000000000000e+04
3.057000000000000000e+04
2.222400000000000000e+04
2.254700000000000000e+04
3.392500000000000000e+04
4.713500000000000000e+04
1.001990000000000000e+05
1.747190000000000000e+05
1.917220000000000000e+05
1.348440000000000000e+05
5.113700000000000000e+04
2.730400000000000000e+04
2.555900000000000000e+04
2.839800000000000000e+04
3.774100000000000000e+04
5.544200000000000000e+04
1.109990000000000000e+05
1.423930000000000000e+05
1.475940000000000000e+05
1.001400000000000000e+05
3.764600000000000000e+04
3.355100000000000000e+04
2.475900000000000000e+04
3.040500000000000000e+04
3.450700000000000000e+04
6.884200000000000000e+04
1.009920000000000000e+05
9.902000000000000000e+04
1.279440000000000000e+05
8.179600000000000000e+04
2.929700000000000000e+04
1.990400000000000000e+04
1.391100000000000000e+04
1.671200000000000000e+04
1.903700000000000000e+04
3.101500000000000000e+04
4.937400000000000000e+04
7.250500000000000000e+04
7.094300000000000000e+04
3.660200000000000000e+04
1.627200000000000000e+04
1.436000000000000000e+04
1.678400000000000000e+04
2.477500000000000000e+04
4.703100000000000000e+04
1.215220000000000000e+05
2.545250000000000000e+05
2.557510000000000000e+05
1.072300000000000000e+05
3.637600000000000000e+04
2.215500000000000000e+04
2.723800000000000000e+04
3.270600000000000000e+04
4.864600000000000000e+04
8.642000000000000000e+04
1.903440000000000000e+05
2.943850000000000000e+05
1.785720000000000000e+05
5.412900000000000000e+04
2.846500000000000000e+04
2.146400000000000000e+04
3.021600000000000000e+04
3.712000000000000000e+04
6.286800000000000000e+04
1.105920000000000000e+05
1.990050000000000000e+05
2.070710000000000000e+05
9.336700000000000000e+04
3.207100000000000000e+04
2.540100000000000000e+04
2.284500000000000000e+04
3.067800000000000000e+04
4.165900000000000000e+04
7.957300000000000000e+04
1.494860000000000000e+05
2.126030000000000000e+05
1.627970000000000000e+05
5.689900000000000000e+04
2.969600000000000000e+04
2.432800000000000000e+04
2.659300000000000000e+04
3.233800000000000000e+04
4.753700000000000000e+04
9.398200000000000000e+04
1.456910000000000000e+05
1.665090000000000000e+05
9.884400000000000000e+04
3.462100000000000000e+04
2.864500000000000000e+04
2.459200000000000000e+04
3.098500000000000000e+04
3.676800000000000000e+04
6.560000000000000000e+04
1.103550000000000000e+05
1.443550000000000000e+05
1.285240000000000000e+05
5.734200000000000000e+04
2.464900000000000000e+04
2.117100000000000000e+04
1.747400000000000000e+04
2.292500000000000000e+04
3.562100000000000000e+04
7.850100000000000000e+04
1.517320000000000000e+05
2.004740000000000000e+05
1.308750000000000000e+05
4.252600000000000000e+04
2.775200000000000000e+04
1.983900000000000000e+04
2.419700000000000000e+04
2.772100000000000000e+04
5.647800000000000000e+04
1.101460000000000000e+05
2.194210000000000000e+05
2.276600000000000000e+05
9.207600000000000000e+04
3.562400000000000000e+04
2.250600000000000000e+04
2.188800000000000000e+04
2.754900000000000000e+04
3.740100000000000000e+04
7.319500000000000000e+04
1.376620000000000000e+05
1.859810000000000000e+05
1.392920000000000000e+05
5.205500000000000000e+04
2.376500000000000000e+04
1.651600000000000000e+04
1.606000000000000000e+04
1.735300000000000000e+04
2.382100000000000000e+04
3.736200000000000000e+04
4.754500000000000000e+04
7.005900000000000000e+04
7.730000000000000000e+04
4.108000000000000000e+04
1.908200000000000000e+04
1.866400000000000000e+04
2.146900000000000000e+04
3.429400000000000000e+04
6.182000000000000000e+04
1.146520000000000000e+05
1.309700000000000000e+05
1.229150000000000000e+05
6.409400000000000000e+04
2.858900000000000000e+04
2.342400000000000000e+04
2.644900000000000000e+04
3.588700000000000000e+04
4.924200000000000000e+04
9.920600000000000000e+04
1.410680000000000000e+05
1.518930000000000000e+05
8.834900000000000000e+04
2.964400000000000000e+04
2.131800000000000000e+04
1.774400000000000000e+04
2.442100000000000000e+04
3.322000000000000000e+04
6.110900000000000000e+04
1.020980000000000000e+05
9.772100000000000000e+04
1.125120000000000000e+05
8.161200000000000000e+04
3.025800000000000000e+04
2.309500000000000000e+04
1.936600000000000000e+04
2.927600000000000000e+04
3.487000000000000000e+04
6.707900000000000000e+04
9.120100000000000000e+04
1.429400000000000000e+05
1.310380000000000000e+05
5.166500000000000000e+04
2.841400000000000000e+04
1.816700000000000000e+04
2.443800000000000000e+04
2.799300000000000000e+04
5.156700000000000000e+04
9.168200000000000000e+04
1.812980000000000000e+05
1.980220000000000000e+05
8.785400000000000000e+04
3.294100000000000000e+04
2.079500000000000000e+04
2.157400000000000000e+04
2.869100000000000000e+04
3.923500000000000000e+04
7.550800000000000000e+04
1.326130000000000000e+05
1.873780000000000000e+05
1.258240000000000000e+05
4.161600000000000000e+04
2.389100000000000000e+04
1.847200000000000000e+04
2.687900000000000000e+04
3.670100000000000000e+04
5.533700000000000000e+04
9.989400000000000000e+04
1.407790000000000000e+05
1.363760000000000000e+05
7.073600000000000000e+04
2.807000000000000000e+04
2.599600000000000000e+04
2.177100000000000000e+04
3.101900000000000000e+04
3.966200000000000000e+04
6.784500000000000000e+04
1.103530000000000000e+05
1.255800000000000000e+05
1.053940000000000000e+05
5.050200000000000000e+04
2.847400000000000000e+04
2.824500000000000000e+04
2.605400000000000000e+04
3.830000000000000000e+04
4.091600000000000000e+04
7.269700000000000000e+04
8.211000000000000000e+04
8.304000000000000000e+04
7.413400000000000000e+04
3.377000000000000000e+04
2.541400000000000000e+04
1.793300000000000000e+04
1.717300000000000000e+04
1.883100000000000000e+04
1.991800000000000000e+04
2.678200000000000000e+04
4.265100000000000000e+04
6.539700000000000000e+04
5.407700000000000000e+04
2.415900000000000000e+04
1.846800000000000000e+04
2.105000000000000000e+04
2.462700000000000000e+04
4.200100000000000000e+04
8.162200000000000000e+04
1.555820000000000000e+05
1.993210000000000000e+05
1.329680000000000000e+05
5.065000000000000000e+04
3.029700000000000000e+04
2.026400000000000000e+04
2.467500000000000000e+04
3.014600000000000000e+04
5.591500000000000000e+04
1.021310000000000000e+05
1.726690000000000000e+05
1.841460000000000000e+05
8.620500000000000000e+04
3.568100000000000000e+04
2.277600000000000000e+04
1.987700000000000000e+04
2.852300000000000000e+04
4.217800000000000000e+04
7.563400000000000000e+04
1.245250000000000000e+05
1.566760000000000000e+05
1.115960000000000000e+05
4.608200000000000000e+04
2.833500000000000000e+04
2.344800000000000000e+04
2.491300000000000000e+04
3.399500000000000000e+04
5.902700000000000000e+04
1.124740000000000000e+05
1.394900000000000000e+05
1.278230000000000000e+05
6.758100000000000000e+04
2.922500000000000000e+04
2.803500000000000000e+04
2.473400000000000000e+04
3.474300000000000000e+04
4.312400000000000000e+04
7.843900000000000000e+04
1.254010000000000000e+05
1.280390000000000000e+05
9.384600000000000000e+04
4.290000000000000000e+04
2.797000000000000000e+04
2.573900000000000000e+04
2.351800000000000000e+04
3.472500000000000000e+04
4.341300000000000000e+04
8.311300000000000000e+04
9.859400000000000000e+04
1.046990000000000000e+05
8.477000000000000000e+04
3.638000000000000000e+04
2.470700000000000000e+04
1.806500000000000000e+04
2.071300000000000000e+04
2.658600000000000000e+04
4.937400000000000000e+04
8.291900000000000000e+04
1.364500000000000000e+05
1.467180000000000000e+05
7.351100000000000000e+04
3.147200000000000000e+04
2.077600000000000000e+04
2.099300000000000000e+04
2.460100000000000000e+04
3.522800000000000000e+04
6.493000000000000000e+04
1.143230000000000000e+05
1.675060000000000000e+05
1.184500000000000000e+05
4.834500000000000000e+04
2.977400000000000000e+04
1.866300000000000000e+04
2.344700000000000000e+04
2.617700000000000000e+04
4.621500000000000000e+04
7.325200000000000000e+04
1.254810000000000000e+05
1.416130000000000000e+05
7.463300000000000000e+04
3.292800000000000000e+04
2.028900000000000000e+04
1.434500000000000000e+04
1.715100000000000000e+04
1.639900000000000000e+04
1.889300000000000000e+04
2.313500000000000000e+04
4.205600000000000000e+04
7.637800000000000000e+04
5.756100000000000000e+04
2.361400000000000000e+04
2.288200000000000000e+04
2.185500000000000000e+04
3.020300000000000000e+04
4.757600000000000000e+04
8.939300000000000000e+04
1.142750000000000000e+05
1.057100000000000000e+05
6.260500000000000000e+04
2.861500000000000000e+04
2.949100000000000000e+04
2.398800000000000000e+04
3.231700000000000000e+04
4.302900000000000000e+04
8.303400000000000000e+04
1.214090000000000000e+05
1.317120000000000000e+05
1.021710000000000000e+05
4.411000000000000000e+04
2.689200000000000000e+04
2.525300000000000000e+04
2.311600000000000000e+04
3.040900000000000000e+04
4.480400000000000000e+04
8.103800000000000000e+04
1.011220000000000000e+05
1.090100000000000000e+05
7.770100000000000000e+04
3.117600000000000000e+04
2.467900000000000000e+04
2.221000000000000000e+04
2.371400000000000000e+04
2.855500000000000000e+04
5.514900000000000000e+04
9.694800000000000000e+04
1.590960000000000000e+05
1.598950000000000000e+05
7.521900000000000000e+04
3.979500000000000000e+04
2.542700000000000000e+04
2.462600000000000000e+04
2.822200000000000000e+04
4.445800000000000000e+04
7.627000000000000000e+04
1.225100000000000000e+05
1.594610000000000000e+05
9.704400000000000000e+04
3.926600000000000000e+04
2.845100000000000000e+04
2.114100000000000000e+04
2.430900000000000000e+04
3.066800000000000000e+04
4.926300000000000000e+04
8.500000000000000000e+04
1.207500000000000000e+05
1.132970000000000000e+05
5.486600000000000000e+04
2.990400000000000000e+04
2.579800000000000000e+04
2.065600000000000000e+04
2.698000000000000000e+04
3.569000000000000000e+04
6.564700000000000000e+04
9.352600000000000000e+04
9.416600000000000000e+04
6.249000000000000000e+04
2.684400000000000000e+04
2.445500000000000000e+04
2.452600000000000000e+04
2.640700000000000000e+04
3.488100000000000000e+04
4.530100000000000000e+04
7.844300000000000000e+04
8.238000000000000000e+04
6.984300000000000000e+04
5.111500000000000000e+04
2.924700000000000000e+04
3.086500000000000000e+04
2.222800000000000000e+04
2.555900000000000000e+04
2.720000000000000000e+04
4.761100000000000000e+04
5.930700000000000000e+04
5.001200000000000000e+04
5.746900000000000000e+04
3.738500000000000000e+04
1.876200000000000000e+04
1.526700000000000000e+04
1.322100000000000000e+04
1.348800000000000000e+04
1.394000000000000000e+04
2.223800000000000000e+04
4.701500000000000000e+04
6.701200000000000000e+04
5.346000000000000000e+04
2.692600000000000000e+04
1.458100000000000000e+04
1.727700000000000000e+04
1.622900000000000000e+04
2.314900000000000000e+04
4.460000000000000000e+04
7.142000000000000000e+04
1.242100000000000000e+05
1.304890000000000000e+05
6.769900000000000000e+04
3.713900000000000000e+04
2.485800000000000000e+04
1.808600000000000000e+04
2.144600000000000000e+04
3.724000000000000000e+04
6.794500000000000000e+04
1.055880000000000000e+05
1.535420000000000000e+05
1.143500000000000000e+05
5.134700000000000000e+04
3.391900000000000000e+04
2.126500000000000000e+04
2.278700000000000000e+04
3.186000000000000000e+04
5.744300000000000000e+04
8.365300000000000000e+04
1.197820000000000000e+05
1.190090000000000000e+05
6.210300000000000000e+04
3.702500000000000000e+04
3.005600000000000000e+04
2.170500000000000000e+04
2.714500000000000000e+04
3.735700000000000000e+04
6.625400000000000000e+04
9.634100000000000000e+04
1.060170000000000000e+05
7.734400000000000000e+04
3.869200000000000000e+04
3.071600000000000000e+04
2.474100000000000000e+04
2.383200000000000000e+04
3.252700000000000000e+04
5.071000000000000000e+04
8.128200000000000000e+04
1.021010000000000000e+05
9.554200000000000000e+04
5.587700000000000000e+04
3.163400000000000000e+04
3.151000000000000000e+04
2.341800000000000000e+04
2.887000000000000000e+04
3.736500000000000000e+04
5.989600000000000000e+04
9.197800000000000000e+04
9.958200000000000000e+04
8.324700000000000000e+04
4.428200000000000000e+04
3.591600000000000000e+04
3.363400000000000000e+04
2.583500000000000000e+04
3.091900000000000000e+04
4.330500000000000000e+04
7.436400000000000000e+04
9.846500000000000000e+04
1.038150000000000000e+05
7.059200000000000000e+04
3.687900000000000000e+04
3.278300000000000000e+04
2.401100000000000000e+04
2.573300000000000000e+04
3.222000000000000000e+04
4.628300000000000000e+04
6.832500000000000000e+04
9.005900000000000000e+04
8.542100000000000000e+04
5.063300000000000000e+04
3.614600000000000000e+04
2.798200000000000000e+04
2.041200000000000000e+04
2.434800000000000000e+04
2.932400000000000000e+04
4.940300000000000000e+04
7.088100000000000000e+04
7.858000000000000000e+04
6.239300000000000000e+04
3.380000000000000000e+04
2.288000000000000000e+04
1.646700000000000000e+04
1.409500000000000000e+04
1.409200000000000000e+04
1.167400000000000000e+04
1.341100000000000000e+04
2.784400000000000000e+04
6.260800000000000000e+04
6.951800000000000000e+04
3.423100000000000000e+04
1.957300000000000000e+04
2.421100000000000000e+04
2.785800000000000000e+04
3.641900000000000000e+04
5.876500000000000000e+04
7.749500000000000000e+04
6.679800000000000000e+04
4.959000000000000000e+04
3.332800000000000000e+04
3.304600000000000000e+04
2.872200000000000000e+04
2.107100000000000000e+04
2.919600000000000000e+04
3.893400000000000000e+04
6.345900000000000000e+04
6.439800000000000000e+04
6.057300000000000000e+04
5.247300000000000000e+04
3.504000000000000000e+04
3.348900000000000000e+04
2.255700000000000000e+04
2.513100000000000000e+04
3.060700000000000000e+04
4.893200000000000000e+04
6.386000000000000000e+04
5.804900000000000000e+04
5.718100000000000000e+04
3.673800000000000000e+04
2.710400000000000000e+04
2.900500000000000000e+04
2.330400000000000000e+04
3.094500000000000000e+04
4.886400000000000000e+04
6.574200000000000000e+04
9.041200000000000000e+04
1.178500000000000000e+05
9.094300000000000000e+04
5.284600000000000000e+04
3.481800000000000000e+04
1.945700000000000000e+04
2.100100000000000000e+04
3.374800000000000000e+04
5.948800000000000000e+04
7.644700000000000000e+04
1.084090000000000000e+05
1.111170000000000000e+05
6.254800000000000000e+04
4.215200000000000000e+04
2.808500000000000000e+04
2.074200000000000000e+04
3.051200000000000000e+04
4.824400000000000000e+04
7.329800000000000000e+04
9.509900000000000000e+04
1.029360000000000000e+05
7.549400000000000000e+04
3.833000000000000000e+04
2.994700000000000000e+04
2.298200000000000000e+04
2.602600000000000000e+04
4.287300000000000000e+04
6.443500000000000000e+04
9.263100000000000000e+04
1.028720000000000000e+05
8.669300000000000000e+04
5.130300000000000000e+04
3.478100000000000000e+04
3.157000000000000000e+04
2.057800000000000000e+04
2.998200000000000000e+04
4.053800000000000000e+04
6.239700000000000000e+04
8.184400000000000000e+04
7.128800000000000000e+04
5.468900000000000000e+04
3.283200000000000000e+04
2.822500000000000000e+04
2.210500000000000000e+04
1.972800000000000000e+04
2.789900000000000000e+04
3.982200000000000000e+04
6.555900000000000000e+04
6.373200000000000000e+04
5.713600000000000000e+04
5.025500000000000000e+04
2.923300000000000000e+04
1.947000000000000000e+04
1.399400000000000000e+04
1.237600000000000000e+04
1.180100000000000000e+04
1.134800000000000000e+04
1.558500000000000000e+04
3.833900000000000000e+04
6.700200000000000000e+04
5.466400000000000000e+04
2.392100000000000000e+04
1.905800000000000000e+04
2.362200000000000000e+04
2.410100000000000000e+04
3.694100000000000000e+04
5.174500000000000000e+04
7.051000000000000000e+04
8.822700000000000000e+04
6.538300000000000000e+04
3.996500000000000000e+04
2.817200000000000000e+04
1.742600000000000000e+04
1.858500000000000000e+04
2.790200000000000000e+04
4.717300000000000000e+04
6.289600000000000000e+04
7.804200000000000000e+04
7.982500000000000000e+04
4.737400000000000000e+04
2.817000000000000000e+04
2.327900000000000000e+04
1.775600000000000000e+04
2.105000000000000000e+04
3.185900000000000000e+04
5.415100000000000000e+04
7.210900000000000000e+04
7.459900000000000000e+04
5.959900000000000000e+04
3.627900000000000000e+04
2.727700000000000000e+04
1.943400000000000000e+04
1.720800000000000000e+04
1.924000000000000000e+04
3.047000000000000000e+04
4.501000000000000000e+04
4.926400000000000000e+04
8.071800000000000000e+04
7.004600000000000000e+04
3.492100000000000000e+04
3.320000000000000000e+04
2.189700000000000000e+04
2.662800000000000000e+04
3.436100000000000000e+04
5.349700000000000000e+04
6.990300000000000000e+04
5.944700000000000000e+04
5.153700000000000000e+04
3.079000000000000000e+04
3.254700000000000000e+04
3.006100000000000000e+04
2.483300000000000000e+04
3.220600000000000000e+04
4.504300000000000000e+04
7.146100000000000000e+04
6.816400000000000000e+04
6.766100000000000000e+04
5.295600000000000000e+04
2.800700000000000000e+04
3.254700000000000000e+04
2.644100000000000000e+04
2.801600000000000000e+04
3.924900000000000000e+04
5.813200000000000000e+04
8.018700000000000000e+04
8.942400000000000000e+04
6.785000000000000000e+04
4.294500000000000000e+04
4.037300000000000000e+04
2.572100000000000000e+04
2.364000000000000000e+04
3.019200000000000000e+04
4.379300000000000000e+04
5.890900000000000000e+04
7.043700000000000000e+04
8.594800000000000000e+04
6.988800000000000000e+04
5.324900000000000000e+04
3.356600000000000000e+04
1.956900000000000000e+04
2.374000000000000000e+04
2.970000000000000000e+04
5.003400000000000000e+04
6.419400000000000000e+04
8.436600000000000000e+04
8.668200000000000000e+04
5.911100000000000000e+04
3.377100000000000000e+04
1.700300000000000000e+04
1.230400000000000000e+04
1.104400000000000000e+04
1.131700000000000000e+04
1.305300000000000000e+04
1.811600000000000000e+04
4.118000000000000000e+04
5.758000000000000000e+04
3.615000000000000000e+04
2.007800000000000000e+04
2.197600000000000000e+04
2.073300000000000000e+04
2.607200000000000000e+04
3.585700000000000000e+04
4.516500000000000000e+04
4.526100000000000000e+04
3.945500000000000000e+04
3.037300000000000000e+04
3.112300000000000000e+04
2.826900000000000000e+04
1.896800000000000000e+04
2.336400000000000000e+04
2.884200000000000000e+04
4.160600000000000000e+04
4.895600000000000000e+04
4.165500000000000000e+04
3.583800000000000000e+04
3.116000000000000000e+04
2.802600000000000000e+04
1.899100000000000000e+04
1.804700000000000000e+04
2.296300000000000000e+04
2.801300000000000000e+04
3.833400000000000000e+04
3.878700000000000000e+04
4.040100000000000000e+04
3.939800000000000000e+04
3.069000000000000000e+04
2.255200000000000000e+04
1.546300000000000000e+04
1.672000000000000000e+04
2.123600000000000000e+04
2.670300000000000000e+04
3.490100000000000000e+04
5.139100000000000000e+04
6.345500000000000000e+04
5.134700000000000000e+04
2.979800000000000000e+04
1.458000000000000000e+04
1.342200000000000000e+04
1.464100000000000000e+04
1.868200000000000000e+04
2.515000000000000000e+04
3.380100000000000000e+04
4.826100000000000000e+04
5.317400000000000000e+04
3.944400000000000000e+04
2.087900000000000000e+04
1.286000000000000000e+04
1.451000000000000000e+04
1.623700000000000000e+04
2.559400000000000000e+04
3.971000000000000000e+04
5.672700000000000000e+04
6.588400000000000000e+04
5.180800000000000000e+04
2.821200000000000000e+04
1.414800000000000000e+04
1.150300000000000000e+04
1.319400000000000000e+04
1.643200000000000000e+04
2.410500000000000000e+04
3.325200000000000000e+04
4.571800000000000000e+04
4.970600000000000000e+04
3.716600000000000000e+04
2.097600000000000000e+04
1.252000000000000000e+04
1.218800000000000000e+04
1.420100000000000000e+04
1.891000000000000000e+04
3.049600000000000000e+04
3.947000000000000000e+04
4.023600000000000000e+04
3.662500000000000000e+04
2.552300000000000000e+04
1.406000000000000000e+04
1.111100000000000000e+04
1.281600000000000000e+04
1.446200000000000000e+04
2.057300000000000000e+04
3.001200000000000000e+04
3.555900000000000000e+04
4.041100000000000000e+04
3.878600000000000000e+04
2.285700000000000000e+04
1.249100000000000000e+04
1.080200000000000000e+04
1.030400000000000000e+04
1.061100000000000000e+04
1.324200000000000000e+04
1.711800000000000000e+04
2.306100000000000000e+04
3.606700000000000000e+04
3.354800000000000000e+04
1.812600000000000000e+04
1.075300000000000000e+04
9.520000000000000000e+03
1.099900000000000000e+04
1.460200000000000000e+04
2.274600000000000000e+04
4.415300000000000000e+04
6.929400000000000000e+04
5.988200000000000000e+04
2.882800000000000000e+04
1.657500000000000000e+04
1.330800000000000000e+04
1.065500000000000000e+04
1.230000000000000000e+04
1.707200000000000000e+04
2.660300000000000000e+04
5.729900000000000000e+04
8.124600000000000000e+04
5.534100000000000000e+04
2.258300000000000000e+04
1.494300000000000000e+04
1.311300000000000000e+04
1.195000000000000000e+04
1.555400000000000000e+04
2.075900000000000000e+04
3.249700000000000000e+04
5.212300000000000000e+04
5.719900000000000000e+04
3.415100000000000000e+04
1.578000000000000000e+04
1.421000000000000000e+04
1.368200000000000000e+04
1.343300000000000000e+04
1.581800000000000000e+04
1.669900000000000000e+04
2.096300000000000000e+04
3.143200000000000000e+04
3.516800000000000000e+04
2.377900000000000000e+04
1.434700000000000000e+04
1.714700000000000000e+04
1.712600000000000000e+04
1.832400000000000000e+04
2.402400000000000000e+04
2.648000000000000000e+04
2.927200000000000000e+04
3.542300000000000000e+04
3.094600000000000000e+04
1.719700000000000000e+04
1.396700000000000000e+04
1.641500000000000000e+04
1.543700000000000000e+04
2.055600000000000000e+04
2.408500000000000000e+04
2.632900000000000000e+04
3.379500000000000000e+04
3.436700000000000000e+04
2.377500000000000000e+04
1.391500000000000000e+04
1.332300000000000000e+04
1.402600000000000000e+04
1.568500000000000000e+04
2.256100000000000000e+04
3.337400000000000000e+04
4.909500000000000000e+04
5.519900000000000000e+04
4.117800000000000000e+04
2.120900000000000000e+04
1.327600000000000000e+04
1.394800000000000000e+04
1.344800000000000000e+04
1.845300000000000000e+04
2.722900000000000000e+04
3.786600000000000000e+04
5.399600000000000000e+04
5.262300000000000000e+04
3.102800000000000000e+04
1.623200000000000000e+04
1.374400000000000000e+04
1.371900000000000000e+04
1.246600000000000000e+04
1.726300000000000000e+04
2.397400000000000000e+04
3.153700000000000000e+04
4.191800000000000000e+04
3.353300000000000000e+04
1.717200000000000000e+04
1.329700000000000000e+04
1.191400000000000000e+04
1.373700000000000000e+04
1.921900000000000000e+04
3.155000000000000000e+04
4.560700000000000000e+04
3.972200000000000000e+04
2.496300000000000000e+04
1.654600000000000000e+04
1.372100000000000000e+04
1.422200000000000000e+04
1.226000000000000000e+04
1.253300000000000000e+04
1.590100000000000000e+04
1.446800000000000000e+04
1.384300000000000000e+04
1.889600000000000000e+04
2.079500000000000000e+04
1.516400000000000000e+04
1.071700000000000000e+04
1.111900000000000000e+04
1.180800000000000000e+04
1.364000000000000000e+04
1.486000000000000000e+04
1.584200000000000000e+04
2.113900000000000000e+04
2.773000000000000000e+04
2.421400000000000000e+04
1.511100000000000000e+04
1.076200000000000000e+04
1.121200000000000000e+04
1.147800000000000000e+04
1.119000000000000000e+04
1.239400000000000000e+04
1.409300000000000000e+04
1.902300000000000000e+04
2.221200000000000000e+04
1.925800000000000000e+04
1.323500000000000000e+04
1.091300000000000000e+04
1.250100000000000000e+04
1.284600000000000000e+04
1.486800000000000000e+04
2.145100000000000000e+04
2.794100000000000000e+04
2.684400000000000000e+04
2.043200000000000000e+04
1.410400000000000000e+04
1.062800000000000000e+04
1.107700000000000000e+04
1.248200000000000000e+04
1.317100000000000000e+04
1.704200000000000000e+04
2.509600000000000000e+04
2.791700000000000000e+04
2.326100000000000000e+04
1.649300000000000000e+04
1.178400000000000000e+04
1.122500000000000000e+04
1.266300000000000000e+04
1.525000000000000000e+04
1.966800000000000000e+04
3.087000000000000000e+04
4.413400000000000000e+04
4.302000000000000000e+04
2.903100000000000000e+04
1.514500000000000000e+04
1.173000000000000000e+04
1.135000000000000000e+04
1.181300000000000000e+04
1.414400000000000000e+04
1.707500000000000000e+04
2.135200000000000000e+04
2.781900000000000000e+04
2.984500000000000000e+04
2.199600000000000000e+04
1.357000000000000000e+04
1.064700000000000000e+04
1.109700000000000000e+04
1.111000000000000000e+04
1.166400000000000000e+04
1.423500000000000000e+04
1.990700000000000000e+04
2.650400000000000000e+04
2.613900000000000000e+04
1.974900000000000000e+04
1.292900000000000000e+04
1.037800000000000000e+04
1.080800000000000000e+04
1.016500000000000000e+04
1.002200000000000000e+04
1.101500000000000000e+04
1.294300000000000000e+04
1.511700000000000000e+04
1.564300000000000000e+04
1.301400000000000000e+04
1.224900000000000000e+04
1.273300000000000000e+04
1.177300000000000000e+04
1.766200000000000000e+04
2.529000000000000000e+04
2.324300000000000000e+04
1.688600000000000000e+04
1.353700000000000000e+04
1.097300000000000000e+04
1.109900000000000000e+04
1.079800000000000000e+04
1.096200000000000000e+04
1.453300000000000000e+04
1.811200000000000000e+04
2.010600000000000000e+04
2.533600000000000000e+04
2.736000000000000000e+04
2.013100000000000000e+04
1.220900000000000000e+04
9.623000000000000000e+03
9.658000000000000000e+03
1.053100000000000000e+04
1.157600000000000000e+04
1.315900000000000000e+04
1.520300000000000000e+04
1.957600000000000000e+04
2.273000000000000000e+04
1.932700000000000000e+04
1.308300000000000000e+04
1.169000000000000000e+04
1.393600000000000000e+04
1.404000000000000000e+04
1.400500000000000000e+04
1.662500000000000000e+04
2.015300000000000000e+04
2.051400000000000000e+04
1.709400000000000000e+04
1.229700000000000000e+04
1.031400000000000000e+04
1.123800000000000000e+04
1.269900000000000000e+04
1.317900000000000000e+04
1.498100000000000000e+04
1.820900000000000000e+04
2.062000000000000000e+04
1.945800000000000000e+04
1.583000000000000000e+04
1.129700000000000000e+04
9.928000000000000000e+03
1.053000000000000000e+04
1.067400000000000000e+04
1.111100000000000000e+04
1.649500000000000000e+04
2.601700000000000000e+04
2.995200000000000000e+04
2.362300000000000000e+04
1.543100000000000000e+04
1.106800000000000000e+04
9.979000000000000000e+03
9.726000000000000000e+03
9.269000000000000000e+03
9.963000000000000000e+03
1.198200000000000000e+04
1.356700000000000000e+04
