1.586036682128906250e+00,7.193097972097551747e+02
3.762262344360351562e+00,7.196540247413553288e+02
5.300241947174072266e+00,7.195517234360460179e+02
6.984299182891845703e+00,7.196922795551415675e+02
8.816075801849365234e+00,7.207492342666163267e+02
1.048957920074462891e+01,7.200340587503951610e+02
1.217794227600097656e+01,7.209745885954042706e+02
1.365834903717041016e+01,7.207003568119894226e+02
1.539141249656677246e+01,7.210631221768711612e+02
1.705591821670532227e+01,7.210947296051125477e+02
1.876805067062377930e+01,7.213206060765528491e+02
2.047826409339904785e+01,7.207917224857444580e+02
2.215786552429199219e+01,7.216215849682542967e+02
2.387579894065856934e+01,7.215759435403824682e+02
2.556019783020019531e+01,7.209258292531824281e+02
2.720136690139770508e+01,7.208725869538707229e+02
2.861161899566650391e+01,7.211003878758514247e+02
3.035606718063354492e+01,7.215031509508207819e+02
3.202760338783264160e+01,7.212133121924542820e+02
3.367767906188964844e+01,7.208393892133166219e+02
3.536379885673522949e+01,7.208190472898737653e+02
3.698816943168640137e+01,7.206838663103005729e+02
3.864025878906250000e+01,7.194229730219331032e+02
4.035538029670715332e+01,7.201457940030104510e+02
4.187090110778808594e+01,7.201244819091714362e+02
4.357096505165100098e+01,7.204504449941352959e+02
4.506034588813781738e+01,7.202859212551924202e+02
4.655658626556396484e+01,7.204007656084058908e+02
4.810504865646362305e+01,7.195150566653780970e+02
4.980252861976623535e+01,7.212886466229397229e+02
5.143507933616638184e+01,7.199389971834352764e+02
5.289177894592285156e+01,7.204967023038392426e+02
5.463198876380920410e+01,7.191604603951112722e+02
5.633198690414428711e+01,7.200518813592145762e+02
5.781317043304443359e+01,7.197206604034689690e+02
5.954214668273925781e+01,7.201714976547079914e+02
6.125769639015197754e+01,7.204279732118071706e+02
6.278602814674377441e+01,7.201888237521482097e+02
6.449212551116943359e+01,7.205996916853567882e+02
6.618199801445007324e+01,7.201777493910309431e+02
6.788466143608093262e+01,7.202205050560544350e+02
6.954270863533020020e+01,7.203471259364044954e+02
7.124809551239013672e+01,7.203216631157430356e+02
7.294848155975341797e+01,7.202132994200428584e+02
7.446490216255187988e+01,7.201540561808876646e+02
7.616804838180541992e+01,7.195761291682083538e+02
7.769141101837158203e+01,7.203660138593028250e+02
7.940318036079406738e+01,7.206576781015187407e+02
8.103888130187988281e+01,7.200821206663160865e+02
8.306981039047241211e+01,7.205717220240672987e+02
8.458940577507019043e+01,7.201400515114860355e+02
8.635182285308837891e+01,7.208154155258048377e+02
8.798352026939392090e+01,7.209226631415367592e+02
8.947589969635009766e+01,7.206518178347479306e+02
9.118981647491455078e+01,7.193955242373497185e+02
9.272420167922973633e+01,7.203886468150575411e+02
9.446331763267517090e+01,7.204779248077917373e+02
9.670276451110839844e+01,7.212276372074069286e+02
9.846447253227233887e+01,7.208679275133752071e+02
1.001981692314147949e+02,7.201211168191997558e+02
1.018914380073547363e+02,7.208169218050570635e+02
1.033597352504730225e+02,7.209010690566209405e+02
1.051419336795806885e+02,7.207828115639140378e+02
1.068242111206054688e+02,7.205990094795820369e+02
1.082997829914093018e+02,7.207353964678241027e+02
1.098322408199310303e+02,7.204833682282321661e+02
1.114540510177612305e+02,7.210430276066799706e+02
1.131700499057769775e+02,7.200745685438932924e+02
1.149141008853912354e+02,7.212135433034817424e+02
1.166230406761169434e+02,7.209880239970708544e+02
1.184724061489105225e+02,7.206912316493943536e+02
1.202253794670104980e+02,7.205799596318836393e+02
1.217462241649627686e+02,7.196864462596506655e+02
1.234776406288146973e+02,7.199487440496059207e+02
1.253176486492156982e+02,7.204904402872956553e+02
1.273941843509674072e+02,7.204800268712582465e+02
1.289443428516387939e+02,7.203391842466647859e+02
1.304679260253906250e+02,7.203361929791926741e+02
1.320177474021911621e+02,7.196705116790219563e+02
1.337516345977783203e+02,7.200552431036608141e+02
1.355166909694671631e+02,7.200194816275735548e+02
1.372524068355560303e+02,7.196847010121339281e+02
1.388054232597351074e+02,7.190869206306588239e+02
1.406116883754730225e+02,7.200837720953069265e+02
1.421856818199157715e+02,7.209302366275294389e+02
1.437880651950836182e+02,7.206479927493311379e+02
1.453847808837890625e+02,7.203907014348562825e+02
1.471448373794555664e+02,7.202389810063743880e+02
1.489392311573028564e+02,7.205705450251761022e+02
1.506402375698089600e+02,7.200301377833798142e+02
1.524254143238067627e+02,7.203060070845010614e+02
1.542346632480621338e+02,7.203628527522043896e+02
1.560122425556182861e+02,7.200186298516118768e+02
1.579212920665740967e+02,7.196799245221701540e+02
1.597204432487487793e+02,7.192781307705723748e+02
1.615096793174743652e+02,7.202402625801345266e+02
1.633169314861297607e+02,7.199756053918764565e+02
1.649119439125061035e+02,7.198364716332093849e+02
1.667037079334259033e+02,7.197089612552114204e+02
1.683143296241760254e+02,7.199964614941791297e+02
1.701023139953613281e+02,7.200260860049673965e+02
1.716680271625518799e+02,7.202882350892859904e+02
1.732675356864929199e+02,7.201179050574752409e+02
1.751125810146331787e+02,7.192063381963315578e+02
1.766894891262054443e+02,7.198696467151665956e+02
1.785018494129180908e+02,7.201494754166362782e+02
1.803329806327819824e+02,7.207966901685485936e+02
1.819200184345245361e+02,7.204097153703847880e+02
1.835440042018890381e+02,7.204037056019184320e+02
1.851309690475463867e+02,7.202176842616346448e+02
1.869081833362579346e+02,7.201014786785641490e+02
1.887576875686645508e+02,7.195052111416840717e+02
1.905780158042907715e+02,7.207611106430431391e+02
1.923820564746856689e+02,7.200301467323718043e+02
1.942117326259613037e+02,7.198838571826437374e+02
1.959851629734039307e+02,7.197792689698804907e+02
1.976216697692871094e+02,7.188577767580878799e+02
1.994417071342468262e+02,7.206565292829498048e+02
2.013043620586395264e+02,7.200517752200485120e+02
2.030611884593963623e+02,7.200267272969786063e+02
2.049024486541748047e+02,7.205872340646553766e+02
2.066990723609924316e+02,7.200783914019399390e+02
2.082869076728820801e+02,7.209077929017738597e+02
2.101758356094360352e+02,7.206394400910132845e+02
2.118152770996093750e+02,7.197953583960941160e+02
2.136638731956481934e+02,7.204140102560510286e+02
2.155414686203002930e+02,7.204842200318188361e+02
2.171946735382080078e+02,7.202138691856371224e+02
2.188666288852691650e+02,7.206538170920518951e+02
2.205314757823944092e+02,7.201578336955014947e+02
2.223921570777893066e+02,7.197896888878545951e+02
2.242158586978912354e+02,7.199404999380782328e+02
2.260657312870025635e+02,7.196561688990183256e+02
2.279018096923828125e+02,7.209735255700873040e+02
2.295856664180755615e+02,7.199430286878235847e+02
2.312681899070739746e+02,7.200702153123664857e+02
2.329482753276824951e+02,7.205038729358506089e+02
2.346275005340576172e+02,7.200804975730397928e+02
2.365081622600555420e+02,7.205070416789518504e+02
2.383744676113128662e+02,7.203975198430330238e+02
2.402635898590087891e+02,7.199721407699292968e+02
2.421839153766632080e+02,7.204784098432490964e+02
2.438818192481994629e+02,7.206732584017246381e+02
2.455703895092010498e+02,7.210714164473116625e+02
2.475003645420074463e+02,7.210918582310896454e+02
2.494273049831390381e+02,7.202406063279671571e+02
2.510981910228729248e+02,7.206712474289656711e+02
2.529905984401702881e+02,7.208029141444693551e+02
2.548418197631835938e+02,7.206037125861471395e+02
2.567336535453796387e+02,7.206019391497047764e+02
2.586682991981506348e+02,7.203191147110713928e+02
2.605499062538146973e+02,7.205537092699278219e+02
2.622411680221557617e+02,7.205493277635172262e+02
2.641759867668151855e+02,7.213619381179132688e+02
2.661050291061401367e+02,7.206731690258040999e+02
2.678946809768676758e+02,7.202084804895973775e+02
2.697858400344848633e+02,7.205113624491588098e+02
2.717278814315795898e+02,7.207580382816705651e+02
2.736259212493896484e+02,7.208476164326721118e+02
2.755432283878326416e+02,7.204812429479890170e+02
2.774699172973632812e+02,7.196944449034190256e+02
2.793920271396636963e+02,7.207723938777123749e+02
2.811201112270355225e+02,7.204361066911217222e+02
2.828533020019531250e+02,7.211016742119824130e+02
2.845901350975036621e+02,7.209063021656213550e+02
2.863392896652221680e+02,7.203806621384712798e+02
2.880202205181121826e+02,7.195542889890864444e+02
2.899637498855590820e+02,7.208387994115162201e+02
2.919001491069793701e+02,7.211511326635811656e+02
2.936122527122497559e+02,7.203831010239968009e+02
2.955623161792755127e+02,7.202814933192698845e+02
2.973158078193664551e+02,7.200896359639937145e+02
2.992282519340515137e+02,7.208298809906943916e+02
3.011322512626647949e+02,7.207798813932304256e+02
3.040495371818542480e+02,7.207346308747138437e+02
3.060019998550415039e+02,7.202499568531703744e+02
3.077680797576904297e+02,7.203520338189392760e+02
3.097720198631286621e+02,7.202139331407631744e+02
3.117328832149505615e+02,7.207333583413833367e+02
3.134632968902587891e+02,7.209189234286297960e+02
3.154208247661590576e+02,7.202617003257452097e+02
3.173720376491546631e+02,7.206316473765700721e+02
3.192904107570648193e+02,7.198883148477023042e+02
3.212634863853454590e+02,7.207226805289849381e+02
3.232438595294952393e+02,7.205794082615353773e+02
3.252279903888702393e+02,7.202748508732385062e+02
3.269734692573547363e+02,7.209361107693042641e+02
3.287259907722473145e+02,7.205553035845404111e+02
3.304956581592559814e+02,7.211626849463013968e+02
3.322949337959289551e+02,7.207375962389402275e+02
3.342820413112640381e+02,7.198632447884690464e+02
3.362705852985382080e+02,7.210639025149199597e+02
3.382535674571990967e+02,7.203484272658969303e+02
3.402177903652191162e+02,7.205292682363849508e+02
3.422041633129119873e+02,7.204874131481833501e+02
3.442422087192535400e+02,7.203148236881772846e+02
3.460581798553466797e+02,7.204688273160163590e+02
3.478594298362731934e+02,7.211720250917821886e+02
3.498616609573364258e+02,7.210440756600660279e+02
3.519208238124847412e+02,7.205147717121453752e+02
3.539703428745269775e+02,7.204124768424507010e+02
3.559516155719757080e+02,7.205617962264506104e+02
3.580075683593750000e+02,7.209769860783488866e+02
3.600613908767700195e+02,7.204796857487100397e+02
3.621380929946899414e+02,7.198010391827515377e+02
3.639710214138031006e+02,7.204893895878943795e+02
3.658192384243011475e+02,7.201219241864977221e+02
3.676885128021240234e+02,7.211444829764946007e+02
3.697507669925689697e+02,7.207220271406919210e+02
3.717972218990325928e+02,7.198889313884186549e+02
3.738236756324768066e+02,7.211657312503724597e+02
3.756798593997955322e+02,7.204847967920860583e+02
3.777041451930999756e+02,7.212295033697370172e+02
3.795359420776367188e+02,7.211025323420193445e+02
3.815908260345458984e+02,7.203166180772063854e+02
3.834578354358673096e+02,7.211507210523194544e+02
3.855376822948455811e+02,7.211611420884041763e+02
3.875273823738098145e+02,7.212827003576463767e+02
3.893881907463073730e+02,7.203616850386565602e+02
3.912746365070343018e+02,7.207167499954766754e+02
3.933849003314971924e+02,7.210635870149960738e+02
3.952860198020935059e+02,7.209157828415063705e+02
3.973191719055175781e+02,7.210721056610003643e+02
3.994367375373840332e+02,7.203188441609269148e+02
4.014922747611999512e+02,7.211390522426870575e+02
4.033957943916320801e+02,7.203490719338429926e+02
4.052988133430480957e+02,7.211672389969579626e+02
4.073464293479919434e+02,7.208161546351341258e+02
4.092156796455383301e+02,7.203966462914744397e+02
4.113245103359222412e+02,7.213349234505917593e+02
4.132399280071258545e+02,7.212722726873682859e+02
4.153517754077911377e+02,7.213402300884399665e+02
4.174760665893554688e+02,7.201232080764290231e+02
4.194179401397705078e+02,7.204741135838860373e+02
4.215101001262664795e+02,7.211055687718508125e+02
4.234540834426879883e+02,7.213490862766636837e+02
4.253505480289459229e+02,7.211040332973819886e+02
4.274947283267974854e+02,7.202759922922853093e+02
4.294360101222991943e+02,7.210841213105682073e+02
4.316120424270629883e+02,7.202570347991683093e+02
4.335804052352905273e+02,7.213757464822978136e+02
4.357217922210693359e+02,7.212725996055272617e+02
4.378517239093780518e+02,7.201924452036460025e+02
4.398099970817565918e+02,7.211690760790843342e+02
4.417650785446166992e+02,7.213062872642575485e+02
4.439577953815460205e+02,7.215452012081592557e+02
4.460871028900146484e+02,7.205424485296888406e+02
4.479815623760223389e+02,7.208776763783406523e+02
4.501752440929412842e+02,7.207115950490618843e+02
4.521621770858764648e+02,7.213884043875949601e+02
4.543418483734130859e+02,7.207851267743225208e+02
4.563147466182708740e+02,7.205060914562886865e+02
4.584855618476867676e+02,7.215657496318450512e+02
4.607103033065795898e+02,7.213374467227525884e+02
4.628974754810333252e+02,7.214760611181278591e+02
4.650662820339202881e+02,7.205871638196838376e+02
4.672515895366668701e+02,7.209378836194048290e+02
4.692291913032531738e+02,7.205838740735523515e+02
4.712378623485565186e+02,7.218810469878571894e+02
4.732291357517242432e+02,7.207964686827210699e+02
4.754405775070190430e+02,7.205815571041059684e+02
4.774260973930358887e+02,7.214608858234018953e+02
4.794157207012176514e+02,7.206220306923565886e+02
4.816206557750701904e+02,7.212470606046144894e+02
4.838404560089111328e+02,7.199407803825098426e+02
4.860575284957885742e+02,7.214657612595789260e+02
4.882650821208953857e+02,7.206933834285554212e+02
4.904843285083770752e+02,7.216125382502076491e+02
4.927203083038330078e+02,7.202986500774850356e+02
4.947398653030395508e+02,7.213260103623041459e+02
4.970019223690032959e+02,7.208173729428121987e+02
4.990241167545318604e+02,7.214916842979483818e+02
5.012419557571411133e+02,7.206549602677532675e+02
5.034858825206756592e+02,7.204680535371699079e+02
5.057362821102142334e+02,7.210802162967971753e+02
5.079123587608337402e+02,7.215960544061800874e+02
5.101382496356964111e+02,7.208832502768719905e+02
5.124117567539215088e+02,7.197287306589875016e+02
5.146679933071136475e+02,7.212102188280316568e+02
5.169622249603271484e+02,7.216432645593191637e+02
5.192129690647125244e+02,7.201646481419310248e+02
5.214557273387908936e+02,7.200959027549033635e+02
5.235394036769866943e+02,7.208029195114877439e+02
5.258071446418762207e+02,7.206050479696671118e+02
5.281501004695892334e+02,7.208457928084093282e+02
5.304334356784820557e+02,7.198564536125536506e+02
5.325362267494201660e+02,7.211812093808283635e+02
5.348136997222900391e+02,7.205670418566209037e+02
5.370605437755584717e+02,7.209930544816030533e+02
5.393647727966308594e+02,7.203771486323419140e+02
5.416990752220153809e+02,7.210397554684620900e+02
5.440079572200775146e+02,7.203639347204563137e+02
5.463303220272064209e+02,7.210479536145163593e+02
5.484738936424255371e+02,7.201666246601544117e+02
5.508301227092742920e+02,7.202691816477262137e+02
5.531300344467163086e+02,7.204032395215223232e+02
5.552576301097869873e+02,7.204695495419500730e+02
5.576011884212493896e+02,7.202682073385723243e+02
5.597404351234436035e+02,7.205018911091912059e+02
5.620810511112213135e+02,7.199975028910954507e+02
5.643794229030609131e+02,7.206955996486791491e+02
5.667233479022979736e+02,7.206218262891575250e+02
5.690402677059173584e+02,7.195238328018784841e+02
5.713520998954772949e+02,7.210544467372134250e+02
5.737335643768310547e+02,7.215205847924769387e+02
5.760888979434967041e+02,7.199538879747865394e+02
5.784499742984771729e+02,7.200684573622005473e+02
5.806392061710357666e+02,7.209331213009752446e+02
5.830222160816192627e+02,7.212213142620763620e+02
5.853880317211151123e+02,7.207736678814316065e+02
5.875825469493865967e+02,7.203340685955329263e+02
5.899229338169097900e+02,7.207884050020686573e+02
5.922598259449005127e+02,7.212810047144135979e+02
5.946593534946441650e+02,7.202834988137506116e+02
5.970592756271362305e+02,7.201674222337403535e+02
5.994609274864196777e+02,7.199516801688910164e+02
6.037081837654113770e+02,7.189991859209789027e+02
6.061008813381195068e+02,7.192619097587413535e+02
6.084846167564392090e+02,7.202040767416536937e+02
6.109082448482513428e+02,7.203200189616078433e+02
6.133418600559234619e+02,7.197906510551872543e+02
6.157825510501861572e+02,7.197654917181586143e+02
6.181494832038879395e+02,7.205805531070260486e+02
6.203521800041198730e+02,7.207027380874320670e+02
6.225874342918395996e+02,7.204214391757477642e+02
6.248356077671051025e+02,7.194489334005997989e+02
6.270590252876281738e+02,7.200830194392578960e+02
6.294557576179504395e+02,7.206974723051579304e+02
6.318857758045196533e+02,7.195949181876544571e+02
6.341352951526641846e+02,7.184607790012745454e+02
6.365653667449951172e+02,7.200910079261096826e+02
6.387961263656616211e+02,7.207990596128051948e+02
6.412283074855804443e+02,7.197976589621779340e+02
6.434678297042846680e+02,7.191420556621202422e+02
6.457379822731018066e+02,7.203288664553523404e+02
6.481795685291290283e+02,7.203258144314015681e+02
6.506113851070404053e+02,7.199528402327242702e+02
6.528418362140655518e+02,7.195249748281453321e+02
6.553145942687988281e+02,7.197291244851122656e+02
6.575964803695678711e+02,7.205128029472951994e+02
6.600844581127166748e+02,7.195697708240643351e+02
6.623838739395141602e+02,7.190506217683692967e+02
6.646750819683074951e+02,7.202821067853211616e+02
6.671922121047973633e+02,7.203222419445520472e+02
6.694981122016906738e+02,7.200195729074880546e+02
6.719879548549652100e+02,7.198820161600001484e+02
6.744900937080383301e+02,7.196114335152435615e+02
6.769795727729797363e+02,7.199759499201113613e+02
6.794722385406494141e+02,7.190364513884787812e+02
6.819880285263061523e+02,7.196797182644320401e+02
6.843298652172088623e+02,7.201459290246413047e+02
6.866719381809234619e+02,7.189847604251252733e+02
6.891706142425537109e+02,7.188787243085189402e+02
6.917378215789794922e+02,7.196746872867450975e+02
6.940737535953521729e+02,7.202252154391775321e+02
6.966090986728668213e+02,7.202464155388479412e+02
6.991188418865203857e+02,7.192234963826648482e+02
7.016193108558654785e+02,7.202480112525641971e+02
7.041858270168304443e+02,7.197125023176431569e+02
7.067410943508148193e+02,7.203373101254582025e+02
7.092562508583068848e+02,7.195786326267482309e+02
7.116152808666229248e+02,7.199737712102723890e+02
7.141798303127288818e+02,7.203073381458488029e+02
7.167894890308380127e+02,7.193657847580610678e+02
7.193713965415954590e+02,7.196553232011891623e+02
7.219476928710937500e+02,7.193962670186458581e+02
7.245371973514556885e+02,7.200038108267011694e+02
7.271335921287536621e+02,7.192362904919282300e+02
7.294797487258911133e+02,7.195634188872782033e+02
7.320818443298339844e+02,7.204961394328033748e+02
7.346679661273956299e+02,7.194693424306246925e+02
7.372764010429382324e+02,7.188626385503130223e+02
7.398582651615142822e+02,7.190043449561059106e+02
7.424750740528106689e+02,7.197740421614936395e+02
7.450006654262542725e+02,7.191210423892589461e+02
7.475247759819030762e+02,7.188561497883031279e+02
7.499271986484527588e+02,7.201625109657652501e+02
7.525458579063415527e+02,7.199251563642498013e+02
7.551558005809783936e+02,7.191685193444752713e+02
7.577760174274444580e+02,7.196046069905806917e+02
7.603514330387115479e+02,7.201442245521308223e+02
7.628071913719177246e+02,7.192448522737186067e+02
7.654795222282409668e+02,7.191027426001304548e+02
7.681402401924133301e+02,7.193029814551584877e+02
7.705888869762420654e+02,7.197829793132769964e+02
7.732212944030761719e+02,7.192060083995780815e+02
7.758293905258178711e+02,7.190643665578281798e+02
7.783017148971557617e+02,7.202328168628096137e+02
7.809907031059265137e+02,7.196796502584629707e+02
7.836608960628509521e+02,7.192952945046646391e+02
7.861285140514373779e+02,7.198532145137492080e+02
7.885978252887725830e+02,7.201369082978137612e+02
7.912302961349487305e+02,7.192842827998124449e+02
7.939153497219085693e+02,7.194015803173579116e+02
7.964116950035095215e+02,7.193558038296338282e+02
7.991127629280090332e+02,7.199202144989054659e+02
8.017721025943756104e+02,7.193360179257118716e+02
8.044758727550506592e+02,7.200027403427193349e+02
8.071026949882507324e+02,7.200947401754442581e+02
8.097843072414398193e+02,7.197489522861326350e+02
8.124803493022918701e+02,7.193896360059667359e+02
8.151880350112915039e+02,7.193580547419430786e+02
8.179216403961181641e+02,7.200418119530309013e+02
8.204494047164916992e+02,7.193352955386327494e+02
8.229521296024322510e+02,7.193059610664300862e+02
8.256593124866485596e+02,7.196588605963889904e+02
8.284146521091461182e+02,7.195356591808775875e+02
8.312128827571868896e+02,7.196081814631404541e+02
8.339066026210784912e+02,7.190314051410041429e+02
8.366699233055114746e+02,7.200993973216563973e+02
8.394251406192779541e+02,7.191586464845131559e+02
8.421893074512481689e+02,7.196233889443699354e+02
8.447580924034118652e+02,7.201246755169669314e+02
8.475307023525238037e+02,7.190664838083660015e+02
8.503146078586578369e+02,7.193054015812986108e+02
8.528815310001373291e+02,7.191836559876278443e+02
8.556561350822448730e+02,7.194399611037099476e+02
8.584760787487030029e+02,7.191402402182174001e+02
8.612820081710815430e+02,7.193803716496588549e+02
8.640378279685974121e+02,7.193706910490454902e+02
8.667865078449249268e+02,7.192280495726013214e+02
8.693944103717803955e+02,7.187991216706971045e+02
8.721946473121643066e+02,7.182768885413987618e+02
8.749650380611419678e+02,7.197187018959577927e+02
8.777716162204742432e+02,7.191796267475879176e+02
8.803913800716400146e+02,7.190500832973940533e+02
8.831955986022949219e+02,7.192414206886459169e+02
8.858251011371612549e+02,7.192343948528765623e+02
8.886920473575592041e+02,7.193046408402904035e+02
8.915099735260009766e+02,7.198278581034780927e+02
8.943256759643554688e+02,7.190910603733169637e+02
8.972051618099212646e+02,7.194668579514651583e+02
9.000540289878845215e+02,7.200629728868016173e+02
9.054781072139739990e+02,7.190989043669194416e+02
9.083694732189178467e+02,7.188305224047312549e+02
9.110619432926177979e+02,7.195831623959888930e+02
9.136845207214355469e+02,7.191167155907299957e+02
9.165279011726379395e+02,7.190429122187745179e+02
9.194047281742095947e+02,7.188290928470322569e+02
9.220881283283233643e+02,7.189962438625324239e+02
9.249341921806335449e+02,7.186027467276684320e+02
9.277514984607696533e+02,7.194292347384698587e+02
9.304299318790435791e+02,7.195882240333515938e+02
9.333520784378051758e+02,7.189241639054811230e+02
9.360555098056793213e+02,7.184951583768863657e+02
9.387703790664672852e+02,7.191301123156424637e+02
9.417270405292510986e+02,7.192494524413581303e+02
9.444257624149322510e+02,7.189974868369182559e+02
9.473675613403320312e+02,7.198729443871902731e+02
9.500993623733520508e+02,7.188286238629922309e+02
9.529973990917205811e+02,7.190007509984073977e+02
9.557557210922241211e+02,7.193180622141276217e+02
9.587060883045196533e+02,7.195194474883008979e+02
9.616758384704589844e+02,7.187468226704799008e+02
9.646201515197753906e+02,7.185251568998369294e+02
9.675522363185882568e+02,7.191647999907453368e+02
9.703021509647369385e+02,7.187460356976718003e+02
9.732607305049896240e+02,7.190137220167771375e+02
9.760603795051574707e+02,7.192297256987902756e+02
9.790146079063415527e+02,7.193662700762492932e+02
9.820472996234893799e+02,7.194926390634633435e+02
9.848343708515167236e+02,7.191792271043357232e+02
9.877274136543273926e+02,7.192325283108835947e+02
9.906860642433166504e+02,7.195697376916129997e+02
9.936543297767639160e+02,7.195274834294278890e+02
9.966913404464721680e+02,7.189242762076763711e+02
9.996894915103912354e+02,7.191496456562665571e+02
1.002688320636749268e+03,7.191650500622694153e+02
1.005712251424789429e+03,7.192465713314829827e+02
1.008715942621231079e+03,7.187883262715636192e+02
1.011715451002120972e+03,7.195234287859385631e+02
1.014722195148468018e+03,7.198823815631410525e+02
1.017725100994110107e+03,7.188941306903800523e+02
1.020527343511581421e+03,7.186759066972509800e+02
1.023564786672592163e+03,7.198280717863882501e+02
1.026605846643447876e+03,7.190792273703751789e+02
1.029411393404006958e+03,7.189536034381341096e+02
1.032480560541152954e+03,7.198108408068379731e+02
1.035344228029251099e+03,7.194053362605781103e+02
1.038219793558120728e+03,7.193250086770873395e+02
1.041269283056259155e+03,7.198307307191940936e+02
1.044351827383041382e+03,7.194611985490796542e+02
1.047339922904968262e+03,7.193611389848856561e+02
1.050371823549270630e+03,7.194363435615789513e+02
1.053258311271667480e+03,7.196169564788642674e+02
1.056354498624801636e+03,7.189550431299934417e+02
1.059445865154266357e+03,7.197255154383694844e+02
1.062365458250045776e+03,7.193869244498137050e+02
1.065278994321823120e+03,7.195232420964573521e+02
1.068414976835250854e+03,7.198460551939334664e+02
1.071529286861419678e+03,7.192800785422365379e+02
1.074626087427139282e+03,7.195240125976043828e+02
1.077774901390075684e+03,7.197988302410067263e+02
1.080900538921356201e+03,7.192727453549565553e+02
1.083852260112762451e+03,7.195526328463588470e+02
1.086810650110244751e+03,7.199923301738898544e+02
1.089935543775558472e+03,7.200680157114313715e+02
1.092890354633331299e+03,7.187227681988271115e+02
1.096052067279815674e+03,7.199798260393404234e+02
1.099227888107299805e+03,7.199662505434836248e+02
1.102169016122817993e+03,7.198068311240020876e+02
1.105149452686309814e+03,7.196802198792468062e+02
1.108097896099090576e+03,7.200875616009209352e+02
1.111253527164459229e+03,7.188005239476348152e+02
1.114250539779663086e+03,7.193839931210301302e+02
1.117245536327362061e+03,7.202060892681563473e+02
1.120439474582672119e+03,7.197359487966721190e+02
1.123454148054122925e+03,7.193815810835196771e+02
1.126705990791320801e+03,7.201787255027151105e+02
1.129951366901397705e+03,7.198848211640543013e+02
1.132965944528579712e+03,7.194072774517952666e+02
1.136003754615783691e+03,7.200832393500234048e+02
1.139220566272735596e+03,7.194925926103185247e+02
1.142483633518218994e+03,7.194755987312508978e+02
1.145729519367218018e+03,7.199822190723459698e+02
1.149007600545883179e+03,7.196157031004213422e+02
1.152272248506546021e+03,7.197892649933781968e+02
1.155567199945449829e+03,7.201984261471681066e+02
1.158825853109359741e+03,7.200216724256540601e+02
1.161889276027679443e+03,7.203215458027619889e+02
1.165199476003646851e+03,7.198938497840116497e+02
1.168439328432083130e+03,7.198236716290251707e+02
1.171481006860733032e+03,7.197903077138591925e+02
1.174739454984664917e+03,7.197585281936316051e+02
1.177976012468338013e+03,7.200523141472177713e+02
1.181044986009597778e+03,7.198665482304276111e+02
1.184308257579803467e+03,7.196932572676156497e+02
1.187608248472213745e+03,7.202484244377394589e+02
1.190930793285369873e+03,7.200542163629706920e+02
1.194239280700683594e+03,7.199338836576739595e+02
1.197587952375411987e+03,7.201628337675475677e+02
1.200716012477874756e+03,7.201840600916779067e+02
1.207799315452575684e+03,7.193212036888671719e+02
1.210961475372314453e+03,7.200861770547054448e+02
1.214111192464828491e+03,7.199176478005231274e+02
1.217257829427719116e+03,7.197627014006485524e+02
1.220339809179306030e+03,7.197568679726736036e+02
1.223683578014373779e+03,7.194355124436323194e+02
1.226985139846801758e+03,7.198895215743942799e+02
1.230153391361236572e+03,7.198645940275081330e+02
1.233482198953628540e+03,7.199135004980877284e+02
1.236867932319641113e+03,7.200836818681933664e+02
1.240253814458847046e+03,7.196242487805429846e+02
1.243650544881820679e+03,7.197655744307147643e+02
1.247013297319412231e+03,7.200360919361028209e+02
1.250371535301208496e+03,7.199154488395100771e+02
1.253560803651809692e+03,7.199567644733936049e+02
1.256912304401397705e+03,7.198813953025711498e+02
1.260302226066589355e+03,7.194110456699252154e+02
1.263715478181838989e+03,7.189120124469446864e+02
1.267140123605728149e+03,7.201639205552307885e+02
1.270369300127029419e+03,7.192584198594855707e+02
1.273799547672271729e+03,7.204198278832452615e+02
1.277269963264465332e+03,7.199210001058677335e+02
1.280526639223098755e+03,7.199709123914821021e+02
1.283938570022583008e+03,7.202768168330848084e+02
1.287283641099929810e+03,7.193581099966535248e+02
1.290743911504745483e+03,7.201734840174743795e+02
1.294010663270950317e+03,7.194259501819244633e+02
1.297428128004074097e+03,7.197182702928942035e+02
1.300890554666519165e+03,7.194656439902370266e+02
1.304178193807601929e+03,7.201544028657184526e+02
1.307483885765075684e+03,7.199168543083726490e+02
1.310740176439285278e+03,7.197553567466474078e+02
1.314198264598846436e+03,7.200519516774097610e+02
1.317512170553207397e+03,7.196455855354532787e+02
1.320803150415420532e+03,7.202297281142001566e+02
1.324319771289825439e+03,7.196687721502662498e+02
1.327831753492355347e+03,7.203932461647236778e+02
1.331174608707427979e+03,7.202534511782613436e+02
1.334704170942306519e+03,7.197074986095500435e+02
1.337989695787429810e+03,7.193209254649973445e+02
1.341512840986251831e+03,7.204293943604222932e+02
1.345024987459182739e+03,7.199608499761284293e+02
1.348332172155380249e+03,7.203322392495416580e+02
1.351914748668670654e+03,7.199604847207860985e+02
1.355479487657546997e+03,7.201529539621653839e+02
1.358828678607940674e+03,7.201880726697839918e+02
1.362413975477218628e+03,7.193396372985910148e+02
1.365991825103759766e+03,7.195336085410921214e+02
1.369553988456726074e+03,7.197801711758868350e+02
1.372959984540939331e+03,7.197466358858922604e+02
1.376338176488876343e+03,7.202368381777556579e+02
1.379966086387634277e+03,7.197557270781022680e+02
1.383569882154464722e+03,7.198012842813363932e+02
1.387183586835861206e+03,7.199476288452079871e+02
1.390602049589157104e+03,7.196419734977508824e+02
1.394034816741943359e+03,7.193078901971242658e+02
1.397673838615417480e+03,7.197187486472571436e+02
1.401113276720046997e+03,7.196564715817814886e+02
1.404543641567230225e+03,7.203230236093205576e+02
1.407964144706726074e+03,7.197523464666276141e+02
1.411564971685409546e+03,7.201779467596599034e+02
1.415175036191940308e+03,7.202078517267574398e+02
1.418651622533798218e+03,7.194320524706936339e+02
1.422320274353027344e+03,7.193020044293828050e+02
1.426001770973205566e+03,7.198923369542915225e+02
1.429463749170303345e+03,7.196781805724288006e+02
1.432954546928405762e+03,7.201181771110921090e+02
1.436445730686187744e+03,7.194993852149985969e+02
1.439970364332199097e+03,7.199738280226119969e+02
1.443685757398605347e+03,7.198873472758714342e+02
1.447410463094711304e+03,7.195610666767795465e+02
1.451163909673690796e+03,7.201929340364847576e+02
1.454667921304702759e+03,7.202594782094314496e+02
1.458393303871154785e+03,7.203289460698706534e+02
1.461930310726165771e+03,7.198181671888507935e+02
1.465461898803710938e+03,7.191338326843294908e+02
1.469030393838882446e+03,7.185901700005435941e+02
1.472785646200180054e+03,7.196683883011456828e+02
1.476569392442703247e+03,7.196975410087904947e+02
1.480105627536773682e+03,7.195899676450555944e+02
1.483699695825576782e+03,7.191997308066845562e+02
1.487486146688461304e+03,7.192205619184953775e+02
1.491051818370819092e+03,7.198063756844187537e+02
1.494644819736480713e+03,7.194229162762800343e+02
1.498435605764389038e+03,7.198057067968857154e+02
1.507014171361923218e+03,7.196462935133980636e+02
1.510608234167098999e+03,7.194543696443438421e+02
1.514389882087707520e+03,7.195181032111663626e+02
1.518211663246154785e+03,7.196388792497225495e+02
1.522043791770935059e+03,7.191236066215539040e+02
1.525699274778366089e+03,7.198209147543055906e+02
1.529544902563095093e+03,7.193762854565972020e+02
1.533204259395599365e+03,7.194480639551808281e+02
1.537051619052886963e+03,7.196212687842727291e+02
1.540687799692153931e+03,7.193402357470213246e+02
1.544338202476501465e+03,7.194885512113904724e+02
1.548269921541213989e+03,7.195896256901390871e+02
1.552139794826507568e+03,7.196252872056504657e+02
1.556030092239379883e+03,7.199007447840348277e+02
1.559916533708572388e+03,7.195172022324228465e+02
1.563555865764617920e+03,7.200952618638675631e+02
1.567253731966018677e+03,7.191441866852528619e+02
1.571173929452896118e+03,7.197605356278614863e+02
1.574915925979614258e+03,7.194977072291399054e+02
1.578804944276809692e+03,7.194287093519473046e+02
1.582559940338134766e+03,7.198305538142113846e+02
1.586544553041458130e+03,7.188972710085968174e+02
1.590281653165817261e+03,7.186236909801046977e+02
1.594225430488586426e+03,7.195698890076870384e+02
1.597995949745178223e+03,7.196321728737184458e+02
1.601749926805496216e+03,7.196257053401551502e+02
1.605524980783462524e+03,7.190284325649033690e+02
1.609464722394943237e+03,7.188746895091126135e+02
1.613433354377746582e+03,7.193135286637829040e+02
1.617384781122207642e+03,7.195445308565630285e+02
1.621409466743469238e+03,7.190147043219388934e+02
1.625402703046798706e+03,7.192740681863218697e+02
1.629358568429946899e+03,7.190518519302722780e+02
1.633373885631561279e+03,7.190196728184490667e+02
1.637401642322540283e+03,7.191509322645595148e+02
1.641437720060348511e+03,7.193707015517736636e+02
1.645492133617401123e+03,7.195611217005300659e+02
1.649544109106063843e+03,7.198013821088165969e+02
1.653566122770309448e+03,7.194242905196491620e+02
1.657615752220153809e+03,7.196382612818117650e+02
1.661703759431838989e+03,7.190983283619012809e+02
1.665719985008239746e+03,7.192384168474793569e+02
1.669799451112747192e+03,7.195182685808772476e+02
1.673626097679138184e+03,7.198297796957574519e+02
1.677688009738922119e+03,7.195108857026426676e+02
1.681780508995056152e+03,7.195809490111686273e+02
1.685855107784271240e+03,7.193017369386752762e+02
1.689935904741287231e+03,7.192576320759033024e+02
1.694009495019912720e+03,7.188887768111796959e+02
1.698140520095825195e+03,7.195263405519220896e+02
1.702266049146652222e+03,7.196610653953404153e+02
1.706352990627288818e+03,7.196534712076213509e+02
1.710468702316284180e+03,7.194912420054552058e+02
1.714331596136093140e+03,7.198576195343380277e+02
1.718299309730529785e+03,7.189921439011172879e+02
1.722474615573883057e+03,7.189017520331424294e+02
1.726584492444992065e+03,7.188216209584711578e+02
1.730727909803390503e+03,7.191882367408466052e+02
1.734703155517578125e+03,7.194792923085736902e+02
1.738910616636276245e+03,7.193381607279342234e+02
1.743089623928070068e+03,7.193732080776935618e+02
1.747268192291259766e+03,7.193165642368891213e+02
1.751431547164916992e+03,7.196441786698601391e+02
1.755441927671432495e+03,7.189625017085727450e+02
1.759621611595153809e+03,7.194343835082936494e+02
1.763823134660720825e+03,7.187700825064769106e+02
1.767780670881271362e+03,7.192570834614239175e+02
1.771906140804290771e+03,7.195543738975873111e+02
1.775924197196960449e+03,7.191149483615631652e+02
1.780201424121856689e+03,7.185069470013206683e+02
1.784423824548721313e+03,7.192109638162343117e+02
1.788719297409057617e+03,7.195578876999992417e+02
1.792974689483642578e+03,7.190645935221363061e+02
1.797230128765106201e+03,7.194595610656853069e+02
1.801472701311111450e+03,7.191687002621337115e+02
1.811167201280593872e+03,7.192598076056559648e+02
1.815246079921722412e+03,7.192348937307862116e+02
1.819497155904769897e+03,7.193759777229359997e+02
1.823785227775573730e+03,7.188167399397940471e+02
1.828003849029541016e+03,7.191434279820739448e+02
1.832076155900955200e+03,7.193944355715481151e+02
1.836348178625106812e+03,7.196725015243083590e+02
1.840651172637939453e+03,7.191036367546788597e+02
1.845001720428466797e+03,7.193832890593520233e+02
1.849353562116622925e+03,7.190427641235291958e+02
1.853676876783370972e+03,7.197576948159789936e+02
1.858013308525085449e+03,7.188479370555222658e+02
1.862142530918121338e+03,7.193046618069992064e+02
1.866502172231674194e+03,7.190625155500727033e+02
1.870834378004074097e+03,7.183099992618011811e+02
1.875147890567779541e+03,7.192790765462781337e+02
1.879530088424682617e+03,7.196845701083510676e+02
1.883739445209503174e+03,7.191615656856124588e+02
1.888083268404006958e+03,7.192928024442243213e+02
1.892275599479675293e+03,7.193816648008238417e+02
1.896654982089996338e+03,7.195650711106504787e+02
1.901064431428909302e+03,7.191300450506485049e+02
1.905280578613281250e+03,7.191806095411311617e+02
1.909508262872695923e+03,7.196354399971993416e+02
1.913935130834579468e+03,7.190913087183854486e+02
1.918313308954238892e+03,7.191779793758264532e+02
1.922748191356658936e+03,7.190458862177746369e+02
1.927220362663269043e+03,7.191335094752427040e+02
1.931640422582626343e+03,7.195753081258928887e+02
1.935924348115921021e+03,7.191954549428032806e+02
1.940348252534866333e+03,7.192612102998454020e+02
1.944829262256622314e+03,7.194195381185701308e+02
1.949121374607086182e+03,7.194463190870343396e+02
1.953601696491241455e+03,7.196041761343205962e+02
1.958125846147537231e+03,7.191921564152038400e+02
1.962609439373016357e+03,7.193982462543208385e+02
1.967100256443023682e+03,7.195718422357922464e+02
1.971563326120376587e+03,7.194058105621975301e+02
1.976074609518051147e+03,7.202915619961441962e+02
1.980543339252471924e+03,7.206235808351293599e+02
1.984847931385040283e+03,7.200370796673172435e+02
1.989380247592926025e+03,7.204858618777650463e+02
1.993915233135223389e+03,7.201448785649180309e+02
1.998504606246948242e+03,7.203363059158434680e+02
2.002866143226623535e+03,7.204911741190989005e+02
2.007153362035751343e+03,7.201621354464181195e+02
2.011679966926574707e+03,7.201888755241545823e+02
2.016075801849365234e+03,7.200047982112307636e+02
2.020650332689285278e+03,7.203138609192826607e+02
2.025245613098144531e+03,7.201971894809954620e+02
2.029832111358642578e+03,7.198897158743088767e+02
2.034407639980316162e+03,7.199850210331040898e+02
2.038814141750335693e+03,7.199943413757000599e+02
2.043450499773025513e+03,7.197418432714449636e+02
2.047873726606369019e+03,7.198560793983473332e+02
2.052485297203063965e+03,7.196850813880050737e+02
2.057058095216751099e+03,7.204152679891062689e+02
2.061513219833374023e+03,7.195234431563034150e+02
2.066124618291854858e+03,7.202884416307941819e+02
2.070539705991744995e+03,7.198934060705536240e+02
2.075210265636444092e+03,7.207015884506234897e+02
2.079904080390930176e+03,7.202423613770388329e+02
2.084563003540039062e+03,7.205492578193624240e+02
2.089224915981292725e+03,7.198968099587053757e+02
2.093909798622131348e+03,7.205332300983758387e+02
2.098645450115203857e+03,7.202353559861716121e+02
2.109631934881210327e+03,7.202566118461622864e+02
2.114374411344528198e+03,7.203642769132000012e+02
2.119047200202941895e+03,7.204132344410213591e+02
2.123751933574676514e+03,7.204255701112631414e+02
2.128244535207748413e+03,7.203587013897519000e+02
2.132907910585403442e+03,7.202866575948261243e+02
2.137621391534805298e+03,7.200560208017691366e+02
2.142168087005615234e+03,7.202894417977669264e+02
2.146719008207321167e+03,7.203903198596385664e+02
2.151440347671508789e+03,7.200174796063421354e+02
2.156190543889999390e+03,7.204756845638515870e+02
2.160961282014846802e+03,7.202405874778188490e+02
2.165508691072463989e+03,7.204827561088934544e+02
2.170086483001708984e+03,7.204100704607466241e+02
2.174635575771331787e+03,7.206735693476115330e+02
2.179380363225936890e+03,7.205119992192841210e+02
2.183955812215805054e+03,7.208117666180741026e+02
2.188743214130401611e+03,7.206855656215536783e+02
2.193508671522140503e+03,7.205787074097872846e+02
2.198333732128143311e+03,7.203780656108140192e+02
2.203141633749008179e+03,7.202262231956818823e+02
2.207937983751296997e+03,7.200813084023989177e+02
2.212595502614974976e+03,7.202556295764417200e+02
2.217393175363540649e+03,7.203262792791983884e+02
2.222017358779907227e+03,7.203277525449726681e+02
2.226802056312561035e+03,7.202049144284592330e+02
2.231480097770690918e+03,7.204476875822811053e+02
2.236088805675506592e+03,7.204434015537419782e+02
2.240941037416458130e+03,7.202226488353513787e+02
2.245772157192230225e+03,7.205142851733156704e+02
2.250696468353271484e+03,7.201070942593111113e+02
2.255518299341201782e+03,7.210014661398870430e+02
2.260210126638412476e+03,7.203521608412887645e+02
2.265132159471511841e+03,7.208633347862343044e+02
2.270010032176971436e+03,7.203049208525065978e+02
2.274930358648300171e+03,7.205213079392410691e+02
2.279633627891540527e+03,7.204191699125055948e+02
2.284384271383285522e+03,7.206539093257347304e+02
2.289105351924896240e+03,7.205510881663383316e+02
2.294061354160308838e+03,7.206311880631194526e+02
2.298835819959640503e+03,7.204161570261577481e+02
2.303784473657608032e+03,7.206625113024654183e+02
2.308715063333511353e+03,7.207321916046932984e+02
2.313463329553604126e+03,7.210340793527512915e+02
2.318254921197891235e+03,7.206776748074626084e+02
2.323025047302246094e+03,7.206487022531221101e+02
2.327807838678359985e+03,7.209019035684656274e+02
2.332797463417053223e+03,7.207078019278459351e+02
2.337751622200012207e+03,7.209491369289302156e+02
2.342723265409469604e+03,7.206449887040238309e+02
2.347795982360839844e+03,7.204109864328269168e+02
2.352805659532546997e+03,7.205768940211497693e+02
2.357661435365676880e+03,7.206603741908879783e+02
2.362510619640350342e+03,7.203212557180811473e+02
2.367522498130798340e+03,7.209263993781042927e+02
2.372359276533126831e+03,7.205109594849508312e+02
2.377437992811203003e+03,7.212059382330030530e+02
2.382535700082778931e+03,7.205605861676770019e+02
2.387612031221389771e+03,7.206007035862015755e+02
2.392466466188430786e+03,7.207035752838854705e+02
2.397561737298965454e+03,7.210685305434961947e+02
2.410020070314407349e+03,7.207976170696088047e+02
2.414969450712203979e+03,7.207624099649469827e+02
2.419915634870529175e+03,7.207016214166771988e+02
2.425054047346115112e+03,7.208775958349855273e+02
2.429980031490325928e+03,7.205148980121298337e+02
2.435132373809814453e+03,7.207662341664099586e+02
2.440258048772811890e+03,7.206931609932673837e+02
2.445407917261123657e+03,7.206708780231663241e+02
2.450370340108871460e+03,7.203653459214109489e+02
2.455578316926956177e+03,7.208078537340358025e+02
2.460581237554550171e+03,7.205234690036709253e+02
2.465760804414749146e+03,7.202757861190367521e+02
2.470758130550384521e+03,7.208832534881887568e+02
2.475943902492523193e+03,7.206644691598417012e+02
2.481175496339797974e+03,7.210120037194878932e+02
2.486212185382843018e+03,7.211711757056883698e+02
2.491371610403060913e+03,7.207785160487960638e+02
2.496399819135665894e+03,7.207759256671885169e+02
2.501447835922241211e+03,7.207354607944844247e+02
2.506743092536926270e+03,7.205857267697049338e+02
2.511955010890960693e+03,7.205809016183476388e+02
2.517011614322662354e+03,7.211022807661264551e+02
2.522291167497634888e+03,7.202766564503223208e+02
2.527526128768920898e+03,7.207163248289590456e+02
2.532595196485519409e+03,7.206957768418715204e+02
2.537872962474822998e+03,7.208855609155492630e+02
2.543177994728088379e+03,7.209393154636399004e+02
2.548440684080123901e+03,7.209450868121947451e+02
2.553513219356536865e+03,7.205985528804934575e+02
2.558600081682205200e+03,7.205021660493426907e+02
2.563944807052612305e+03,7.211966823789069849e+02
2.569319416046142578e+03,7.207262108140444070e+02
2.574487226247787476e+03,7.206852933016526777e+02
2.579781620740890503e+03,7.209439339672908318e+02
2.585089982271194458e+03,7.209208264758376572e+02
2.590470269918441772e+03,7.206269308398929070e+02
2.595624474048614502e+03,7.206499500586643308e+02
2.600810345411300659e+03,7.209988058837769813e+02
2.606225010156631470e+03,7.206549240054872598e+02
2.611561535596847534e+03,7.211077330277374813e+02
2.616722006320953369e+03,7.211351690674025576e+02
2.622109445571899414e+03,7.208792348752465386e+02
2.627344530820846558e+03,7.208822260583259549e+02
2.632709285497665405e+03,7.208993902232532491e+02
2.638135635137557983e+03,7.207478239037312733e+02
2.643371569633483887e+03,7.204973287725673572e+02
2.648601603031158447e+03,7.207405161577194121e+02
2.654040450572967529e+03,7.211109485185235144e+02
2.659275074481964111e+03,7.208875632071119526e+02
2.664779376268386841e+03,7.211529291379000597e+02
2.670262305259704590e+03,7.207789188816861952e+02
2.675761634111404419e+03,7.209466132773484333e+02
2.681251560211181641e+03,7.206359963873076140e+02
2.686797992706298828e+03,7.208030410519967290e+02
2.692052603960037231e+03,7.209693450650579507e+02
2.697330960750579834e+03,7.206580887707841612e+02
2.710809450149536133e+03,7.211603348291283737e+02
2.716345444679260254e+03,7.204335445204511643e+02
2.721842093706130981e+03,7.205206363074242972e+02
2.727049254417419434e+03,7.208287512805952701e+02
2.732549222707748413e+03,7.211830487871071682e+02
2.738097864627838135e+03,7.207094967164080117e+02
2.743623894929885864e+03,7.210441203231147256e+02
2.749175571918487549e+03,7.210342418491102308e+02
2.754696125984191895e+03,7.207844208428903130e+02
2.760245651721954346e+03,7.212933030205826981e+02
2.765822126865386963e+03,7.207888808677579391e+02
2.771391690969467163e+03,7.206278956685342791e+02
2.776809734106063843e+03,7.211758418563831583e+02
2.782190353155136108e+03,7.207265577448238218e+02
2.787566955089569092e+03,7.211978398473552261e+02
2.793175992012023926e+03,7.207568435433743161e+02
2.798783975362777710e+03,7.207117358383010242e+02
2.804373956203460693e+03,7.210105474796816907e+02
2.810017170667648315e+03,7.207083864847954828e+02
2.815638450384140015e+03,7.207555654128194647e+02
2.821283309459686279e+03,7.207698147012149548e+02
2.826990100622177124e+03,7.202612397334977459e+02
2.832689328670501709e+03,7.211493451619500092e+02
2.838324044227600098e+03,7.201445228837554851e+02
2.844033253669738770e+03,7.213402356041176517e+02
2.849732579231262207e+03,7.206645318491821399e+02
2.855388271808624268e+03,7.205920459043747996e+02
2.861125223875045776e+03,7.212043660102087870e+02
2.866862663507461548e+03,7.210150056952019213e+02
2.872370365619659424e+03,7.214376392204451349e+02
2.877924302577972412e+03,7.209960896234470056e+02
2.883683266878128052e+03,7.206779974621939573e+02
2.889449909210205078e+03,7.211461397186285467e+02
2.895209589719772339e+03,7.209135887044013771e+02
2.900994484186172485e+03,7.209655173424812347e+02
2.906744481563568115e+03,7.211820642080460857e+02
2.912305983781814575e+03,7.207730990428364066e+02
2.918070190906524658e+03,7.207500527266155359e+02
2.923864875078201294e+03,7.208468789522306679e+02
2.929435720205307007e+03,7.206034751540605612e+02
2.935255047321319580e+03,7.213549438121103776e+02
2.941072099208831787e+03,7.208909728275397129e+02
2.946693888664245605e+03,7.212433941491169662e+02
2.952486147880554199e+03,7.210105710958500822e+02
2.958269767761230469e+03,7.208390539602876288e+02
2.963949393033981323e+03,7.210278791410604526e+02
2.969847245454788208e+03,7.207264306776518197e+02
2.975537648677825928e+03,7.207016029553682301e+02
2.981364588975906372e+03,7.214235447035679272e+02
2.987064468145370483e+03,7.202302568506141824e+02
2.992949507236480713e+03,7.207829700878011181e+02
2.998799810886383057e+03,7.209844188670313088e+02
3.013585679054260254e+03,7.204790352477007218e+02
3.019500773668289185e+03,7.211947284021448468e+02
3.025440332174301147e+03,7.204337146619045598e+02
3.031206051111221313e+03,7.213981788929049799e+02
3.037101659536361694e+03,7.213353204014404128e+02
3.043080030441284180e+03,7.205238459892574383e+02
3.049021193027496338e+03,7.206023574486350753e+02
3.054953519821166992e+03,7.206860455257078684e+02
3.060734829425811768e+03,7.207334294420420520e+02
3.066534696340560913e+03,7.210741908549815662e+02
3.072317853450775146e+03,7.206953548703074830e+02
3.078324798822402954e+03,7.211873332523772433e+02
3.084324973106384277e+03,7.213338252838145763e+02
3.090334341526031494e+03,7.207908232619085993e+02
3.096390466928482056e+03,7.212716477005801607e+02
3.102187602281570435e+03,7.215559156347312637e+02
3.108043749332427979e+03,7.212953930421716677e+02
3.114066478252410889e+03,7.213387988351939839e+02
3.119893372535705566e+03,7.207860799055724783e+02
3.125922074556350708e+03,7.211561479572769713e+02
3.131775122165679932e+03,7.214627383210448670e+02
3.137656043767929077e+03,7.212630799245160915e+02
3.143703272819519043e+03,7.212028395913589520e+02
3.149784093379974365e+03,7.211267068937527256e+02
3.155874765157699585e+03,7.213487272523666434e+02
3.161796655893325806e+03,7.211824051206283457e+02
3.167676969289779663e+03,7.210626904808971176e+02
3.173559414148330688e+03,7.209068993969980284e+02
3.179671090602874756e+03,7.208418726314629339e+02
3.185783241271972656e+03,7.205322435748165617e+02
3.191935604810714722e+03,7.213111162893141000e+02
3.197994353294372559e+03,7.209591612098795395e+02
3.203937780141830444e+03,7.206974998629266338e+02
3.209921989679336548e+03,7.212918991875203574e+02
3.216115907430648804e+03,7.213635928539945326e+02
3.222350099086761475e+03,7.210925526170299236e+02
3.228359984159469604e+03,7.213195981040632887e+02
3.234561512708663940e+03,7.209830004953047364e+02
3.240767747879028320e+03,7.210638029351569003e+02
3.247021731853485107e+03,7.213258103417832672e+02
3.253259760141372681e+03,7.214527059169702170e+02
3.259495509386062622e+03,7.209505375887944183e+02
3.265760108470916748e+03,7.211649844352770060e+02
3.272012501001358032e+03,7.212783268561129262e+02
3.278251236677169800e+03,7.208544156750496086e+02
3.284318171501159668e+03,7.212479586055369509e+02
3.290574597597122192e+03,7.212423474281583822e+02
3.296850067615509033e+03,7.211653768956255135e+02
3.312574430942535400e+03,7.207197032549481719e+02
3.318659923315048218e+03,7.209949760537672319e+02
3.324960272550582886e+03,7.205488066426765954e+02
3.331058276891708374e+03,7.214224413445593882e+02
3.337342084884643555e+03,7.212531880535211712e+02
3.343464517354965210e+03,7.208997106486355051e+02
3.349825831651687622e+03,7.214349083634197086e+02
3.355989296197891235e+03,7.212483565543906252e+02
3.362122245073318481e+03,7.210873110223072899e+02
3.368522230148315430e+03,7.211507365242589458e+02
3.374854393720626831e+03,7.213588447404010822e+02
3.381024345636367798e+03,7.207164921948053689e+02
3.387296827793121338e+03,7.210821740509641131e+02
3.393456330299377441e+03,7.210544939666442588e+02
3.399600122928619385e+03,7.207490052407060830e+02
3.405782420635223389e+03,7.210851519044935003e+02
3.411948541402816772e+03,7.210957854636457114e+02
3.418147199392318726e+03,7.212458431602556175e+02
3.424565480947494507e+03,7.210426406198400855e+02
3.430812073230743408e+03,7.211950345110363969e+02
3.437279864549636841e+03,7.206848130760423601e+02
3.443760329723358154e+03,7.211256378812804542e+02
3.450261853933334351e+03,7.212100484716817164e+02
3.456525777816772461e+03,7.202778923411697178e+02
3.463011695623397827e+03,7.208401344524893375e+02
3.469466074705123901e+03,7.207606748651562611e+02
3.505292104482650757e+03,7.202713594494802010e+02
3.511795814037322998e+03,7.206280703493249575e+02
3.518370484352111816e+03,7.210112005807776541e+02
3.524886154651641846e+03,7.212352227381517196e+02
3.531195709943771362e+03,7.206396007587474060e+02
3.537749465703964233e+03,7.209580420920913184e+02
3.544120832681655884e+03,7.204694466663355570e+02
3.550412327289581299e+03,7.203202786414486809e+02
3.556946122646331787e+03,7.204208955539331782e+02
3.563290324687957764e+03,7.203794855578252054e+02
3.569688257217407227e+03,7.205192798407676946e+02
3.576101585626602173e+03,7.202599672846519070e+02
3.582720278739929199e+03,7.207827780459588212e+02
3.589129828214645386e+03,7.207399764656962589e+02
3.595744382619857788e+03,7.206105942713713830e+02
