9.012980000000000291e+04
1.258211999999999680e+05
2.097845999999999476e+05
2.949362999999999302e+05
3.048451000000000349e+05
2.275601000000000058e+05
1.355269000000000815e+05
9.556589999999997963e+04
9.489900000000001455e+04
9.615139999999999418e+04
1.030280999999999767e+05
1.476507000000000407e+05
2.148492000000000407e+05
2.449351000000000349e+05
2.123372000000001281e+05
1.550314000000000233e+05
1.150932999999999884e+05
9.647790000000003783e+04
9.030970000000004075e+04
9.131109999999996217e+04
1.022064000000000378e+05
1.401225000000000000e+05
1.958983000000000175e+05
2.150573000000000175e+05
1.681647000000000698e+05
1.087480999999999767e+05
8.268389999999999418e+04
7.623020000000001164e+04
7.492189999999996508e+04
8.010930000000000291e+04
1.088078999999999942e+05
1.898595000000000582e+05
2.743993000000001048e+05
2.716005999999999767e+05
2.047931000000000349e+05
1.529367999999999010e+05
1.226791000000000349e+05
9.996969999999993888e+04
9.810790000000002328e+04
1.198036000000000204e+05
1.705966000000000058e+05
2.504212999999999884e+05
3.022197000000000116e+05
2.620327000000000407e+05
1.695496000000000058e+05
1.058925999999999476e+05
9.857939999999996508e+04
9.969469999999999709e+04
9.756909999999997672e+04
1.354140000000000582e+05
2.163624999999999418e+05
2.790886999999999534e+05
2.635282000000000116e+05
1.924995999999999767e+05
1.211820999999999622e+05
8.637500000000000000e+04
8.812710000000002037e+04
9.426359999999999127e+04
1.044938999999999651e+05
1.563697000000000116e+05
2.377556000000000640e+05
2.754334999999999418e+05
2.293612999999999884e+05
1.427856000000000058e+05
9.025589999999997963e+04
8.762829999999995925e+04
9.175830000000003201e+04
9.506549999999995634e+04
1.250029999999999418e+05
1.752987999999999593e+05
2.106771000000000640e+05
2.051772000000000116e+05
1.648907999999999884e+05
1.177987000000000116e+05
8.953549999999998545e+04
8.705540000000000873e+04
9.502349999999998545e+04
1.115563000000000175e+05
1.541553000000000175e+05
1.919266000000000931e+05
1.853097000000000698e+05
1.524004999999999709e+05
1.180800000000000146e+05
9.121289999999997963e+04
7.872350000000000000e+04
8.353329999999998836e+04
9.919779999999997381e+04
1.200519999999999854e+05
1.555383999999999942e+05
1.719334000000000524e+05
1.392958000000000466e+05
1.006178999999999942e+05
8.765849999999995634e+04
8.412650000000000000e+04
8.033890000000000873e+04
8.876300000000000000e+04
1.090763999999999796e+05
1.444038000000000175e+05
2.559753999999999942e+05
3.745082999999999884e+05
3.329317000000000116e+05
2.018912000000000407e+05
1.264862000000000116e+05
9.366809999999997672e+04
8.456210000000000582e+04
8.712019999999996799e+04
1.084269000000000378e+05
1.954091000000000058e+05
3.177864000000000815e+05
3.594260000000000582e+05
2.628114000000000233e+05
1.679401000000000349e+05
1.285447000000000116e+05
1.007863999999999942e+05
9.769130000000003201e+04
1.033602999999999447e+05
1.513199999999999127e+05
2.694656999999999534e+05
3.390749000000000233e+05
2.819056999999999534e+05
1.739912000000000990e+05
1.278438000000000029e+05
1.202317000000000116e+05
1.097374000000000378e+05
1.091121000000000058e+05
1.080506000000000349e+05
1.323098999999999942e+05
1.379862999999999593e+05
1.623242999999999884e+05
2.502066000000000058e+05
2.276671000000000349e+05
1.512442999999999884e+05
1.324378000000000175e+05
1.073662000000000262e+05
1.201596999999999680e+05
1.542826000000000931e+05
2.779303999999999069e+05
4.421485000000000582e+05
3.593840000000001746e+05
1.722355000000000873e+05
1.037917999999999738e+05
1.013368999999999942e+05
1.015417999999999884e+05
9.857059999999997672e+04
1.228200000000000000e+05
1.913759000000000815e+05
3.228810000000001746e+05
3.780828999999998487e+05
2.424008999999999360e+05
1.236143000000000320e+05
1.091574000000000233e+05
1.039511000000000349e+05
9.917599999999998545e+04
1.119798999999999942e+05
1.621895999999999476e+05
2.633154000000000233e+05
3.584415999999999767e+05
3.083888000000000466e+05
1.665107999999999010e+05
1.068896000000000349e+05
1.117631999999999825e+05
1.090238999999999942e+05
1.120735000000000146e+05
1.315448999999999360e+05
1.971348999999999651e+05
3.482889000000000233e+05
4.465075999999999767e+05
3.170664999999999418e+05
1.612750999999999476e+05
1.302844999999999709e+05
1.150027000000000116e+05
1.135517000000000116e+05
1.276598999999999942e+05
1.649566999999999243e+05
2.993980999999999767e+05
4.513789999999999418e+05
4.227315000000002328e+05
2.316949999999999709e+05
1.390166000000000640e+05
1.299213999999999942e+05
1.072202000000000116e+05
1.157106999999999971e+05
1.258716000000000058e+05
1.935793000000000175e+05
3.182015999999998603e+05
3.344050000000000582e+05
2.271346000000000058e+05
1.291044000000000087e+05
1.120663000000000175e+05
1.064424999999999418e+05
9.855869999999996799e+04
1.119016000000000204e+05
1.451395999999999476e+05
2.348969000000001397e+05
2.999604000000000233e+05
2.565291000000000058e+05
1.671425999999999767e+05
1.101188999999999942e+05
1.027527000000000407e+05
9.922690000000000873e+04
1.007749999999999854e+05
1.164902000000000262e+05
1.641572999999999884e+05
2.569142999999999593e+05
2.703450999999999185e+05
1.951157999999999884e+05
1.303561999999999680e+05
9.469419999999996799e+04
8.796969999999995343e+04
8.819869999999995343e+04
9.808209999999996217e+04
1.188609000000000669e+05
1.592253999999999651e+05
2.039956000000001513e+05
1.867950999999999767e+05
1.460446999999999243e+05
1.193991000000000495e+05
9.687220000000002619e+04
1.018933000000000175e+05
9.684880000000001746e+04
1.007732000000000262e+05
1.280021000000000058e+05
1.415028000000000175e+05
1.830733999999999360e+05
2.551395999999999476e+05
2.505888999999999651e+05
1.589141999999999534e+05
1.167445999999999476e+05
1.098765000000000582e+05
1.073504000000000233e+05
1.440817999999999593e+05
1.950784000000001106e+05
3.379953000000001048e+05
4.292774999999997672e+05
2.888745000000002328e+05
1.380878000000000175e+05
1.016923000000000029e+05
9.368290000000002328e+04
9.486889999999999418e+04
1.208380999999999622e+05
1.665058999999998487e+05
2.931376000000000931e+05
4.344701000000000931e+05
3.811870000000000000e+05
2.113618000000000757e+05
1.231350999999999913e+05
1.041563000000000029e+05
9.298699999999997090e+04
1.011318000000000029e+05
1.260319000000000524e+05
1.717098000000000175e+05
2.529126999999999825e+05
2.628146000000000931e+05
2.274684000000000233e+05
1.796397999999999302e+05
1.155848999999999942e+05
1.076888999999999942e+05
1.041874000000000087e+05
1.245694999999999854e+05
1.671029000000000815e+05
2.515609000000000815e+05
3.407636999999998952e+05
2.770519000000000815e+05
1.915792000000000407e+05
1.362166000000000058e+05
1.052286999999999825e+05
1.085319999999999854e+05
1.011410000000000146e+05
1.252584999999999418e+05
1.499039000000000233e+05
2.147532000000000116e+05
2.323185000000000000e+05
1.684577999999999884e+05
1.431175999999999476e+05
1.118978000000000029e+05
1.056956999999999971e+05
9.792829999999997381e+04
1.083202000000000262e+05
1.393235999999999185e+05
1.854728000000000757e+05
2.650337000000000698e+05
2.308364000000000233e+05
1.696952999999999884e+05
1.325525000000000291e+05
1.034907999999999884e+05
1.054810000000000000e+05
9.995949999999997090e+04
1.293102999999999593e+05
1.737452999999999884e+05
2.821028999999999651e+05
3.565134000000001397e+05
2.676790000000001164e+05
1.648442000000000116e+05
1.051078999999999796e+05
9.475629999999997381e+04
9.074719999999993888e+04
9.768300000000002910e+04
1.194250000000000582e+05
1.925691000000000931e+05
3.110618999999999069e+05
3.269317999999998719e+05
2.401857000000000698e+05
1.376688999999999942e+05
1.027436999999999971e+05
1.062106999999999971e+05
1.040668000000000029e+05
1.281164000000000524e+05
1.680659000000001397e+05
2.690192999999999884e+05
3.403567999999999302e+05
2.846666999999999534e+05
1.827286000000000349e+05
1.074243999999999942e+05
9.428720000000004075e+04
9.205810000000002037e+04
8.887039999999996508e+04
1.023022000000000407e+05
1.101964000000000233e+05
1.198390999999999767e+05
1.617412000000000698e+05
2.330819000000000233e+05
2.187523000000000757e+05
1.372148000000000466e+05
1.139618999999999360e+05
1.069648999999999796e+05
1.202666999999999680e+05
1.528401999999999825e+05
2.081777000000000698e+05
2.634615000000000000e+05
2.243237000000000407e+05
1.868770999999999767e+05
1.515132000000000116e+05
1.317825000000000000e+05
1.386787000000000407e+05
1.133288000000000175e+05
1.255524999999999854e+05
1.502767999999999593e+05
2.105988999999999069e+05
2.043149000000000233e+05
1.641078999999998778e+05
1.738233000000000175e+05
1.315783999999999651e+05
1.274793999999999796e+05
1.165954000000000378e+05
1.077455999999999913e+05
1.228926999999999971e+05
1.676648000000000466e+05
2.111369000000000524e+05
1.749379999999999418e+05
1.789150000000000291e+05
1.565724999999999127e+05
1.205206999999999971e+05
1.199127999999999302e+05
1.006012000000000116e+05
1.069266000000000058e+05
1.509281000000000349e+05
3.040975000000000000e+05
4.697628000000000466e+05
4.527991999999998952e+05
2.639870999999999185e+05
1.407996999999999534e+05
1.213614000000000378e+05
9.619639999999997963e+04
9.583029999999994470e+04
1.048177000000000116e+05
1.767013999999999942e+05
3.227578000000000466e+05
4.553404999999998254e+05
4.003330999999996857e+05
2.088756000000000349e+05
1.377001999999999534e+05
1.176673000000000029e+05
1.013319000000000233e+05
1.066531999999999971e+05
1.448005000000000582e+05
2.680305000000001164e+05
4.157300999999998021e+05
4.329803999999997322e+05
2.693965000000000000e+05
1.381861000000000349e+05
1.178700999999999913e+05
1.063403000000000175e+05
9.696500000000000000e+04
1.129151000000000640e+05
1.770298000000000466e+05
3.129026999999999534e+05
3.821393999999999069e+05
2.847165999999999767e+05
1.573555000000000873e+05
1.083307000000000116e+05
1.049148999999999942e+05
9.626980000000000291e+04
1.042087999999999593e+05
1.316822999999999884e+05
2.419157000000000698e+05
3.732420999999999185e+05
3.499397999999999884e+05
2.293323000000000466e+05
1.280770000000000000e+05
1.085445999999999622e+05
1.063135999999999622e+05
9.867130000000000291e+04
1.174736000000000204e+05
1.758300000000000000e+05
2.994403999999999069e+05
3.244138000000000466e+05
2.530371999999999534e+05
1.770836000000000349e+05
1.138067999999999447e+05
1.176964999999999854e+05
1.068634000000000087e+05
9.451070000000006985e+04
1.055842000000000553e+05
1.125276999999999680e+05
1.246860999999999622e+05
1.721358000000000175e+05
2.513028000000000175e+05
2.127968999999999942e+05
1.269410999999999767e+05
1.098295000000000000e+05
9.490339999999999418e+04
1.026978999999999942e+05
1.596871999999999825e+05
3.058829000000000815e+05
4.691709999999997672e+05
4.417016000000000349e+05
2.591034999999999418e+05
1.422728000000000757e+05
1.148862999999999884e+05
9.218630000000003201e+04
9.501500000000004366e+04
1.122054999999999709e+05
1.868261999999999825e+05
3.240707000000002445e+05
4.090652999999999302e+05
3.296204999999997672e+05
1.710190000000000291e+05
1.143770999999999913e+05
1.059640000000000000e+05
9.771050000000000000e+04
1.093862999999999884e+05
1.618198999999999942e+05
3.084538000000001048e+05
4.697345000000000000e+05
4.376714999999998836e+05
2.496204999999999418e+05
1.256686999999999971e+05
1.024796000000000058e+05
9.729740000000000873e+04
1.014040999999999767e+05
1.191988000000000175e+05
1.771891000000001222e+05
2.962278999999999651e+05
3.179505000000000582e+05
2.273785999999999767e+05
1.395032000000000698e+05
9.720580000000000291e+04
1.033838000000000175e+05
9.729589999999999418e+04
1.027122999999999738e+05
1.299113999999999796e+05
2.104518999999999651e+05
2.821992000000000116e+05
2.417868999999999360e+05
1.867790000000000291e+05
1.303053000000000320e+05
1.038090999999999622e+05
1.080222999999999593e+05
1.022084999999999563e+05
1.201774999999999854e+05
1.566998999999999651e+05
2.537002000000000407e+05
2.589192999999999010e+05
1.964831000000000349e+05
1.768922999999999010e+05
1.225763000000000175e+05
1.178128000000000029e+05
1.094316000000000204e+05
1.124507000000000116e+05
1.301521999999999680e+05
2.007168999999999942e+05
3.491781000000001513e+05
3.679769000000000233e+05
2.609920000000000000e+05
1.432035000000000291e+05
1.060486999999999971e+05
1.026720000000000000e+05
1.004693000000000466e+05
1.197625000000000291e+05
1.462692999999999593e+05
2.541736000000000349e+05
3.790567999999998137e+05
3.681427000000001281e+05
2.153724000000000233e+05
1.138652000000000407e+05
1.005217999999999447e+05
9.373060000000002037e+04
1.009907999999999884e+05
1.198048999999999651e+05
1.746073999999999942e+05
2.785079999999999418e+05
3.199587999999999302e+05
2.509753999999999651e+05
1.482115999999999767e+05
9.948140000000000873e+04
9.682979999999995925e+04
8.997869999999996799e+04
9.551840000000000873e+04
1.076057000000000262e+05
1.247673000000000320e+05
1.557643000000000466e+05
2.024476000000000349e+05
1.978516000000001513e+05
1.348127999999999884e+05
1.053698999999999796e+05
1.061866999999999680e+05
9.779710000000004948e+04
1.085718000000000029e+05
1.366195000000000291e+05
1.916314999999999418e+05
2.020963999999999651e+05
1.742374000000000524e+05
1.623335999999999767e+05
1.179252000000000116e+05
1.188422000000000262e+05
1.116735000000000582e+05
1.153836000000000058e+05
1.253911999999999243e+05
1.781673999999999942e+05
2.422477000000000116e+05
2.059420999999999476e+05
1.864646000000000058e+05
1.504845000000000291e+05
1.185156000000000640e+05
1.175649000000000087e+05
1.030935000000000291e+05
1.151845000000000146e+05
1.359662999999999593e+05
1.985829999999999709e+05
2.278372000000000116e+05
1.973410000000000291e+05
1.981466000000000058e+05
1.440411999999999825e+05
1.309101000000000058e+05
1.220176999999999971e+05
1.127388000000000029e+05
1.421323000000000175e+05
2.090530999999998894e+05
3.305009999999998836e+05
3.058425000000000582e+05
2.135417999999998719e+05
1.383153000000000175e+05
1.041614999999999709e+05
9.791950000000001455e+04
9.058870000000002619e+04
9.995570000000001164e+04
1.281277999999999593e+05
2.074484999999999127e+05
2.843967000000001281e+05
2.612819000000000233e+05
1.731982000000000116e+05
1.120875000000000146e+05
9.782840000000003783e+04
9.606019999999999709e+04
9.889529999999998836e+04
1.207189000000000087e+05
1.727476000000001222e+05
2.779332999999999302e+05
2.820127999999999302e+05
2.275945000000000000e+05
1.588270000000000291e+05
1.169361000000000058e+05
1.142032000000000116e+05
1.059911999999999971e+05
1.121436999999999534e+05
1.340573999999999651e+05
1.883271000000000931e+05
2.272080000000000000e+05
1.896014000000000233e+05
1.683074000000000524e+05
1.359392999999999884e+05
1.152345000000000000e+05
1.117790000000000146e+05
1.085804999999999709e+05
1.213499999999999854e+05
1.400671000000000058e+05
1.895972000000000407e+05
1.694322000000000407e+05
1.678896000000000640e+05
1.679799000000000815e+05
1.192913999999999651e+05
1.081435000000000000e+05
1.056208000000000029e+05
1.073954000000000378e+05
1.169073999999999942e+05
1.227946000000000204e+05
1.369046000000000058e+05
1.400712000000000116e+05
2.255029999999999709e+05
2.277773000000000175e+05
1.498174000000000233e+05
1.252836999999999680e+05
9.876970000000004075e+04
1.047023999999999796e+05
1.084371999999999971e+05
1.215029000000000378e+05
1.726818999999999651e+05
1.963310999999999767e+05
1.375042000000000116e+05
9.599579999999993015e+04
8.583090000000002328e+04
9.636310000000002037e+04
1.022553000000000029e+05
1.290616999999999243e+05
1.945977000000000407e+05
3.344101999999999534e+05
4.023607000000000116e+05
2.769856999999999534e+05
1.475423999999999942e+05
1.018635000000000146e+05
1.048804000000000233e+05
1.030904999999999563e+05
1.226848000000000029e+05
1.559900000000000000e+05
2.563724000000001397e+05
3.531062000000000698e+05
3.273550999999999767e+05
2.046473999999999360e+05
1.136481999999999971e+05
9.974470000000001164e+04
1.010919999999999854e+05
1.035934000000000233e+05
1.290116999999999825e+05
1.653018999999999360e+05
2.504369999999999709e+05
2.719053000000000466e+05
2.285418000000000175e+05
1.528811999999999825e+05
1.044783999999999796e+05
1.060885000000000000e+05
1.036560999999999913e+05
1.138804000000000087e+05
1.395815000000000291e+05
2.073571000000000058e+05
2.813447999999999884e+05
2.496939000000000524e+05
1.841066000000000349e+05
1.269730999999999476e+05
1.057989999999999709e+05
1.059425000000000000e+05
1.033759000000000378e+05
1.177524000000000669e+05
1.377172999999999593e+05
2.005183999999999942e+05
2.040063000000000466e+05
1.944349000000000233e+05
1.624443999999999942e+05
1.084162999999999884e+05
1.040319999999999854e+05
1.036119999999999418e+05
1.129139000000000087e+05
1.258331000000000349e+05
1.572910999999999476e+05
2.190551999999998952e+05
2.017519000000000233e+05
1.878810000000000873e+05
1.525528999999999942e+05
1.248816999999999971e+05
1.257936999999999534e+05
1.079348000000000029e+05
1.243998000000000175e+05
1.722420000000001455e+05
2.853676999999999534e+05
3.565856000000000349e+05
2.930542000000000116e+05
1.749242000000000407e+05
1.085166999999999680e+05
1.009987999999999593e+05
9.384009999999999127e+04
1.027684999999999854e+05
1.216329999999999418e+05
1.820755000000000291e+05
2.754881000000000349e+05
2.982061999999999534e+05
2.467122999999999593e+05
1.440246999999999534e+05
9.730069999999999709e+04
9.119289999999997963e+04
8.990600000000000000e+04
9.746390000000002328e+04
1.343062999999999593e+05
2.179683000000000175e+05
3.060514999999999418e+05
2.922547999999999302e+05
2.092147999999999884e+05
1.310757000000000407e+05
1.029491000000000058e+05
9.491260000000002037e+04
9.360100000000000000e+04
1.058907000000000407e+05
1.062136999999999825e+05
1.283073999999999942e+05
1.579483000000000175e+05
1.677522000000000990e+05
1.307574000000000233e+05
9.275310000000000582e+04
8.388720000000001164e+04
8.742290000000002328e+04
9.982420000000002619e+04
1.193060999999999913e+05
1.562287000000000116e+05
1.998210000000000582e+05
1.697549000000000524e+05
1.609133999999999651e+05
1.404410000000000000e+05
1.097578000000000175e+05
9.829749999999997090e+04
8.596979999999997381e+04
8.684800000000002910e+04
8.880290000000002328e+04
1.016699000000000087e+05
1.196789000000000524e+05
1.898813999999999360e+05
2.706004000000000815e+05
2.059695000000000582e+05
1.527564000000000524e+05
1.384581000000000058e+05
1.287085999999999622e+05
1.480593000000000175e+05
1.700228000000000757e+05
2.409617000000000698e+05
2.010015000000000291e+05
1.807767999999999884e+05
1.576810000000000873e+05
1.171255000000000000e+05
1.021220000000000000e+05
9.056169999999999709e+04
9.937030000000000291e+04
1.246619999999999854e+05
1.915046999999999825e+05
2.784468999999999069e+05
3.328916000000000349e+05
2.360962999999999884e+05
1.330467000000000116e+05
1.058450000000000000e+05
9.420999999999998545e+04
1.035312999999999302e+05
1.198318000000000029e+05
1.835377000000000407e+05
3.024517999999999884e+05
4.251009000000000815e+05
3.962574000000000815e+05
2.242538999999999360e+05
1.338821999999999825e+05
1.040161999999999680e+05
9.565769999999996799e+04
1.039608000000000320e+05
1.353660000000000291e+05
2.242477999999999302e+05
3.372802000000000698e+05
3.779296999999997788e+05
2.573453000000000466e+05
1.341390000000000000e+05
1.056085999999999913e+05
9.294750000000000000e+04
9.629299999999998545e+04
1.090206999999999825e+05
1.458726000000000640e+05
2.137950000000000582e+05
2.709810000000000000e+05
2.480245000000000291e+05
1.593204000000000524e+05
1.055854000000000087e+05
9.090020000000004075e+04
8.917189999999999418e+04
1.020896000000000204e+05
1.197043000000000466e+05
1.887419000000001106e+05
2.741722999999999302e+05
3.084194999999999418e+05
2.471342999999999593e+05
1.475584000000000233e+05
1.093432999999999593e+05
9.638790000000000873e+04
9.857570000000001164e+04
1.146566999999999825e+05
1.479199999999999709e+05
2.217715000000000000e+05
2.601307000000000698e+05
2.298494000000000233e+05
1.585113999999999069e+05
1.032873000000000320e+05
9.510669999999999709e+04
8.663710000000002037e+04
9.316979999999998836e+04
9.767889999999999418e+04
1.070080999999999622e+05
1.174210999999999622e+05
1.188693000000000175e+05
1.345534999999998836e+05
1.342972999999999884e+05
1.071662999999999593e+05
9.386270000000001164e+04
9.260579999999995925e+04
1.004127999999999884e+05
1.306634999999999709e+05
2.058780999999999767e+05
2.975932000000001281e+05
3.211344000000001397e+05
2.352366999999999825e+05
1.434065000000000000e+05
1.087220000000000000e+05
9.087879999999995925e+04
9.906180000000001746e+04
1.122933000000000611e+05
1.714017000000000116e+05
2.661525000000000582e+05
3.775070999999999767e+05
3.521601999999998370e+05
1.896371000000000349e+05
1.163055000000000437e+05
9.671739999999999418e+04
9.400999999999998545e+04
1.072061000000000204e+05
1.398373000000000175e+05
2.088177000000000116e+05
2.951798999999997905e+05
3.071402000000001863e+05
2.169840999999999767e+05
1.300989999999999854e+05
9.980159999999999127e+04
9.010729999999997381e+04
9.644029999999998836e+04
1.051298000000000029e+05
1.404381999999999534e+05
2.047998999999999651e+05
2.504326999999999243e+05
2.323690000000000582e+05
1.448145000000000000e+05
1.007760999999999913e+05
9.236769999999995343e+04
9.621510000000000582e+04
1.167375000000000291e+05
1.531681999999999825e+05
2.402120000000000291e+05
3.328596999999998952e+05
3.278155999999999767e+05
2.245405999999999476e+05
1.310844000000000233e+05
1.029433000000000320e+05
1.008557999999999447e+05
1.048838000000000175e+05
1.333963000000000466e+05
1.644271000000000058e+05
2.487252000000000407e+05
2.860911999999999534e+05
2.319683999999999942e+05
1.800379999999999418e+05
1.258739000000000087e+05
1.105883999999999796e+05
9.464079999999998836e+04
9.749969999999999709e+04
1.043462000000000262e+05
1.281653999999999214e+05
1.867114999999999418e+05
2.534601000000000058e+05
2.670610000000000000e+05
1.892800999999999476e+05
1.213779999999999563e+05
9.361430000000001746e+04
9.355379999999998836e+04
9.633380000000001746e+04
1.199739999999999709e+05
1.767028999999999360e+05
3.010138000000001048e+05
3.877613999999999069e+05
2.897118999999998487e+05
1.698270000000000000e+05
1.090904000000000233e+05
9.432069999999996799e+04
9.834260000000000582e+04
1.105569999999999272e+05
1.629053999999999651e+05
2.254405000000000582e+05
3.084387000000000698e+05
3.016835000000001164e+05
1.902653999999999651e+05
1.205345999999999767e+05
9.289559999999999127e+04
8.708510000000003492e+04
9.245789999999999418e+04
9.703419999999999709e+04
1.060344000000000233e+05
1.012986999999999680e+05
1.222225999999999622e+05
1.708366000000000349e+05
1.522241000000000058e+05
1.155569999999999854e+05
1.131112000000000116e+05
1.109018999999999796e+05
1.414491999999999825e+05
1.879556000000000058e+05
2.964883000000000466e+05
3.276393000000001048e+05
2.436261999999999243e+05
1.605560999999999185e+05
1.124639000000000087e+05
1.028144999999999854e+05
9.367050000000001455e+04
1.096131999999999971e+05
1.233711000000000058e+05
1.739106999999999243e+05
2.165446999999999825e+05
2.243342000000000407e+05
1.799115999999999476e+05
1.160008999999999942e+05
9.673410000000004948e+04
8.743939999999997963e+04
9.162350000000000000e+04
1.059070999999999622e+05
1.345546999999999825e+05
2.024397999999999593e+05
2.377706000000000349e+05
2.056251000000000058e+05
1.515920000000000000e+05
1.100501999999999680e+05
9.813360000000002037e+04
9.118179999999998836e+04
9.976580000000001746e+04
1.150565000000000000e+05
1.574342000000000407e+05
2.335448999999999651e+05
3.139649999999999418e+05
3.047008000000000466e+05
2.013370999999999476e+05
1.333016000000000058e+05
9.848990000000003783e+04
9.331900000000000000e+04
9.411240000000000873e+04
1.024677000000000262e+05
1.294720000000000146e+05
1.849748999999999651e+05
2.391249999999999127e+05
1.960814000000000524e+05
1.285593999999999651e+05
9.998710000000006403e+04
8.652140000000002328e+04
9.153989999999999418e+04
9.703079999999997381e+04
1.274221999999999680e+05
1.845679999999999709e+05
2.555443000000000175e+05
2.592054999999999418e+05
1.708646999999999243e+05
1.190006000000000495e+05
9.903210000000000582e+04
9.789139999999999418e+04
1.129742999999999738e+05
1.374507000000000116e+05
2.041178000000000175e+05
2.805146999999998952e+05
2.893064000000000233e+05
2.053511999999999825e+05
1.260946999999999825e+05
1.067873999999999942e+05
9.530599999999995634e+04
1.011037999999999884e+05
1.131011000000000204e+05
1.421856999999999825e+05
1.933527000000000698e+05
2.091076000000000349e+05
1.795027000000000407e+05
1.235285000000000146e+05
1.007690000000000291e+05
9.379359999999996217e+04
9.007139999999997963e+04
9.929660000000003492e+04
1.173416000000000786e+05
1.593438000000000757e+05
2.052304999999998545e+05
2.025582000000000407e+05
1.541328999999999942e+05
1.073702999999999593e+05
9.090440000000002328e+04
8.628720000000001164e+04
8.010889999999999418e+04
8.057459999999996217e+04
8.159150000000001455e+04
8.547379999999998836e+04
1.071948999999999942e+05
1.417993999999999360e+05
1.371193000000000175e+05
1.033733999999999942e+05
8.687110000000004948e+04
8.501609999999997672e+04
8.717680000000001746e+04
1.016821000000000640e+05
1.343371999999999825e+05
1.905976000000000640e+05
2.550485999999999476e+05
2.427272000000000407e+05
1.726764000000000524e+05
1.263244000000000087e+05
9.565179999999995925e+04
9.360719999999995343e+04
9.808239999999999418e+04
1.188395999999999622e+05
1.675465000000000582e+05
2.366691000000000640e+05
2.982900000000000000e+05
2.336067000000000698e+05
1.467457000000000698e+05
1.026046999999999971e+05
8.716070000000002619e+04
9.218679999999997381e+04
1.067075000000000146e+05
1.410654000000000233e+05
2.118835999999999185e+05
2.880486999999998952e+05
2.500436999999999534e+05
1.490911000000000349e+05
1.130782999999999738e+05
1.011442000000000262e+05
1.036541000000000204e+05
1.171246000000000204e+05
1.427297000000000407e+05
1.968557000000000407e+05
2.421958000000000175e+05
2.512577000000000116e+05
1.907654999999999709e+05
1.320223999999999651e+05
1.113098000000000029e+05
9.192580000000000291e+04
9.741289999999999418e+04
1.091838999999999651e+05
1.355952000000000116e+05
1.847379999999999418e+05
2.035426000000000349e+05
1.749735999999999767e+05
1.212810999999999913e+05
9.669539999999999418e+04
8.916740000000000873e+04
8.671019999999999709e+04
9.285639999999999418e+04
1.062036999999999680e+05
1.315208999999999942e+05
1.789765000000000291e+05
1.934888000000001048e+05
1.401132000000000116e+05
1.010887000000000116e+05
9.301409999999999127e+04
9.415289999999999418e+04
1.014719000000000087e+05
1.246554999999999854e+05
1.595091999999999825e+05
2.289361000000000349e+05
2.919625000000000000e+05
2.781513000000000466e+05
1.940628999999998778e+05
1.301799999999999709e+05
1.026137000000000116e+05
8.712360000000000582e+04
9.315519999999998254e+04
9.680919999999999709e+04
1.184645000000000582e+05
1.550492999999999593e+05
1.930707999999999302e+05
1.684642000000000116e+05
1.247133000000000320e+05
1.035523000000000175e+05
8.914989999999999418e+04
9.330970000000001164e+04
1.024693000000000320e+05
1.190407999999999884e+05
1.588678000000000175e+05
1.817014999999999709e+05
1.838139000000000524e+05
1.583825000000000291e+05
1.201880000000000146e+05
9.822840000000003783e+04
8.157329999999997381e+04
7.775130000000003201e+04
7.727699999999997090e+04
7.758500000000002910e+04
8.729510000000002037e+04
1.113751000000000058e+05
1.416392999999999302e+05
1.438621000000000058e+05
1.086605999999999767e+05
9.752179999999998836e+04
1.006608999999999942e+05
1.025243000000000611e+05
1.288407999999999884e+05
1.631200999999999767e+05
2.044234000000000524e+05
2.082394000000000233e+05
1.539732000000000116e+05
1.121659999999999854e+05
1.116429999999999563e+05
1.030898999999999942e+05
1.056522999999999593e+05
1.287674000000000233e+05
1.526835999999999767e+05
2.018746999999999825e+05
1.954938999999999942e+05
1.581258999999999651e+05
1.309778999999999651e+05
1.081691000000000058e+05
1.057578999999999796e+05
8.992469999999998254e+04
9.492480000000000291e+04
1.022834000000000233e+05
1.274926000000000495e+05
1.484853999999999651e+05
1.579399000000000524e+05
1.414462000000000116e+05
1.066242999999999738e+05
1.026188000000000466e+05
9.271930000000003201e+04
9.427589999999997963e+04
1.091074000000000087e+05
1.376387000000000698e+05
1.940102999999999884e+05
2.400299999999999709e+05
2.274402999999999884e+05
1.703341999999999243e+05
1.259984000000000087e+05
1.045345999999999622e+05
8.958689999999997963e+04
9.554650000000002910e+04
1.041626000000000495e+05
1.363881000000000058e+05
1.747319999999999418e+05
2.251176000000000349e+05
2.304539000000000524e+05
1.670060000000000000e+05
1.283589000000000233e+05
1.024322999999999884e+05
9.681179999999998836e+04
1.107997999999999884e+05
1.410751000000000058e+05
1.955169000000000233e+05
2.339549000000000233e+05
2.145052000000000116e+05
1.618571000000000058e+05
1.178658999999999505e+05
1.062311000000000786e+05
9.375230000000004657e+04
9.707620000000001164e+04
1.127411000000000640e+05
1.365913999999999942e+05
1.774703999999999942e+05
1.919870999999999476e+05
1.620587000000000116e+05
1.239785999999999767e+05
1.069176999999999680e+05
1.043840999999999767e+05
9.582050000000000000e+04
1.145274000000000087e+05
1.343488000000000175e+05
1.674944999999999127e+05
1.842248000000000175e+05
1.408481000000000058e+05
1.366567000000000407e+05
1.262464999999999854e+05
1.128845000000000437e+05
9.652289999999995052e+04
9.245779999999997381e+04
9.762179999999997381e+04
1.005489999999999854e+05
1.162661000000000495e+05
1.147791999999999971e+05
1.294413000000000175e+05
1.269081000000000495e+05
1.062881999999999825e+05
8.947639999999999418e+04
7.824540000000002328e+04
7.686340000000000873e+04
7.724380000000000291e+04
8.137409999999996217e+04
9.540299999999995634e+04
1.188805000000000437e+05
1.297109999999999418e+05
1.163610000000000437e+05
9.342480000000004657e+04
8.554789999999997963e+04
9.004740000000003783e+04
9.110480000000001746e+04
1.108465000000000437e+05
1.384567000000000116e+05
1.986406000000000640e+05
2.227371999999999825e+05
1.531450999999998894e+05
1.056226999999999971e+05
9.147219999999999709e+04
9.162370000000002619e+04
9.871980000000001746e+04
1.215050999999999913e+05
1.490380000000000000e+05
2.059639999999999127e+05
2.104516999999998952e+05
1.665503000000000175e+05
1.417385999999999767e+05
1.139755999999999622e+05
1.135769000000000087e+05
1.057983000000000029e+05
1.188982000000000262e+05
1.353964000000000233e+05
1.636978000000000757e+05
1.862944000000000233e+05
1.641270000000000291e+05
1.424276999999999534e+05
1.169525999999999913e+05
1.134690000000000437e+05
1.096216000000000495e+05
1.078674000000000233e+05
1.300479999999999272e+05
1.423396999999999825e+05
1.735376000000000349e+05
1.501101999999999243e+05
1.498237999999999884e+05
1.749790000000000291e+05
1.441915000000000291e+05
1.386672999999999884e+05
1.099331000000000058e+05
1.135759000000000524e+05
1.195973999999999796e+05
1.333581000000000058e+05
1.414627000000000698e+05
1.255427000000000407e+05
1.413416999999999825e+05
1.296575999999999767e+05
1.142011999999999971e+05
1.025879999999999854e+05
9.404890000000000873e+04
1.009613000000000320e+05
1.023377999999999447e+05
1.124222999999999447e+05
1.055667999999999884e+05
1.035873000000000175e+05
1.289788000000000029e+05
1.158621999999999389e+05
1.004788999999999942e+05
9.054400000000002910e+04
8.741789999999999418e+04
9.462260000000000582e+04
1.071195000000000437e+05
1.306058000000000902e+05
1.383586999999999825e+05
1.362908999999999942e+05
1.084281000000000058e+05
9.437980000000003201e+04
8.764990000000000873e+04
8.515910000000002037e+04
9.142659999999999127e+04
1.089693999999999942e+05
1.320477999999999593e+05
1.603007000000000407e+05
1.662265999999999767e+05
1.240089999999999563e+05
1.019260999999999476e+05
9.478950000000001455e+04
9.441430000000003201e+04
1.011533999999999796e+05
1.188227999999999302e+05
1.427922999999999884e+05
1.737245000000000000e+05
1.720202999999999884e+05
1.382842000000000407e+05
1.083380999999999622e+05
9.115170000000002619e+04
8.310960000000002037e+04
7.815660000000000582e+04
7.668890000000000873e+04
7.992919999999999709e+04
9.222350000000001455e+04
1.117991999999999971e+05
1.164741999999999971e+05
1.129757000000000116e+05
1.078050000000000146e+05
9.098190000000002328e+04
9.191760000000003492e+04
9.337719999999998254e+04
1.051666000000000058e+05
1.138665999999999622e+05
1.350212999999999593e+05
1.426598999999999651e+05
1.081868999999999360e+05
1.035126999999999680e+05
9.780400000000002910e+04
1.021028999999999942e+05
9.960239999999996508e+04
1.082356999999999971e+05
1.197644000000000087e+05
1.344592999999999593e+05
1.554550999999998894e+05
1.503496000000000058e+05
1.361121999999999534e+05
1.127293999999999796e+05
1.079027000000000116e+05
1.003551999999999971e+05
1.008387999999999593e+05
1.149115000000000146e+05
1.269931000000000349e+05
1.542717000000000407e+05
1.545563999999999651e+05
1.320001999999999243e+05
1.199316999999999825e+05
1.060263999999999942e+05
1.107106000000000204e+05
1.116111999999999825e+05
1.250002000000000116e+05
1.613745999999999767e+05
2.054224000000000233e+05
2.648944999999999418e+05
2.416420000000000000e+05
1.752954999999999418e+05
1.278559999999999418e+05
1.121830999999999767e+05
1.093103000000000175e+05
1.049779999999999272e+05
1.206025999999999476e+05
1.412526000000000058e+05
1.780246999999999825e+05
1.894386000000000058e+05
1.755956999999999825e+05
1.390726000000000058e+05
1.098832999999999593e+05
9.752690000000002328e+04
9.155939999999999418e+04
1.012687999999999738e+05
1.169906999999999534e+05
1.385970999999999767e+05
1.717716000000000640e+05
1.828376999999999534e+05
1.409533999999999651e+05
9.981100000000001455e+04
8.846940000000000873e+04
9.001090000000000873e+04
9.227880000000001746e+04
1.071240999999999767e+05
1.169265999999999913e+05
1.388521999999999825e+05
1.483906999999999825e+05
1.414891999999999825e+05
1.511138000000000757e+05
1.306019000000000233e+05
1.236598999999999651e+05
1.126776999999999971e+05
1.157181999999999680e+05
1.360737000000000116e+05
1.604280000000000000e+05
1.904560000000000291e+05
1.836476000000000349e+05
1.608085000000000000e+05
1.277735999999999767e+05
1.248173999999999505e+05
1.254587000000000262e+05
1.095921999999999534e+05
1.304650000000000291e+05
1.446411000000000349e+05
1.530065000000000582e+05
1.592546000000000640e+05
1.162659000000000087e+05
1.042231000000000058e+05
1.129977999999999884e+05
1.045358000000000175e+05
9.517460000000000582e+04
8.165130000000004657e+04
7.875149999999998545e+04
7.803879999999995925e+04
7.930669999999999709e+04
8.851090000000002328e+04
1.102340000000000000e+05
1.130540000000000437e+05
8.998010000000003492e+04
8.376799999999998545e+04
8.801400000000002910e+04
9.305660000000000582e+04
1.017102000000000407e+05
1.305704999999999709e+05
1.400401000000000058e+05
1.448568999999999360e+05
1.539342000000000116e+05
1.358558000000000175e+05
1.186284999999999563e+05
1.042929999999999563e+05
1.063663000000000320e+05
1.249591999999999680e+05
1.615499000000000233e+05
2.046008999999999651e+05
2.472865000000000000e+05
2.319049000000000233e+05
1.637845999999999476e+05
1.233228000000000320e+05
1.133542000000000262e+05
9.982600000000000000e+04
1.064815000000000146e+05
1.226771999999999825e+05
1.421840000000000291e+05
1.722937999999999884e+05
1.863579999999999709e+05
1.809389999999999709e+05
1.464496000000000349e+05
1.205798000000000175e+05
9.878940000000003783e+04
8.518800000000001455e+04
9.181379999999997381e+04
9.659340000000002328e+04
1.135038999999999651e+05
1.236039000000000378e+05
1.405041000000000058e+05
1.323458000000000466e+05
1.151776999999999243e+05
1.104430999999999476e+05
1.010047999999999738e+05
1.129785999999999767e+05
1.307373999999999651e+05
1.649980999999999767e+05
1.903929999999999127e+05
1.804830999999999476e+05
1.424550000000000291e+05
1.125729000000000087e+05
1.076317999999999884e+05
1.144452000000000262e+05
1.112883999999999505e+05
1.325144999999999418e+05
1.641112999999999593e+05
2.028789999999999418e+05
2.476212000000000407e+05
2.060480000000000291e+05
1.419455000000000291e+05
1.161201000000000058e+05
1.036944000000000669e+05
9.807019999999996799e+04
9.181700000000000000e+04
9.999540000000000873e+04
1.175615000000000146e+05
1.438007999999999884e+05
1.495925000000000291e+05
1.524663000000000175e+05
1.473904000000000233e+05
1.287189000000000087e+05
1.138010000000000291e+05
9.683620000000002619e+04
1.017594999999999709e+05
1.121179000000000087e+05
1.506962000000000407e+05
1.716372999999998428e+05
1.796828999999999651e+05
1.679031999999999534e+05
1.356687000000000116e+05
1.189897999999999738e+05
1.011114000000000087e+05
9.710139999999997963e+04
1.304544999999999709e+05
1.781318999999999942e+05
2.143821999999999825e+05
2.738474999999998836e+05
2.559371000000000058e+05
1.724813000000000466e+05
1.212576000000000204e+05
1.013626000000000495e+05
8.683180000000000291e+04
8.610680000000001746e+04
9.492850000000000000e+04
9.228020000000001164e+04
9.563689999999995052e+04
1.081602999999999447e+05
1.519181000000000931e+05
1.507010000000000000e+05
1.084980999999999913e+05
9.335020000000001164e+04
8.673239999999999418e+04
9.587590000000005239e+04
1.029119000000000378e+05
1.064308999999999942e+05
1.109375000000000000e+05
1.088879000000000233e+05
1.016576999999999971e+05
9.315989999999997963e+04
8.948139999999997963e+04
9.099980000000003201e+04
1.014288999999999505e+05
1.158992999999999884e+05
1.280196000000000495e+05
1.584636000000000058e+05
1.810922000000000116e+05
1.392564000000000233e+05
1.026169999999999854e+05
9.569939999999999418e+04
9.277629999999993015e+04
9.295270000000002619e+04
1.034345999999999622e+05
1.234111000000000495e+05
1.389638999999999942e+05
1.534041999999999825e+05
1.356168999999999942e+05
1.255088000000000029e+05
1.180460000000000146e+05
1.048752999999999884e+05
9.847389999999999418e+04
8.679819999999999709e+04
9.403789999999999418e+04
9.986849999999992724e+04
1.119420999999999767e+05
1.235286000000000204e+05
1.190358999999999651e+05
1.090993000000000029e+05
9.640230000000003201e+04
8.578379999999998836e+04
7.896359999999996217e+04
8.032960000000002037e+04
8.259669999999998254e+04
9.482339999999999418e+04
1.028880999999999913e+05
1.346859000000000233e+05
1.638781999999999825e+05
1.350326999999999534e+05
1.057033000000000029e+05
8.591860000000000582e+04
8.058259999999999127e+04
8.342620000000002619e+04
9.153560000000000582e+04
1.017012000000000116e+05
1.079697999999999302e+05
1.223935000000000146e+05
1.064069000000000233e+05
9.220470000000002619e+04
8.773360000000002037e+04
8.842380000000000291e+04
9.522209999999999127e+04
1.044691000000000204e+05
1.141819000000000087e+05
1.246980999999999767e+05
1.251109999999999709e+05
9.973770000000002619e+04
8.818709999999999127e+04
9.083550000000004366e+04
8.865589999999999418e+04
9.162070000000001164e+04
1.039806999999999680e+05
1.040138000000000029e+05
1.148568000000000175e+05
1.139771000000000495e+05
1.070445999999999767e+05
1.200119999999999854e+05
1.190598000000000029e+05
1.096777000000000116e+05
9.033609999999999127e+04
8.944140000000003783e+04
8.948430000000000291e+04
9.000620000000001164e+04
9.958460000000002037e+04
9.215819999999999709e+04
1.099028000000000029e+05
1.256683999999999651e+05
1.076876999999999534e+05
8.804910000000000582e+04
7.789560000000002037e+04
7.398990000000000873e+04
7.358609999999997672e+04
7.702800000000000000e+04
8.539929999999998836e+04
1.002343999999999651e+05
9.953800000000000000e+04
8.622729999999998836e+04
8.235889999999996508e+04
8.699140000000000873e+04
9.136850000000002910e+04
1.015822000000000262e+05
1.150854000000000669e+05
1.307461000000000204e+05
1.393073999999999942e+05
1.151071000000000058e+05
9.193960000000000582e+04
8.592870000000001164e+04
8.834100000000001455e+04
8.726969999999996799e+04
9.656130000000006112e+04
1.166239000000000378e+05
1.286059999999999563e+05
1.653954999999999709e+05
1.554016000000000640e+05
1.072024999999999854e+05
9.708950000000004366e+04
9.461949999999994179e+04
9.590029999999995925e+04
9.610390000000003783e+04
1.061604000000000087e+05
1.127982999999999738e+05
1.256330999999999913e+05
1.195223999999999942e+05
9.862709999999997672e+04
1.086127999999999884e+05
1.052247999999999738e+05
1.035937999999999884e+05
9.220740000000002328e+04
8.751390000000002328e+04
9.334740000000000873e+04
9.383879999999998836e+04
1.079440999999999913e+05
1.008213999999999942e+05
9.262739999999997963e+04
9.401069999999999709e+04
9.484140000000000873e+04
8.756019999999998254e+04
8.261660000000002037e+04
8.347600000000001455e+04
8.267090000000000873e+04
9.455079999999995925e+04
9.885639999999996508e+04
1.314497000000000407e+05
1.532884999999999709e+05
1.313504000000000233e+05
1.126416000000000058e+05
9.147020000000001164e+04
8.471820000000001164e+04
8.597910000000004948e+04
9.381739999999999418e+04
1.028243999999999796e+05
9.588799999999998545e+04
9.604849999999997090e+04
9.518320000000004075e+04
9.368600000000001455e+04
8.921980000000000291e+04
8.378019999999999709e+04
8.904930000000001746e+04
9.950360000000003492e+04
1.163309999999999709e+05
1.229531000000000495e+05
1.194619000000000233e+05
1.067468000000000029e+05
9.434680000000001746e+04
9.195110000000006403e+04
8.647730000000000291e+04
8.656150000000001455e+04
1.009761999999999825e+05
1.190272999999999593e+05
1.480565000000000291e+05
1.598923999999999942e+05
1.316906999999999825e+05
9.963890000000000873e+04
8.944030000000000291e+04
8.931010000000007858e+04
8.705190000000000873e+04
9.075670000000001164e+04
1.026849000000000233e+05
1.172509999999999709e+05
1.295169000000000087e+05
1.266035000000000146e+05
1.100998000000000466e+05
9.402310000000003492e+04
9.115630000000001746e+04
8.750340000000002328e+04
7.917820000000001164e+04
7.986280000000001746e+04
7.619690000000000873e+04
7.664340000000002328e+04
9.076319999999996799e+04
1.325192000000000116e+05
1.513129999999999709e+05
1.092005999999999622e+05
8.789910000000000582e+04
9.604250000000001455e+04
9.803620000000005530e+04
9.437419999999999709e+04
1.036736000000000058e+05
1.059323999999999942e+05
1.044372000000000262e+05
1.234681999999999971e+05
1.281103000000000175e+05
1.293993999999999651e+05
1.116836999999999534e+05
9.288450000000001455e+04
9.791319999999999709e+04
9.452129999999998836e+04
1.058460000000000291e+05
1.049188999999999796e+05
9.926959999999997672e+04
1.041817999999999884e+05
1.007425000000000146e+05
1.010502000000000262e+05
8.951360000000000582e+04
8.831689999999997963e+04
8.884750000000000000e+04
9.266139999999997963e+04
9.641989999999999418e+04
8.867720000000001164e+04
9.438869999999996799e+04
9.841400000000000000e+04
1.001540000000000000e+05
9.236910000000002037e+04
8.253350000000000000e+04
8.581100000000000000e+04
9.187699999999998545e+04
1.020303000000000320e+05
1.115487000000000262e+05
1.130790999999999476e+05
1.095906999999999825e+05
1.028574999999999854e+05
8.823909999999997672e+04
8.140330000000003201e+04
8.216540000000003783e+04
8.601990000000000873e+04
9.534920000000002619e+04
9.610440000000002328e+04
9.819379999999998836e+04
1.066004000000000087e+05
1.068084999999999854e+05
9.349029999999997381e+04
8.176819999999998254e+04
8.040950000000001455e+04
8.574540000000002328e+04
9.978129999999998836e+04
1.042331999999999680e+05
1.258553999999999796e+05
1.528328999999999651e+05
1.487410999999999185e+05
1.248269999999999854e+05
9.214080000000000291e+04
8.274929999999995925e+04
8.312650000000000000e+04
8.661229999999998836e+04
1.001143000000000175e+05
1.012845000000000146e+05
1.057447000000000262e+05
1.078845999999999767e+05
9.713299999999997090e+04
8.550559999999999127e+04
8.133599999999998545e+04
8.102550000000000000e+04
8.404660000000002037e+04
9.759630000000000291e+04
1.110954999999999709e+05
1.329272000000000407e+05
1.559109000000000524e+05
1.443905000000000000e+05
1.142945999999999331e+05
9.152349999999997090e+04
7.826690000000002328e+04
7.613680000000000291e+04
7.732690000000002328e+04
8.133260000000000582e+04
9.115659999999999127e+04
9.550080000000003201e+04
1.013948000000000466e+05
1.107850000000000291e+05
1.049415999999999913e+05
8.875999999999995634e+04
8.091360000000003492e+04
7.995469999999996799e+04
7.858949999999998545e+04
8.825060000000000582e+04
1.070578000000000029e+05
1.153316000000000058e+05
1.147749999999999854e+05
1.032800000000000000e+05
9.015760000000003492e+04
8.811150000000001455e+04
8.484980000000000291e+04
8.159069999999998254e+04
8.768669999999999709e+04
9.829289999999999418e+04
1.024521999999999825e+05
9.328839999999999418e+04
8.319999999999998545e+04
8.293579999999998836e+04
8.359739999999999418e+04
7.954989999999997963e+04
7.708600000000000000e+04
8.034849999999998545e+04
8.211400000000001455e+04
8.786650000000000000e+04
9.235999999999997090e+04
8.966100000000002910e+04
9.516620000000001164e+04
1.002016999999999971e+05
9.120489999999999418e+04
8.204519999999996799e+04
8.455979999999998836e+04
8.678319999999993888e+04
9.474129999999997381e+04
1.196920999999999476e+05
1.184045000000000000e+05
9.045280000000000291e+04
8.093259999999997672e+04
8.120359999999997672e+04
7.702500000000001455e+04
7.521579999999998836e+04
7.623180000000003201e+04
7.793240000000002328e+04
8.531079999999998836e+04
8.969369999999998254e+04
8.309589999999996508e+04
8.205139999999999418e+04
8.662799999999995634e+04
8.277390000000000873e+04
7.665090000000000873e+04
7.674309999999999127e+04
7.996460000000000582e+04
8.678539999999995052e+04
1.029294000000000087e+05
1.294670000000000146e+05
1.466608000000000175e+05
1.283323999999999651e+05
9.645679999999994470e+04
8.150959999999997672e+04
7.840799999999998545e+04
7.475069999999999709e+04
7.547200000000000000e+04
7.924120000000001164e+04
8.201620000000001164e+04
9.179880000000000291e+04
1.057175000000000000e+05
1.020043000000000320e+05
8.566019999999998254e+04
7.659100000000001455e+04
7.461850000000001455e+04
7.402280000000003201e+04
7.472729999999997381e+04
7.574709999999999127e+04
8.376820000000001164e+04
1.075580000000000000e+05
1.268688999999999505e+05
1.155645999999999913e+05
9.091479999999997381e+04
8.001550000000002910e+04
7.847920000000002619e+04
7.580350000000000000e+04
7.804830000000001746e+04
8.386949999999998545e+04
8.127509999999999127e+04
7.707350000000002910e+04
7.914889999999999418e+04
7.811009999999997672e+04
7.453750000000000000e+04
7.382149999999998545e+04
7.575830000000003201e+04
7.781269999999996799e+04
8.500470000000002619e+04
9.099009999999999127e+04
8.531470000000004075e+04
8.425379999999995925e+04
9.075950000000000000e+04
8.520129999999997381e+04
7.828720000000001164e+04
7.692040000000000873e+04
7.482789999999999418e+04
7.769179999999995925e+04
8.242540000000002328e+04
8.036279999999998836e+04
7.527260000000002037e+04
7.520410000000002037e+04
7.810329999999998836e+04
7.703329999999995925e+04
7.677490000000003783e+04
8.060169999999999709e+04
8.324139999999997963e+04
8.652420000000004075e+04
9.334420000000002619e+04
9.566559999999999127e+04
8.921050000000000000e+04
8.075209999999997672e+04
7.582270000000002619e+04
7.435100000000001455e+04
7.472580000000001746e+04
7.677800000000001455e+04
7.927700000000000000e+04
8.872769999999999709e+04
1.089809999999999854e+05
1.242622000000000553e+05
1.174279999999999563e+05
9.727089999999997963e+04
8.199010000000000582e+04
7.695959999999997672e+04
7.539919999999996799e+04
7.569790000000002328e+04
7.937050000000000000e+04
8.615480000000000291e+04
9.701729999999995925e+04
1.036869999999999854e+05
1.011913000000000175e+05
9.286310000000002037e+04
8.252900000000001455e+04
8.117359999999999127e+04
8.776229999999998836e+04
9.074840000000006694e+04
1.043226999999999825e+05
1.223199999999999563e+05
1.161706000000000640e+05
9.244780000000000291e+04
7.984020000000004075e+04
7.796099999999998545e+04
7.524769999999999709e+04
7.527239999999999418e+04
8.078760000000004948e+04
8.682579999999997381e+04
9.977879999999994470e+04
1.192080999999999331e+05
1.167695000000000146e+05
9.134680000000001746e+04
7.692119999999999709e+04
7.548310000000002037e+04
7.465730000000003201e+04
7.620709999999999127e+04
7.958720000000004075e+04
8.314490000000002328e+04
9.547430000000004657e+04
1.111092000000000262e+05
1.127659000000000378e+05
9.547030000000003201e+04
7.975660000000003492e+04
7.551170000000001164e+04
7.475990000000000873e+04
7.468800000000000000e+04
7.447189999999996508e+04
7.587300000000000000e+04
8.178560000000000582e+04
8.918860000000002037e+04
8.942719999999999709e+04
8.308210000000002037e+04
7.632219999999999709e+04
7.317310000000002037e+04
7.381319999999998254e+04
7.521769999999998254e+04
7.555980000000000291e+04
7.647960000000000582e+04
7.682929999999998836e+04
7.611239999999999418e+04
7.659189999999999418e+04
7.773269999999999709e+04
7.572810000000000582e+04
7.429700000000000000e+04
7.688630000000000291e+04
8.055489999999997963e+04
8.240639999999996508e+04
8.352780000000004657e+04
8.280080000000004657e+04
8.035020000000005530e+04
7.661910000000000582e+04
7.451460000000002037e+04
7.465550000000000000e+04
7.487990000000000873e+04
7.722679999999997381e+04
8.059539999999997963e+04
8.099480000000003201e+04
7.940249999999998545e+04
7.996339999999999418e+04
8.045150000000001455e+04
7.811010000000002037e+04
7.551019999999999709e+04
7.431179999999998836e+04
7.435519999999998254e+04
7.642080000000001746e+04
7.682169999999995343e+04
7.759279999999995925e+04
8.298020000000002619e+04
8.598950000000000000e+04
8.147969999999998254e+04
7.530009999999997672e+04
7.267630000000000291e+04
7.422680000000001746e+04
7.761980000000001746e+04
8.188859999999996217e+04
8.663119999999998254e+04
8.730819999999999709e+04
8.108170000000005530e+04
7.521049999999998545e+04
7.429089999999997963e+04
7.563369999999999709e+04
7.627690000000000873e+04
7.899140000000002328e+04
8.558760000000000582e+04
9.393819999999996799e+04
1.006342999999999738e+05
1.012251000000000349e+05
9.140909999999999127e+04
7.982009999999994761e+04
7.442689999999999418e+04
7.531220000000002619e+04
7.648210000000003492e+04
7.868219999999996799e+04
8.372790000000000873e+04
9.208440000000000873e+04
9.956200000000001455e+04
9.908529999999995925e+04
9.211800000000001455e+04
8.363879999999994470e+04
7.663889999999997963e+04
7.331710000000000582e+04
7.300840000000002328e+04
7.366569999999999709e+04
7.366850000000001455e+04
7.327210000000002037e+04
7.427349999999998545e+04
7.640820000000001164e+04
7.755370000000002619e+04
7.615850000000000000e+04
7.349460000000000582e+04
7.302539999999999418e+04
7.782690000000000873e+04
8.444250000000001455e+04
8.609939999999997963e+04
8.133389999999997963e+04
7.699740000000002328e+04
7.634859999999996217e+04
7.512290000000002328e+04
7.342900000000000000e+04
7.477860000000002037e+04
7.777209999999999127e+04
7.977800000000002910e+04
8.447050000000001455e+04
9.459540000000002328e+04
1.046499000000000669e+05
1.049389999999999854e+05
9.353519999999998254e+04
7.997020000000001164e+04
7.379640000000000873e+04
7.462339999999999418e+04
7.697230000000000291e+04
7.569989999999999418e+04
7.492319999999998254e+04
7.856309999999999127e+04
8.466070000000001164e+04
8.600040000000000873e+04
8.017439999999999418e+04
7.363940000000000873e+04
7.367100000000000000e+04
7.810320000000001164e+04
8.176220000000001164e+04
8.620589999999996508e+04
9.311419999999998254e+04
9.630060000000000582e+04
8.916980000000001746e+04
7.950789999999999418e+04
7.338380000000000291e+04
7.185629999999998836e+04
7.111239999999996508e+04
7.156030000000000291e+04
7.293740000000000873e+04
7.426679999999998836e+04
7.641639999999999418e+04
7.836790000000002328e+04
7.863339999999999418e+04
7.652880000000000291e+04
7.446410000000000582e+04
7.159239999999999418e+04
