2.932400000000000000e+04
3.163499999999999272e+04
5.024859999999999127e+04
8.019519999999999709e+04
9.999160000000002037e+04
9.444259999999994761e+04
7.397579999999998836e+04
6.257220000000001892e+04
5.557110000000000582e+04
4.751529999999999563e+04
4.333159999999999854e+04
3.783399999999997817e+04
5.161790000000001601e+04
1.069468000000000029e+05
1.399092000000000407e+05
1.057085000000000146e+05
6.201420000000001892e+04
4.191749999999999272e+04
4.154749999999998545e+04
6.154760000000002765e+04
6.630849999999998545e+04
6.314250000000000000e+04
1.171935000000000437e+05
1.736642999999999593e+05
1.388343999999999360e+05
7.082919999999999709e+04
4.051639999999999418e+04
3.118800000000000364e+04
3.836560000000000582e+04
5.325040000000002328e+04
6.736879999999998836e+04
1.185790000000000437e+05
1.860670000000000291e+05
1.817268000000001048e+05
1.062196000000000058e+05
5.058369999999998254e+04
3.769790000000002328e+04
3.622579999999999563e+04
5.317809999999999854e+04
7.479120000000002619e+04
8.264950000000004366e+04
1.396057000000000116e+05
2.069255000000000000e+05
1.592768000000000757e+05
6.923709999999999127e+04
4.780299999999997817e+04
4.844289999999999418e+04
3.514619999999999709e+04
3.286259999999998399e+04
4.838819999999996071e+04
9.186129999999997381e+04
1.402050999999999767e+05
1.353530999999999767e+05
9.248919999999998254e+04
5.487680000000001019e+04
3.881100000000000000e+04
3.902859999999999854e+04
3.537229999999999563e+04
3.390130000000000291e+04
4.771619999999998254e+04
8.989259999999999127e+04
1.565956000000000058e+05
1.795060000000000582e+05
1.287452999999999738e+05
6.972700000000000000e+04
4.334130000000000291e+04
3.218059999999998763e+04
2.994579999999999927e+04
3.162289999999999418e+04
4.680109999999996944e+04
9.054759999999997672e+04
1.341780999999999767e+05
1.343976000000000640e+05
9.627200000000000000e+04
6.526789999999999418e+04
5.188760000000001310e+04
4.334600000000001455e+04
3.875769999999999709e+04
4.111590000000000873e+04
7.943700000000005821e+04
1.635818999999999360e+05
1.861930999999999767e+05
1.059912999999999593e+05
4.816570000000004075e+04
3.903950000000000728e+04
3.748300000000002183e+04
6.026909999999999854e+04
9.972729999999998836e+04
1.459407000000000698e+05
1.394585000000000000e+05
7.797480000000004657e+04
1.004158000000000029e+05
1.467765000000000000e+05
9.655409999999994761e+04
5.124970000000000437e+04
5.235140000000000873e+04
7.094670000000001164e+04
1.077642999999999593e+05
1.398103999999999651e+05
1.600349999999998836e+05
1.410723000000000175e+05
7.898680000000000291e+04
4.475380000000001746e+04
3.639510000000002765e+04
3.314889999999997963e+04
4.284040000000001601e+04
4.973329999999999563e+04
6.939930000000000291e+04
1.477563000000000466e+05
2.258198999999999651e+05
1.942660999999999767e+05
8.889760000000002037e+04
4.178539999999999418e+04
3.822519999999999709e+04
3.257899999999999272e+04
4.942890000000000873e+04
5.815440000000000873e+04
7.659809999999999127e+04
1.464107999999999593e+05
1.680919000000000815e+05
1.135862999999999593e+05
6.511569999999999709e+04
4.459979999999999563e+04
3.941180000000001019e+04
3.630279999999998836e+04
3.519899999999999272e+04
4.948659999999999127e+04
9.291700000000000000e+04
1.668101000000000058e+05
1.980030999999999767e+05
1.428694999999999418e+05
7.999160000000002037e+04
5.742729999999999563e+04
4.429359999999999127e+04
3.652519999999998981e+04
3.385460000000000582e+04
6.098919999999998254e+04
1.364490000000000000e+05
1.919378999999999360e+05
1.472940000000000873e+05
6.961189999999997963e+04
4.254440000000000146e+04
3.903410000000001310e+04
4.870679999999998836e+04
5.881200000000002183e+04
5.309719999999999709e+04
1.005222000000000407e+05
1.752780000000000873e+05
1.695021000000001222e+05
1.043145999999999476e+05
6.237009999999999854e+04
5.481399999999998545e+04
4.557800000000000728e+04
5.740869999999997526e+04
8.849760000000002037e+04
8.773650000000000000e+04
9.972769999999996799e+04
1.277944999999999563e+05
9.443480000000001746e+04
4.718469999999998981e+04
3.673919999999998981e+04
3.071270000000000073e+04
3.879150000000000728e+04
5.428290000000000873e+04
9.722670000000001164e+04
1.774185000000000291e+05
2.130690000000001746e+05
1.613590000000000582e+05
7.651010000000002037e+04
3.823229999999998836e+04
3.912090000000000146e+04
3.376740000000000873e+04
4.612200000000000000e+04
7.030249999999998545e+04
9.563839999999995052e+04
1.669960999999999476e+05
2.484814000000000815e+05
2.093366999999999243e+05
9.404649999999995634e+04
5.071570000000000437e+04
5.515180000000001019e+04
5.448909999999999127e+04
6.226710000000000582e+04
5.543649999999998545e+04
5.794550000000000728e+04
6.548510000000000582e+04
9.489980000000000291e+04
1.716528999999999942e+05
1.568918999999999942e+05
7.505210000000003492e+04
5.096709999999999854e+04
4.013550000000001455e+04
3.460220000000000437e+04
4.735760000000000582e+04
1.061692000000000262e+05
2.165343000000001630e+05
2.307032000000000407e+05
1.438430000000000582e+05
9.302620000000001164e+04
7.599739999999999418e+04
5.257079999999998836e+04
3.594619999999999709e+04
3.651199999999999272e+04
7.058630000000004657e+04
1.498828000000000175e+05
1.941988999999999651e+05
1.485960000000000291e+05
8.723630000000001746e+04
8.250320000000001164e+04
9.129159999999997672e+04
6.496250000000001455e+04
4.598649999999999272e+04
6.705850000000001455e+04
1.208951000000000058e+05
1.983679000000000233e+05
2.058535999999999767e+05
1.147440999999999913e+05
5.084390000000000146e+04
4.638700000000000000e+04
4.987350000000000000e+04
6.802050000000000000e+04
6.377599999999999272e+04
7.650060000000003492e+04
1.607469999999999418e+05
1.854877999999999302e+05
1.204119999999999854e+05
6.062869999999998254e+04
4.566220000000000437e+04
5.942729999999997381e+04
5.080119999999998254e+04
6.157060000000000582e+04
9.212210000000003492e+04
1.116611000000000058e+05
1.885700000000000000e+05
2.035346999999998952e+05
1.008515999999999622e+05
4.387859999999999854e+04
4.178689999999997963e+04
4.915550000000000000e+04
4.582540000000000873e+04
4.238020000000001164e+04
6.113660000000002037e+04
1.034557000000000262e+05
1.622786000000000058e+05
1.496293999999999942e+05
7.918550000000001455e+04
5.099819999999999709e+04
3.886950000000001455e+04
2.846900000000000000e+04
2.879670000000000800e+04
4.227339999999998690e+04
8.248450000000000000e+04
1.331732999999999884e+05
1.454818999999999942e+05
9.222550000000000000e+04
4.537769999999999709e+04
4.938570000000001164e+04
4.658629999999998836e+04
3.990319999999998981e+04
5.993460000000002037e+04
7.159600000000000000e+04
1.357258000000000175e+05
2.241067000000000116e+05
1.692142999999999884e+05
9.360169999999998254e+04
8.785269999999998254e+04
6.434470000000000437e+04
4.034950000000003638e+04
4.018830000000000291e+04
6.902620000000001164e+04
1.093072999999999738e+05
1.882614999999999709e+05
2.396834999999999709e+05
1.469547999999999302e+05
6.582559999999999127e+04
8.380580000000003201e+04
8.749809999999994761e+04
6.174950000000000728e+04
6.038400000000000728e+04
7.763010000000002037e+04
8.620190000000002328e+04
8.299750000000002910e+04
1.412425000000000000e+05
2.617318999999999069e+05
2.475450999999999185e+05
1.299720000000000000e+05
9.199400000000002910e+04
7.121159999999999127e+04
6.098549999999999272e+04
1.033065000000000000e+05
1.774849999999999709e+05
2.138174000000001106e+05
1.237296999999999243e+05
5.720709999999998399e+04
6.120470000000001164e+04
5.574180000000000291e+04
6.311679999999998836e+04
6.494000000000002183e+04
7.166759999999999127e+04
8.479090000000003783e+04
1.326878000000000175e+05
1.454870000000000000e+05
7.527429999999997381e+04
4.083819999999998254e+04
3.264879999999999927e+04
3.216829999999999927e+04
3.866519999999999709e+04
4.513390000000001601e+04
7.043650000000002910e+04
1.108496999999999680e+05
1.344034000000000233e+05
8.099000000000000000e+04
4.482039999999997963e+04
5.011059999999998399e+04
4.270560000000001310e+04
3.967179999999998836e+04
3.552520000000001164e+04
5.803299999999999272e+04
1.217285999999999767e+05
2.992576999999998952e+05
3.653505000000001164e+05
1.810621999999998952e+05
7.078700000000000000e+04
6.635390000000000873e+04
5.935350000000000728e+04
4.459579999999999563e+04
5.172819999999998254e+04
8.420959999999997672e+04
1.398045000000000291e+05
2.694546000000000931e+05
2.588661000000000349e+05
1.199519000000000087e+05
6.709139999999999418e+04
4.905839999999999418e+04
3.834199999999999272e+04
3.938279999999999563e+04
8.101189999999997963e+04
1.444627000000000116e+05
1.977103000000001048e+05
2.447146999999999534e+05
2.011549000000000524e+05
1.230653000000000320e+05
8.331099999999997090e+04
6.327229999999999563e+04
4.712359999999998399e+04
4.109119999999997526e+04
7.271540000000000873e+04
1.402909000000000233e+05
2.518237000000000698e+05
2.364733999999999651e+05
1.265604999999999563e+05
9.451680000000000291e+04
6.374450000000000728e+04
5.583690000000000146e+04
4.979409999999998399e+04
5.098250000000001455e+04
6.628880000000000291e+04
1.036471000000000058e+05
1.291266000000000058e+05
8.824479999999998836e+04
9.449830000000006112e+04
7.637220000000001164e+04
5.015349999999998545e+04
5.314069999999997526e+04
6.192959999999998399e+04
8.171750000000002910e+04
9.948480000000000291e+04
1.511426999999999825e+05
1.183493999999999796e+05
8.015230000000000291e+04
8.503450000000000000e+04
6.046419999999998981e+04
7.454030000000001746e+04
1.153116999999999680e+05
1.429071000000000058e+05
1.213245000000000146e+05
1.079028000000000175e+05
1.265720999999999331e+05
2.169014999999999709e+05
2.585154000000000524e+05
1.410871000000000349e+05
6.759930000000000291e+04
5.198320000000000437e+04
6.889609999999997672e+04
1.237800999999999767e+05
1.635463999999999069e+05
2.063639999999999127e+05
1.760899000000000233e+05
9.661699999999997090e+04
6.365069999999996799e+04
4.641129999999998836e+04
7.776549999999998545e+04
9.142220000000001164e+04
7.860800000000001455e+04
1.184297999999999302e+05
1.680448000000000466e+05
2.169889999999999127e+05
1.630286000000000931e+05
8.508360000000000582e+04
7.118929999999998836e+04
5.644159999999998399e+04
5.108680000000001019e+04
4.429330000000001019e+04
5.833569999999997526e+04
9.426180000000003201e+04
1.724429999999999709e+05
1.728078999999999651e+05
1.037094000000000087e+05
8.964620000000002619e+04
5.707860000000001310e+04
4.303479999999998836e+04
4.090419999999998981e+04
4.240840000000000146e+04
6.675429999999998836e+04
1.181334000000000233e+05
1.578788000000000757e+05
1.009676999999999825e+05
6.530440000000000146e+04
6.440520000000001892e+04
4.325649999999998545e+04
4.300450000000000728e+04
4.481460000000002037e+04
8.078379999999998836e+04
1.130128000000000029e+05
1.525493999999999942e+05
1.506051999999998952e+05
8.822950000000004366e+04
1.031821000000000640e+05
8.253089999999997963e+04
5.577600000000001455e+04
5.763670000000000437e+04
6.762950000000001455e+04
8.834330000000003201e+04
9.741210000000000582e+04
1.509507000000000116e+05
1.138827999999999593e+05
1.033701999999999971e+05
1.236335000000000000e+05
7.703650000000001455e+04
8.147730000000000291e+04
6.085510000000001310e+04
6.115330000000000291e+04
7.924910000000002037e+04
1.602922999999999302e+05
2.720853000000001048e+05
2.110625000000000582e+05
1.006929999999999854e+05
5.855729999999998108e+04
5.918120000000001892e+04
8.377080000000001746e+04
9.525430000000001746e+04
9.700119999999999709e+04
1.314036999999999825e+05
2.478123000000000175e+05
3.271559000000000233e+05
2.014770999999999767e+05
7.457610000000000582e+04
5.005529999999998836e+04
4.155120000000003347e+04
3.805300000000000000e+04
4.529419999999999709e+04
7.740759999999997672e+04
1.389722999999999593e+05
2.037531000000000349e+05
1.557191999999999825e+05
7.137390000000002328e+04
4.188130000000001019e+04
3.462510000000000582e+04
3.688079999999998836e+04
4.950519999999997526e+04
7.480810000000002037e+04
8.160630000000000291e+04
8.971670000000005530e+04
1.576138999999999942e+05
3.555497000000000116e+05
4.179269999999998254e+05
2.075752000000000407e+05
9.511020000000001164e+04
7.139630000000001746e+04
5.076029999999998836e+04
7.706619999999996799e+04
1.165289000000000233e+05
2.163075000000000291e+05
1.900575999999999476e+05
1.085910000000000291e+05
8.302329999999997381e+04
5.285819999999998254e+04
6.922389999999997963e+04
5.478079999999999563e+04
6.578110000000000582e+04
9.241680000000001746e+04
1.903753000000000175e+05
2.495664999999999418e+05
1.542710000000000582e+05
1.473302000000000116e+05
1.154454999999999709e+05
6.516030000000002474e+04
5.114800000000000728e+04
4.962390000000000146e+04
7.225740000000002328e+04
1.117124999999999709e+05
2.015645999999998894e+05
1.572872000000000407e+05
9.437940000000000873e+04
9.087580000000003201e+04
5.480099999999999272e+04
4.722090000000000146e+04
3.677439999999999418e+04
4.683080000000000291e+04
7.045369999999998254e+04
1.677149000000001106e+05
2.778327000000000698e+05
2.160520000000000291e+05
9.262469999999993888e+04
4.532009999999999854e+04
4.489869999999998981e+04
4.393489999999999418e+04
5.121349999999997817e+04
9.049559999999999127e+04
1.693402000000000407e+05
3.357838999999999069e+05
4.288279000000000233e+05
2.420321999999998661e+05
8.148209999999999127e+04
4.914070000000000437e+04
3.924379999999998836e+04
4.131540000000002328e+04
5.197950000000000728e+04
9.265539999999999418e+04
1.787093000000000466e+05
2.970949999999998254e+05
2.482949000000000233e+05
1.197895999999999622e+05
7.220110000000003492e+04
4.646709999999999854e+04
4.278849999999997817e+04
4.392690000000000146e+04
5.988050000000000728e+04
9.712610000000000582e+04
1.970862999999999593e+05
2.205884000000001106e+05
1.132230000000000000e+05
8.337249999999998545e+04
5.341960000000000582e+04
4.576049999999998545e+04
4.164939999999999418e+04
4.201080000000001019e+04
6.219630000000000291e+04
1.261073000000000029e+05
1.991347000000000116e+05
1.600427999999999302e+05
9.490500000000001455e+04
5.892570000000002619e+04
4.208870000000001164e+04
4.240200000000001455e+04
3.864580000000001019e+04
5.544240000000000873e+04
7.903409999999999127e+04
1.447622000000000698e+05
1.904598000000001339e+05
1.012787000000000116e+05
9.146370000000002619e+04
6.579249999999998545e+04
5.197350000000001455e+04
4.814740000000000146e+04
6.042080000000003201e+04
8.578209999999999127e+04
7.732290000000006694e+04
9.706389999999996508e+04
2.142085000000000291e+05
4.301176999999999534e+05
3.684424999999998254e+05
1.451409000000000233e+05
7.628970000000005530e+04
4.662169999999998981e+04
4.942749999999999272e+04
7.828059999999997672e+04
1.633991999999999534e+05
2.757825000000000000e+05
2.282797000000000407e+05
1.004160999999999767e+05
4.210840000000000146e+04
3.606690000000000873e+04
3.664650000000000000e+04
3.942270000000001892e+04
6.551490000000001601e+04
1.447319999999999709e+05
3.049577000000000116e+05
3.800027999999999302e+05
2.122054999999999709e+05
7.188290000000000873e+04
4.416560000000001310e+04
4.015589999999999418e+04
3.774929999999998836e+04
4.807709999999999854e+04
7.964450000000001455e+04
1.678679999999998836e+05
2.653269000000000815e+05
1.961259000000000815e+05
1.006359000000000378e+05
6.589990000000002328e+04
4.966419999999998981e+04
5.501249999999999272e+04
4.544930000000000291e+04
7.534970000000004075e+04
1.233385000000000146e+05
2.636165000000000000e+05
2.749088000000000466e+05
1.432070999999999476e+05
1.049438000000000029e+05
6.754559999999999127e+04
6.122620000000000437e+04
5.397119999999999709e+04
5.299049999999999272e+04
7.359460000000003492e+04
1.149621000000000058e+05
1.900787000000000698e+05
1.408082999999999593e+05
1.672715999999999767e+05
1.482781000000000640e+05
7.217810000000000582e+04
7.245629999999991560e+04
5.336350000000000728e+04
8.041120000000002619e+04
9.999320000000004075e+04
1.846813999999999360e+05
1.985629999999999709e+05
1.081546000000000204e+05
1.184372000000000116e+05
6.941720000000002619e+04
5.171360000000000582e+04
4.263580000000000291e+04
5.294769999999999709e+04
8.279110000000003492e+04
1.261726000000000349e+05
2.247948000000000175e+05
1.869377999999999593e+05
9.981700000000001455e+04
7.447839999999999418e+04
4.365200000000000000e+04
4.745669999999999709e+04
4.210470000000002619e+04
6.190249999999997817e+04
9.171080000000000291e+04
1.679243000000000466e+05
2.135089999999999709e+05
1.385243999999999942e+05
7.608469999999998254e+04
4.931189999999998690e+04
4.298700000000000000e+04
3.982680000000000291e+04
4.397949999999997817e+04
6.428820000000001892e+04
1.032766999999999825e+05
1.862234999999999418e+05
1.893910999999999767e+05
1.187061000000000058e+05
9.995879999999997381e+04
6.511839999999997963e+04
7.220479999999998836e+04
6.211009999999999127e+04
7.690360000000004948e+04
8.998950000000004366e+04
9.857320000000004075e+04
1.805746999999999534e+05
3.150895999999999767e+05
3.048786000000000349e+05
1.505745000000000000e+05
7.086579999999997381e+04
7.022700000000002910e+04
5.862300000000002910e+04
6.861939999999997963e+04
8.818830000000004657e+04
1.517553999999999942e+05
1.724363000000000757e+05
1.041448000000000320e+05
1.457842000000000116e+05
8.393089999999997963e+04
6.058280000000000291e+04
4.483100000000000728e+04
4.540929999999999563e+04
6.760469999999999709e+04
1.254401000000000495e+05
1.907639000000000233e+05
1.199362999999999738e+05
1.145602999999999884e+05
1.178498000000000175e+05
6.346129999999998836e+04
6.192290000000000146e+04
5.001510000000001310e+04
6.762860000000000582e+04
8.929220000000001164e+04
1.600553000000000466e+05
1.620562000000000116e+05
1.262013000000000029e+05
1.819215999999999185e+05
1.162888000000000029e+05
8.559569999999996799e+04
6.634409999999999127e+04
6.573500000000002910e+04
8.672689999999996508e+04
1.812079999999999709e+05
3.261006000000000931e+05
4.055768000000000466e+05
2.958211999999998370e+05
1.027948999999999796e+05
5.781230000000000291e+04
4.835290000000000873e+04
3.914159999999999854e+04
6.051189999999997235e+04
1.081031000000000058e+05
2.561250999999999476e+05
4.500724999999997672e+05
4.393355999999998021e+05
1.968169000000000815e+05
6.704239999999997963e+04
4.988409999999997672e+04
4.672830000000001019e+04
4.829650000000003638e+04
8.738799999999998545e+04
1.623062999999998719e+05
3.258168000000000466e+05
4.193110999999999185e+05
2.575791999999999825e+05
9.258480000000000291e+04
6.375699999999999272e+04
5.753099999999998545e+04
6.001460000000002765e+04
7.590999999999998545e+04
1.327993000000000175e+05
2.519721999999999825e+05
4.054547999999998719e+05
3.255296999999999534e+05
1.446243999999999942e+05
7.632559999999999127e+04
8.164359999999994761e+04
7.910220000000002619e+04
6.648839999999999418e+04
9.386760000000003492e+04
1.534082999999998719e+05
3.020950999999999767e+05
3.372346999999998952e+05
2.092340000000000582e+05
1.215403999999999796e+05
6.836879999999998836e+04
8.492159999999997672e+04
6.533660000000001310e+04
6.934439999999996508e+04
9.845319999999999709e+04
1.794742999999999593e+05
2.741561999999998952e+05
2.216850999999999767e+05
1.489941999999999825e+05
1.141863000000000029e+05
7.946069999999998254e+04
8.602060000000000582e+04
6.635140000000002328e+04
8.902060000000000582e+04
7.056460000000003492e+04
8.592580000000001746e+04
1.072624000000000087e+05
2.689221000000000931e+05
2.972497000000001863e+05
1.352730000000001164e+05
9.126100000000000000e+04
7.295549999999998545e+04
6.260490000000000873e+04
1.092585000000000437e+05
1.822565000000000000e+05
3.270890000000000000e+05
3.909363999999999651e+05
2.458251999999999825e+05
1.113210000000000291e+05
7.558969999999998254e+04
5.275960000000001310e+04
5.487309999999999854e+04
7.627440000000000873e+04
1.338645000000000873e+05
2.067595999999999767e+05
3.679805000000000000e+05
3.605685999999998603e+05
1.835690999999999767e+05
9.436260000000003492e+04
5.958850000000001455e+04
5.054570000000000437e+04
5.290879999999998836e+04
8.082250000000002910e+04
1.413407000000000407e+05
2.620836999999998952e+05
3.756650999999999185e+05
2.611411000000000058e+05
1.128621999999999680e+05
6.105119999999998981e+04
3.807019999999999709e+04
3.771739999999998690e+04
4.401509999999999854e+04
7.895459999999999127e+04
1.482290000000000000e+05
2.649876000000000349e+05
2.880128999999999651e+05
1.503855000000000291e+05
6.803040000000002328e+04
5.292929999999999563e+04
3.683380000000000291e+04
4.451250000000001455e+04
5.975430000000000291e+04
1.110791999999999825e+05
2.087820000000000582e+05
3.152354000000000815e+05
2.374887000000000116e+05
9.518619999999999709e+04
4.844869999999998981e+04
4.196329999999998108e+04
3.308290000000000146e+04
4.772059999999999854e+04
6.160719999999998981e+04
1.315714000000000524e+05
2.354534000000000233e+05
2.681810999999999185e+05
1.464859999999999418e+05
5.965480000000001019e+04
3.724670000000000437e+04
3.513729999999998836e+04
3.080499999999999272e+04
3.789900000000000000e+04
5.836790000000001601e+04
1.266189000000000087e+05
2.618121999999999825e+05
4.384297999999999884e+05
3.450974000000000815e+05
1.570458000000000175e+05
6.901909999999999127e+04
3.595819999999998254e+04
2.847079999999999927e+04
3.395129999999998108e+04
5.870659999999999127e+04
1.456090999999999767e+05
3.594399999999999418e+05
4.913723999999999651e+05
3.424960999999999185e+05
1.482899999999999709e+05
6.619009999999999127e+04
4.638409999999999854e+04
4.385960000000000582e+04
5.695919999999998981e+04
8.709760000000003492e+04
2.030822999999999884e+05
3.460661999999999534e+05
3.616449000000000233e+05
2.341736000000000931e+05
1.033122999999999738e+05
6.305080000000003201e+04
5.255040000000000146e+04
7.856460000000000582e+04
9.594789999999997963e+04
1.364962999999999884e+05
1.725677000000000116e+05
1.237163999999999796e+05
1.979985999999999476e+05
2.101012000000000116e+05
1.137463999999999942e+05
5.947500000000000000e+04
4.681999999999997817e+04
6.175480000000001019e+04
1.078868000000000466e+05
1.858194000000000815e+05
3.668611000000003260e+05
3.392094000000001979e+05
1.488995999999999767e+05
5.780959999999997672e+04
3.561200000000001455e+04
3.103050000000000000e+04
3.918650000000000728e+04
7.071229999999998836e+04
1.244106000000000204e+05
3.045646000000000349e+05
4.773704999999999418e+05
3.362806999999997788e+05
1.309667999999999884e+05
5.672199999999999272e+04
4.187120000000001164e+04
3.644500000000000728e+04
4.709369999999998254e+04
8.483580000000000291e+04
1.930157000000000407e+05
3.744839999999999418e+05
3.841473000000001048e+05
1.917465000000000291e+05
6.616569999999999709e+04
3.584890000000000873e+04
3.225400000000000728e+04
3.393719999999998254e+04
5.215499999999997817e+04
9.878820000000001164e+04
2.534210000000000291e+05
4.918691999999998952e+05
4.487160999999999185e+05
1.975314999999999709e+05
6.751090000000000873e+04
3.537579999999998108e+04
3.179760000000000582e+04
4.166870000000001164e+04
5.613930000000001019e+04
1.263933999999999942e+05
2.764264000000000815e+05
3.890693999999998487e+05
2.870946000000000931e+05
1.180805999999999767e+05
5.237089999999997963e+04
3.538999999999997817e+04
3.340870000000000437e+04
4.589959999999999854e+04
8.179560000000003492e+04
2.006134000000000233e+05
3.494242000000000698e+05
3.761792000000000116e+05
2.202230000000000582e+05
7.932479999999998836e+04
4.318150000000000000e+04
3.327250000000000000e+04
4.714529999999996653e+04
7.133119999999998254e+04
1.529648000000000175e+05
3.093842000000001281e+05
3.460416999999998952e+05
2.520474999999999709e+05
1.217301999999999680e+05
4.941500000000000728e+04
3.197759999999999491e+04
3.405350000000000000e+04
5.714079999999998836e+04
8.506380000000003201e+04
1.897859999999999709e+05
3.300070000000000000e+05
2.840575000000000000e+05
1.444122000000000116e+05
5.934339999999999418e+04
3.583200000000000728e+04
3.181340000000000146e+04
3.655660000000001310e+04
7.404469999999999709e+04
1.383975000000000291e+05
2.565645000000001164e+05
2.985808000000001048e+05
1.729008999999999651e+05
6.592209999999999127e+04
3.560900000000000728e+04
3.402730000000000291e+04
3.651869999999999709e+04
4.038169999999999709e+04
7.409740000000000873e+04
1.542491999999999825e+05
1.437689000000000524e+05
1.150907999999999884e+05
2.212699999999999127e+05
1.773815999999999185e+05
9.255980000000000291e+04
6.507599999999998545e+04
5.593970000000001164e+04
5.684179999999998108e+04
7.407080000000000291e+04
1.862545000000000000e+05
5.161073999999999069e+05
5.549380999999999767e+05
2.341921999999999534e+05
8.996890000000006694e+04
4.605829999999997381e+04
3.850590000000000873e+04
3.723210000000000582e+04
4.919430000000002474e+04
9.629310000000000582e+04
2.388072000000001572e+05
4.238042999999999302e+05
3.542478999999999069e+05
1.434478999999999942e+05
7.423350000000002910e+04
4.447459999999999854e+04
4.134469999999999709e+04
5.573229999999998108e+04
8.000829999999995925e+04
1.846512999999999593e+05
3.872578999999999651e+05
4.714200000000001746e+05
2.735138999999999651e+05
1.003138999999999942e+05
6.250760000000003492e+04
4.200470000000000437e+04
5.281799999999999272e+04
5.967559999999998399e+04
1.099776999999999971e+05
2.538398999999999942e+05
3.586817999999998719e+05
2.983580000000001164e+05
1.364872000000000116e+05
6.032479999999998108e+04
4.821769999999998981e+04
4.423189999999999418e+04
5.851300000000001455e+04
8.201870000000002619e+04
1.753605000000000000e+05
3.030640000000000000e+05
3.205328999999999651e+05
2.012453999999999942e+05
7.674860000000002037e+04
4.439679999999998108e+04
4.242059999999999127e+04
4.563689999999999418e+04
6.892000000000000000e+04
1.145349999999999563e+05
2.249836999999999534e+05
2.905015000000000000e+05
2.109818000000000175e+05
1.057786999999999971e+05
5.575340000000000873e+04
4.533599999999998545e+04
3.967169999999999709e+04
4.794539999999998690e+04
6.380770000000001892e+04
1.119648000000000320e+05
3.008452999999998719e+05
4.730796999999998952e+05
3.152446999999999534e+05
1.099612000000000262e+05
6.184100000000002183e+04
4.687660000000000582e+04
4.327779999999998836e+04
5.764250000000000728e+04
6.823469999999996799e+04
1.462593000000000175e+05
3.709889000000000233e+05
4.924801999999998370e+05
2.810535000000000000e+05
1.059087999999999593e+05
6.911379999999997381e+04
5.813329999999998108e+04
7.176060000000000582e+04
8.052920000000002619e+04
1.219439000000000233e+05
2.197927999999999593e+05
3.597797999999999302e+05
3.536297000000001281e+05
1.700490000000000291e+05
1.005672000000000116e+05
7.905459999999999127e+04
6.577450000000000000e+04
7.105870000000001164e+04
8.669280000000000291e+04
1.457412999999999884e+05
1.377626000000000640e+05
1.481199000000000524e+05
2.322806000000000640e+05
1.692005999999999767e+05
8.679310000000000582e+04
9.202179999999998836e+04
7.747080000000001746e+04
1.034371999999999825e+05
1.257795999999999913e+05
1.831025999999998603e+05
2.064528999999999942e+05
1.515327000000000116e+05
8.797990000000005239e+04
5.645890000000000146e+04
7.795709999999999127e+04
8.248709999999999127e+04
8.831369999999996799e+04
1.266430000000000000e+05
2.011045000000000000e+05
2.932468999999999069e+05
2.461780999999999767e+05
1.290691000000000204e+05
5.666689999999999418e+04
3.878489999999999418e+04
5.056869999999998254e+04
5.165149999999999272e+04
8.355729999999995925e+04
1.311355000000000000e+05
2.074237999999999593e+05
2.421202999999999010e+05
1.433641000000000058e+05
6.431080000000000291e+04
4.015059999999999854e+04
4.610450000000002183e+04
4.680670000000000437e+04
4.230400000000000000e+04
6.799850000000002910e+04
1.021264999999999854e+05
2.692515000000000000e+05
4.504066999999999534e+05
3.238604999999998254e+05
1.269471000000000640e+05
5.803979999999998108e+04
3.803540000000000146e+04
3.669999999999999272e+04
5.139520000000000437e+04
8.554380000000001746e+04
1.679451000000000349e+05
3.628615999999999185e+05
4.450513999999999069e+05
2.598031000000000058e+05
1.058783999999999942e+05
6.389719999999996799e+04
4.224889999999999418e+04
5.754620000000000437e+04
6.612609999999999127e+04
1.177746999999999971e+05
2.282185999999999767e+05
3.285582000000000116e+05
2.724758999999999651e+05
1.202399000000000087e+05
6.695710000000000582e+04
5.237340000000000146e+04
5.279649999999997817e+04
8.712530000000000291e+04
1.145031999999999971e+05
2.225125000000000873e+05
3.354491999999999534e+05
3.317129000000000233e+05
1.930725000000000000e+05
7.453719999999998254e+04
6.473559999999999854e+04
4.924490000000000146e+04
5.496750000000000728e+04
7.429669999999996799e+04
1.151540999999999767e+05
2.051061999999999534e+05
2.335644999999999709e+05
1.917758000000000175e+05
1.211592999999999884e+05
6.167279999999999563e+04
5.292380000000001019e+04
5.505440000000000146e+04
6.073709999999996944e+04
9.390709999999997672e+04
1.664162000000000116e+05
2.575210000000000291e+05
2.349135999999999767e+05
1.333556000000000349e+05
5.784939999999997963e+04
3.510510000000000582e+04
2.962130000000000655e+04
3.442190000000000146e+04
4.188769999999999709e+04
5.923419999999999709e+04
6.724700000000001455e+04
8.402059999999997672e+04
1.454433000000000466e+05
1.656238000000000175e+05
9.454999999999998545e+04
5.696839999999999418e+04
4.873079999999998108e+04
3.881279999999998836e+04
6.084630000000000291e+04
1.026827999999999447e+05
2.184761999999999243e+05
3.511030000000000000e+05
2.545360000000001164e+05
8.962200000000002910e+04
4.971029999999998836e+04
3.928499999999998545e+04
4.379350000000000728e+04
5.727779999999999563e+04
9.198889999999999418e+04
1.798025999999999767e+05
3.005630000000000000e+05
3.324638999999998487e+05
1.988383000000000466e+05
7.604200000000000000e+04
5.100810000000000582e+04
4.541710000000001310e+04
6.185370000000001164e+04
6.928630000000001746e+04
1.029891000000000058e+05
1.791156000000000349e+05
2.200242000000000698e+05
1.806169999999999709e+05
8.987759999999999127e+04
5.223100000000000000e+04
5.740669999999998254e+04
5.983569999999997526e+04
8.208899999999997090e+04
1.057813000000000029e+05
1.545009000000000524e+05
1.818381999999999825e+05
1.543132999999999884e+05
1.080737000000000116e+05
5.740269999999998981e+04
4.261320000000001164e+04
4.973139999999998690e+04
6.188640000000003056e+04
8.739589999999997963e+04
1.286449999999999563e+05
1.775341999999999825e+05
1.714715999999999767e+05
1.237169999999999709e+05
8.219009999999999127e+04
4.415489999999997235e+04
4.345530000000000291e+04
4.770039999999997235e+04
5.452809999999999127e+04
8.213140000000000873e+04
1.060050999999999622e+05
1.280551000000000204e+05
1.048443000000000320e+05
7.864539999999999418e+04
6.136380000000000291e+04
4.412680000000001019e+04
5.512030000000003929e+04
5.815850000000001455e+04
8.664170000000002619e+04
1.482501000000000640e+05
1.919526000000000640e+05
2.730871000000000349e+05
2.426892000000000698e+05
1.118706999999999971e+05
4.399670000000000437e+04
3.474110000000000582e+04
4.193179999999999563e+04
5.646470000000004075e+04
1.029498000000000175e+05
1.732064999999999709e+05
2.451773999999999360e+05
2.844018999999999651e+05
1.920423000000000175e+05
7.875500000000000000e+04
4.362619999999998254e+04
3.765439999999997963e+04
4.668960000000000582e+04
7.121409999999999127e+04
1.234318999999999505e+05
1.924082000000000116e+05
2.222799999999999709e+05
1.831269000000000524e+05
9.302700000000000000e+04
4.688349999999999272e+04
3.859259999999998399e+04
2.990779999999998836e+04
2.644590000000000146e+04
2.968620000000000437e+04
4.802449999999999272e+04
7.715069999999998254e+04
1.059118999999999651e+05
1.449798000000000175e+05
1.242366999999999971e+05
5.950230000000001019e+04
4.775250000000001455e+04
6.116249999999999272e+04
5.571729999999999563e+04
6.957839999999999418e+04
1.045113999999999651e+05
1.144007000000000116e+05
1.205223999999999942e+05
1.067992999999999884e+05
5.987770000000002619e+04
5.192069999999998981e+04
6.479419999999999709e+04
6.930390000000000873e+04
9.234330000000001746e+04
1.276766000000000204e+05
1.702813000000000466e+05
1.747792000000000698e+05
1.258001999999999825e+05
6.924849999999997090e+04
3.999539999999996508e+04
5.255939999999998690e+04
6.354319999999999709e+04
5.655150000000000000e+04
7.880670000000002619e+04
1.051405000000000146e+05
1.081910000000000146e+05
1.022942999999999884e+05
8.655980000000003201e+04
5.619850000000001455e+04
3.867719999999998981e+04
4.710389999999999418e+04
5.069929999999998836e+04
7.001319999999999709e+04
1.269519999999999709e+05
1.929570000000000873e+05
2.547853999999999360e+05
2.269595999999999185e+05
1.094404999999999854e+05
4.645159999999999127e+04
4.270029999999999563e+04
4.547980000000000291e+04
5.463839999999997963e+04
8.867020000000001164e+04
1.339775000000000582e+05
1.823284999999999709e+05
2.269325000000000000e+05
1.765536999999999825e+05
7.384519999999999709e+04
5.440319999999999709e+04
5.500970000000004075e+04
5.751929999999998108e+04
7.324230000000003201e+04
1.146030000000000000e+05
1.802281999999999534e+05
2.137022000000000407e+05
1.935852999999999010e+05
1.223368000000000175e+05
5.563710000000001310e+04
5.721909999999999854e+04
5.632540000000000146e+04
5.507480000000001019e+04
7.669439999999996508e+04
1.183894999999999709e+05
1.541114000000000524e+05
1.510014999999999418e+05
1.262470000000000291e+05
7.417390000000000873e+04
4.399079999999998836e+04
5.476560000000002765e+04
5.273519999999998981e+04
6.127690000000001601e+04
8.299359999999997672e+04
1.136469999999999854e+05
1.104255999999999913e+05
7.893780000000001746e+04
6.984909999999999127e+04
5.066399999999999272e+04
3.782590000000000146e+04
4.762590000000002328e+04
4.504130000000000291e+04
5.911710000000000582e+04
8.169819999999995343e+04
1.030073000000000320e+05
9.716399999999998545e+04
9.269479999999994470e+04
8.303060000000000582e+04
6.096829999999998836e+04
4.515250000000000728e+04
4.197499999999999272e+04
3.849740000000000146e+04
3.721740000000000146e+04
5.596369999999996799e+04
6.692329999999998836e+04
9.904269999999998254e+04
1.368289000000000815e+05
1.100110000000000146e+05
5.286729999999998108e+04
4.746129999999999563e+04
4.699609999999998399e+04
6.524029999999998108e+04
1.113593999999999942e+05
1.628627999999999884e+05
2.624020999999999185e+05
2.696418999999999651e+05
1.366766999999999825e+05
5.916670000000000437e+04
4.748329999999999563e+04
4.696560000000000582e+04
5.878050000000000728e+04
8.773949999999995634e+04
1.296776999999999825e+05
2.017198999999999651e+05
2.822274999999998836e+05
2.243841999999999825e+05
9.923729999999994470e+04
5.724930000000001019e+04
4.694839999999998690e+04
4.859719999999999709e+04
7.950800000000001455e+04
1.222506999999999680e+05
1.897306000000000349e+05
2.700500000000000582e+05
2.530015000000000000e+05
1.336067999999999884e+05
6.346000000000002183e+04
5.892750000000000728e+04
4.695049999999998545e+04
5.243110000000000582e+04
7.741749999999998545e+04
1.095991999999999534e+05
1.650275999999999767e+05
2.138373999999999360e+05
1.786336999999999825e+05
8.781550000000004366e+04
5.168079999999998108e+04
5.217120000000001164e+04
4.688959999999999127e+04
5.919700000000002183e+04
8.134440000000002328e+04
1.181424000000000087e+05
1.590682999999999593e+05
1.778051000000000640e+05
1.312862999999999884e+05
6.132679999999999563e+04
5.405000000000000728e+04
5.797419999999999709e+04
6.127969999999997526e+04
8.809409999999999127e+04
1.095938000000000320e+05
1.368761999999999243e+05
1.490921000000000349e+05
1.350369000000000524e+05
9.130939999999999418e+04
5.190410000000000582e+04
5.567309999999998399e+04
6.058709999999998399e+04
6.338900000000000000e+04
9.902979999999995925e+04
1.219077000000000262e+05
1.609827999999999884e+05
1.949093999999999069e+05
1.482161999999999534e+05
7.818679999999998836e+04
4.953979999999999563e+04
5.422490000000001601e+04
6.451030000000001746e+04
9.597560000000003492e+04
1.538127999999999593e+05
2.083651999999999825e+05
2.693625999999999767e+05
2.464856000000001222e+05
1.319350999999999767e+05
6.312840000000000873e+04
4.993200000000000000e+04
4.443800000000002183e+04
5.542070000000001164e+04
8.914159999999999127e+04
1.446999000000000524e+05
1.967382000000000116e+05
2.036017000000000116e+05
1.496173000000000466e+05
7.848750000000001455e+04
4.900150000000000000e+04
3.388409999999999854e+04
2.821699999999999636e+04
2.935579999999999563e+04
3.911979999999998836e+04
6.357030000000001746e+04
8.265319999999998254e+04
1.104144999999999418e+05
1.362305000000000291e+05
9.111069999999999709e+04
5.238480000000000291e+04
5.591179999999998836e+04
7.788710000000002037e+04
9.570709999999999127e+04
1.321945000000000291e+05
1.693127999999999884e+05
1.455142000000000698e+05
1.083482000000000116e+05
6.975370000000001164e+04
4.025530000000000291e+04
4.579719999999998981e+04
4.854479999999998836e+04
5.612219999999999709e+04
7.975979999999997381e+04
1.148619000000000524e+05
1.337268999999999942e+05
1.250057000000000116e+05
9.803150000000001455e+04
6.469819999999999709e+04
4.989609999999999127e+04
5.213359999999999854e+04
4.994620000000001892e+04
6.439940000000001601e+04
9.389400000000001455e+04
1.222605000000000291e+05
1.175568000000000320e+05
8.854239999999999418e+04
6.890049999999995634e+04
4.776130000000000291e+04
5.801780000000001746e+04
5.549030000000000291e+04
5.099930000000000291e+04
8.616199999999998545e+04
9.907219999999998254e+04
1.781390999999999185e+05
2.918337000000000698e+05
2.268581000000000058e+05
9.824980000000004657e+04
5.943300000000000000e+04
5.660110000000001310e+04
5.221539999999998690e+04
7.844519999999998254e+04
1.126849000000000378e+05
1.543484999999999709e+05
2.604405999999999767e+05
2.907008000000001048e+05
1.743087999999999884e+05
7.912059999999999127e+04
6.041130000000003929e+04
4.805850000000001455e+04
5.455719999999998981e+04
8.757540000000002328e+04
1.310056999999999680e+05
1.949614000000000524e+05
2.513271000000000058e+05
1.946059999999999709e+05
9.489300000000001455e+04
6.728990000000002328e+04
6.171079999999999563e+04
6.279690000000000146e+04
9.385219999999998254e+04
1.363151000000000349e+05
1.977457000000000990e+05
2.702996000000000349e+05
2.727522999999998719e+05
1.566086000000000349e+05
6.854080000000000291e+04
6.009330000000001746e+04
5.244680000000000291e+04
5.335469999999999709e+04
7.003169999999999709e+04
9.474820000000001164e+04
1.421199000000000524e+05
1.857911999999998952e+05
1.674784999999999418e+05
9.252599999999998545e+04
4.982160000000001310e+04
5.394939999999999418e+04
5.059189999999997963e+04
6.411210000000000582e+04
8.844700000000002910e+04
1.187493000000000320e+05
1.636479000000000233e+05
1.656952000000000407e+05
1.089310000000000291e+05
5.674200000000000728e+04
3.718829999999998108e+04
3.055300000000000000e+04
2.494459999999999127e+04
2.464429999999999563e+04
2.980140000000001237e+04
3.738840000000000146e+04
4.696499999999997090e+04
8.027510000000003492e+04
1.115557000000000407e+05
7.656130000000000291e+04
4.000869999999998981e+04
4.385559999999999127e+04
4.974750000000002183e+04
8.064729999999998836e+04
1.180341000000000349e+05
1.839383999999999360e+05
2.476712000000000698e+05
1.825215999999999767e+05
7.981110000000000582e+04
5.695819999999998981e+04
6.100369999999999709e+04
6.470279999999999563e+04
9.533019999999995343e+04
1.440514000000000233e+05
2.007495999999999185e+05
2.682297000000000698e+05
2.557031000000000931e+05
1.441526000000000349e+05
6.713059999999999127e+04
5.567289999999998690e+04
5.060830000000002474e+04
5.090649999999996362e+04
7.367270000000004075e+04
1.044359000000000087e+05
1.429685000000000582e+05
1.897875000000000291e+05
1.685746999999999825e+05
8.539319999999999709e+04
5.276859999999998399e+04
5.836469999999998981e+04
5.577480000000000291e+04
6.578669999999999709e+04
9.276009999999994761e+04
1.282661999999999825e+05
1.527053000000000466e+05
1.483918999999999651e+05
1.011292999999999738e+05
5.022090000000000873e+04
3.936010000000000582e+04
4.771950000000000000e+04
5.354919999999998981e+04
6.824239999999996508e+04
1.049913000000000175e+05
1.312310000000000291e+05
1.366131000000000058e+05
1.245439999999999854e+05
7.564780000000001746e+04
4.717080000000000291e+04
4.991200000000001455e+04
3.768059999999999127e+04
3.570650000000002183e+04
4.408469999999997526e+04
4.974179999999998108e+04
6.032999999999996362e+04
9.711429999999993015e+04
1.356017000000000407e+05
1.022884000000000087e+05
5.960390000000000146e+04
5.898840000000000146e+04
5.226900000000000728e+04
8.197110000000007858e+04
1.153352999999999884e+05
1.560187000000000116e+05
2.313890000000000873e+05
2.090794000000000233e+05
1.064835000000000437e+05
5.585960000000002037e+04
5.165740000000000146e+04
4.664380000000000291e+04
4.877510000000002765e+04
8.279550000000000000e+04
1.049510999999999476e+05
1.527371999999999534e+05
2.353617999999999884e+05
2.059880000000000000e+05
9.332870000000002619e+04
5.269969999999997526e+04
5.265520000000001892e+04
5.792089999999997235e+04
8.263769999999996799e+04
1.115887000000000407e+05
1.359243999999999942e+05
1.892570000000000000e+05
2.136130000000000582e+05
1.467360999999998894e+05
7.205500000000000000e+04
4.352350000000001455e+04
3.461630000000001019e+04
3.193319999999999709e+04
3.144230000000000291e+04
4.339780000000000291e+04
6.148759999999999854e+04
6.503780000000000291e+04
7.256659999999999127e+04
7.021830000000000291e+04
4.280649999999999272e+04
3.689279999999999563e+04
4.011839999999999418e+04
4.798830000000001746e+04
6.925349999999998545e+04
9.047950000000001455e+04
1.257912000000000407e+05
1.459383999999999942e+05
9.627310000000000582e+04
4.831170000000000437e+04
4.257300000000000728e+04
4.472150000000001455e+04
4.582670000000000437e+04
6.060630000000000291e+04
9.048520000000004075e+04
1.323688000000000466e+05
1.566067999999999302e+05
1.389586999999999534e+05
8.596339999999996508e+04
5.069100000000000728e+04
5.103580000000001019e+04
5.297439999999999418e+04
5.849180000000000291e+04
7.470239999999996508e+04
1.015028999999999651e+05
1.269368000000000029e+05
1.328087000000000116e+05
1.075927000000000116e+05
6.460750000000001455e+04
4.366460000000000582e+04
4.394519999999999709e+04
3.537970000000000437e+04
4.879870000000001164e+04
6.660240000000002328e+04
8.926760000000003492e+04
1.563202999999999884e+05
1.720285999999999767e+05
1.039450000000000146e+05
5.272290000000000146e+04
4.041420000000001892e+04
3.504850000000000000e+04
4.551250000000002183e+04
7.101470000000001164e+04
9.517440000000002328e+04
1.608050999999998603e+05
2.353589999999999127e+05
1.933422999999999884e+05
9.259719999999998254e+04
5.087669999999998981e+04
4.359199999999998545e+04
4.248439999999999418e+04
6.358399999999997090e+04
9.277069999999995343e+04
1.421424999999999709e+05
2.180536999999999243e+05
2.308144999999999418e+05
1.385815000000000000e+05
6.353620000000002619e+04
4.980459999999999854e+04
4.320379999999998108e+04
5.353940000000002328e+04
7.598910000000000582e+04
9.894770000000002619e+04
1.392998999999999651e+05
1.628624000000000524e+05
1.241512999999999884e+05
6.201389999999998690e+04
3.989920000000001164e+04
4.135189999999999418e+04
4.841619999999997526e+04
6.282200000000000728e+04
9.605869999999996799e+04
1.414944999999999709e+05
1.652037000000000407e+05
1.523761000000000058e+05
9.395809999999997672e+04
4.515990000000000873e+04
4.134600000000000000e+04
4.906140000000002328e+04
5.619559999999999127e+04
7.064110000000002037e+04
9.661170000000002619e+04
1.119406000000000058e+05
9.090080000000000291e+04
7.376119999999998254e+04
6.363320000000001164e+04
4.450049999999998545e+04
3.267680000000000655e+04
3.070449999999999272e+04
2.775629999999999563e+04
2.855410000000000582e+04
3.321049999999998545e+04
4.166080000000000291e+04
5.448979999999999563e+04
7.081189999999999418e+04
6.775200000000000000e+04
4.310630000000000291e+04
3.279539999999999418e+04
3.590890000000000873e+04
5.374630000000001019e+04
8.095520000000002619e+04
1.069943000000000029e+05
1.881468000000000466e+05
2.287590000000000000e+05
1.426215000000000000e+05
6.795770000000001164e+04
5.175489999999998690e+04
4.525859999999999854e+04
5.837490000000000873e+04
7.574929999999997381e+04
9.666389999999999418e+04
1.620467999999999884e+05
2.282787000000000990e+05
1.961481000000000349e+05
1.099063000000000320e+05
7.128530000000000291e+04
5.341159999999999127e+04
4.082159999999998399e+04
5.627640000000001601e+04
7.112669999999998254e+04
9.551509999999999127e+04
1.443341999999999825e+05
1.611005000000000000e+05
1.150040000000000146e+05
6.341340000000000146e+04
4.525020000000001164e+04
3.543040000000000146e+04
3.402300000000000000e+04
4.887670000000000437e+04
5.896179999999999563e+04
8.712290000000000873e+04
1.208822000000000116e+05
9.971130000000001746e+04
5.475329999999998836e+04
3.822719999999998981e+04
3.639159999999999127e+04
3.605259999999999854e+04
5.429519999999998981e+04
7.849059999999999127e+04
1.043730000000000437e+05
1.327678999999999651e+05
1.344790999999999767e+05
9.383850000000000000e+04
5.321580000000001019e+04
4.345599999999999272e+04
3.981720000000000437e+04
3.773860000000000582e+04
5.579740000000000873e+04
7.812049999999998545e+04
9.959439999999995052e+04
1.210421999999999971e+05
1.121814000000000087e+05
6.676400000000000000e+04
3.863270000000000437e+04
3.644820000000000437e+04
3.253659999999999127e+04
3.723609999999999854e+04
5.500610000000001310e+04
6.720950000000001455e+04
1.002938999999999796e+05
1.408027999999999884e+05
1.148377000000000116e+05
6.239340000000000873e+04
4.136230000000001746e+04
3.446799999999998545e+04
3.125490000000000509e+04
4.435569999999998981e+04
5.818859999999998399e+04
7.566009999999997672e+04
1.260749000000000087e+05
1.385241000000000058e+05
9.163259999999999127e+04
6.034409999999999854e+04
4.536169999999996799e+04
3.483470000000000437e+04
4.392480000000000291e+04
5.628210000000001310e+04
7.168889999999999418e+04
1.096310999999999476e+05
1.371371999999999825e+05
1.183950999999999767e+05
7.108330000000000291e+04
4.076930000000000291e+04
3.132259999999999127e+04
2.464529999999999563e+04
2.330679999999999927e+04
2.460380000000000291e+04
2.592600000000000364e+04
3.288080000000000291e+04
5.407730000000001019e+04
7.474230000000001746e+04
5.740940000000001601e+04
3.567109999999999127e+04
3.575230000000001746e+04
3.395489999999999418e+04
4.692710000000001310e+04
6.784840000000000873e+04
7.131450000000001455e+04
7.988990000000002328e+04
8.058800000000001455e+04
5.388969999999998254e+04
4.007530000000000291e+04
3.783759999999999127e+04
3.469370000000000437e+04
4.346669999999999709e+04
5.762460000000000582e+04
6.463029999999999563e+04
8.312040000000002328e+04
9.970450000000000000e+04
7.591050000000000000e+04
4.779819999999999709e+04
4.391680000000000291e+04
3.938979999999998836e+04
4.371440000000000873e+04
5.567089999999999418e+04
6.731319999999999709e+04
8.303800000000004366e+04
8.860859999999999127e+04
7.967739999999997963e+04
5.770450000000001455e+04
3.820580000000001019e+04
3.639859999999997672e+04
3.588210000000001310e+04
4.114799999999999272e+04
5.692619999999998981e+04
6.683019999999999709e+04
8.734749999999997090e+04
1.130564999999999854e+05
9.551220000000001164e+04
5.700100000000000728e+04
4.420769999999999709e+04
4.028640000000000873e+04
4.368740000000000146e+04
6.321009999999999854e+04
7.933910000000002037e+04
1.054322000000000116e+05
1.521132999999999593e+05
1.591547999999999302e+05
1.042326999999999825e+05
5.714390000000002328e+04
4.532450000000000000e+04
3.543989999999998690e+04
4.104870000000000437e+04
5.504520000000000437e+04
5.862850000000003638e+04
8.441889999999999418e+04
1.154823999999999360e+05
9.366180000000000291e+04
5.363779999999999563e+04
4.411290000000000146e+04
4.044640000000000873e+04
3.710099999999999272e+04
4.710960000000000582e+04
5.816540000000000146e+04
6.568540000000000873e+04
8.215669999999998254e+04
9.045360000000000582e+04
6.990850000000000000e+04
4.767909999999998399e+04
3.862120000000001164e+04
2.985590000000000509e+04
2.994270000000000073e+04
3.954160000000002037e+04
4.430679999999999563e+04
6.452589999999997235e+04
8.404330000000004657e+04
6.903059999999999127e+04
4.089860000000001310e+04
3.049069999999999709e+04
2.952809999999999127e+04
2.943220000000000800e+04
3.421959999999998399e+04
4.624730000000000291e+04
4.903649999999999272e+04
5.484119999999998254e+04
6.325539999999999418e+04
5.335149999999999272e+04
3.427729999999998836e+04
2.478030000000000291e+04
2.266510000000000582e+04
2.190529999999999927e+04
2.336730000000000291e+04
2.730149999999999636e+04
3.162660000000000582e+04
4.398029999999998836e+04
6.495819999999997526e+04
6.729849999999998545e+04
4.441610000000000582e+04
3.732269999999999709e+04
4.972709999999998399e+04
5.290759999999999854e+04
6.976339999999999418e+04
1.135026000000000349e+05
1.479997999999999302e+05
1.496496000000000058e+05
1.129684999999999563e+05
6.726730000000003201e+04
4.889440000000000146e+04
4.044200000000002910e+04
3.966419999999998254e+04
5.433980000000002474e+04
6.578809999999999127e+04
1.049426999999999825e+05
1.506719999999999709e+05
1.328361000000000349e+05
7.458340000000003783e+04
4.749879999999999563e+04
4.509559999999998399e+04
4.021029999999998836e+04
5.409990000000000873e+04
8.306419999999998254e+04
1.106175999999999913e+05
1.464794999999999418e+05
1.533522000000000698e+05
1.066995000000000146e+05
5.505979999999998836e+04
3.955380000000000291e+04
3.632680000000001019e+04
3.289599999999998545e+04
4.445640000000000146e+04
6.543770000000000437e+04
8.145620000000002619e+04
1.016074000000000087e+05
1.014041000000000204e+05
6.589990000000000873e+04
4.269779999999998108e+04
3.692769999999999709e+04
2.989290000000000146e+04
3.751630000000001019e+04
4.988609999999998399e+04
5.422279999999996653e+04
6.476350000000000000e+04
6.955430000000000291e+04
5.586689999999997235e+04
3.689289999999999418e+04
3.134259999999998763e+04
3.225479999999999927e+04
2.909879999999999927e+04
3.479649999999999272e+04
4.588569999999998254e+04
4.763569999999999709e+04
6.134669999999998981e+04
7.768749999999998545e+04
6.336029999999998108e+04
4.397119999999998981e+04
3.494799999999998545e+04
2.943750000000000000e+04
3.417859999999999854e+04
4.464969999999998981e+04
5.181199999999997090e+04
7.572310000000000582e+04
1.018092999999999593e+05
9.109090000000000873e+04
6.060839999999999418e+04
4.285929999999998108e+04
3.592439999999999418e+04
3.235279999999999563e+04
3.975750000000001455e+04
4.890169999999999709e+04
5.869369999999998254e+04
1.002001000000000058e+05
1.395807999999999884e+05
1.227394999999999854e+05
7.858309999999996217e+04
5.151669999999999709e+04
3.460730000000000291e+04
3.175849999999998545e+04
3.948119999999998981e+04
4.048449999999999272e+04
5.927250000000000000e+04
9.868300000000000000e+04
9.738350000000001455e+04
5.990450000000000000e+04
3.864580000000000291e+04
3.400440000000000146e+04
2.810770000000000073e+04
2.955800000000000000e+04
3.697039999999999418e+04
3.877189999999998690e+04
3.494400000000002183e+04
4.171639999999998690e+04
5.457260000000000582e+04
4.571750000000000000e+04
3.422289999999999418e+04
4.584729999999999563e+04
5.002789999999999418e+04
4.402130000000002474e+04
6.540999999999997817e+04
9.201190000000000873e+04
8.966299999999998545e+04
7.255300000000001455e+04
5.107869999999997526e+04
4.520359999999998399e+04
5.325930000000000291e+04
4.576239999999999418e+04
4.994920000000002619e+04
8.258649999999998545e+04
1.085392000000000116e+05
1.291449999999999272e+05
1.428871000000000058e+05
1.036220000000000146e+05
5.387369999999998254e+04
4.362219999999999709e+04
4.208070000000000437e+04
4.233210000000000582e+04
5.852590000000000873e+04
7.763719999999998254e+04
1.028467000000000116e+05
1.361052999999999010e+05
1.332205000000000000e+05
8.259660000000000582e+04
4.192580000000000291e+04
4.004890000000000146e+04
4.249509999999997672e+04
3.951239999999997963e+04
5.522980000000001746e+04
8.164109999999999127e+04
1.037870000000000146e+05
1.153577999999999884e+05
9.382450000000000000e+04
6.837769999999998254e+04
6.537909999999999127e+04
