1.552528381347656250e+00,9.741557894205258208e+02
7.615772485733032227e+00,9.741291318765630649e+02
1.313458418846130371e+01,9.740620280823208077e+02
1.868876266479492188e+01,9.739874645993862714e+02
2.421014118194580078e+01,9.740232469673413789e+02
2.971549248695373535e+01,9.741286092264795116e+02
3.522251057624816895e+01,9.740438635765898425e+02
4.070458698272705078e+01,9.739540807968807030e+02
4.634388422966003418e+01,9.741314163450210799e+02
5.175209283828735352e+01,9.740136303456097266e+02
5.735663890838623047e+01,9.741030625641005827e+02
6.380033040046691895e+01,9.742536067919903644e+02
6.930380916595458984e+01,9.740515774755863276e+02
7.485166215896606445e+01,9.741226277524831403e+02
8.036641478538513184e+01,9.741045697683692879e+02
8.588381099700927734e+01,9.741044965897351631e+02
9.140628957748413086e+01,9.742768298413419643e+02
9.692457604408264160e+01,9.740984968723712427e+02
1.024791171550750732e+02,9.743325100780828052e+02
1.079702954292297363e+02,9.742230359070782697e+02
1.134893996715545654e+02,9.742594742390175497e+02
1.200701155662536621e+02,9.744929891473593671e+02
1.256093492507934570e+02,9.742177103055412317e+02
1.310390539169311523e+02,9.743261669735346686e+02
1.366827728748321533e+02,9.744062259688440690e+02
1.421725046634674072e+02,9.742384114770800352e+02
1.477432653903961182e+02,9.745346594225492254e+02
1.532438132762908936e+02,9.743363507208426881e+02
1.586999671459197998e+02,9.744417382195059645e+02
1.642270693778991699e+02,9.744243496340092179e+02
1.697656829357147217e+02,9.744589443821303121e+02
1.765873425006866455e+02,9.746996175836819702e+02
1.820661492347717285e+02,9.744502748322144043e+02
1.875064997673034668e+02,9.745999333730201215e+02
1.930327141284942627e+02,9.746060419089628795e+02
1.986303949356079102e+02,9.744604255253424299e+02
2.041761374473571777e+02,9.747611758143999623e+02
2.096944897174835205e+02,9.745161687505363943e+02
2.152503147125244141e+02,9.747057026987235986e+02
2.207372448444366455e+02,9.746509898385012320e+02
2.262848458290100098e+02,9.745221263081108418e+02
2.332462902069091797e+02,9.749134484916349948e+02
2.387338104248046875e+02,9.747252549597542384e+02
2.442541408538818359e+02,9.747853659438013665e+02
2.497759177684783936e+02,9.748140938779835096e+02
2.552673196792602539e+02,9.747637974634574221e+02
2.608773365020751953e+02,9.748195439046980937e+02
2.663983201980590820e+02,9.748038873921841514e+02
2.718327898979187012e+02,9.747123453909807722e+02
2.773525040149688721e+02,9.748252962402557387e+02
2.829924404621124268e+02,9.749040349689672666e+02
2.902137515544891357e+02,9.747703063389055842e+02
2.956227989196777344e+02,9.751249001230000886e+02
3.012295415401458740e+02,9.749454723539173528e+02
3.073890421390533447e+02,9.748104044289752892e+02
3.128367369174957275e+02,9.751749283189598145e+02
3.184769065380096436e+02,9.749133175993456462e+02
3.239970648288726807e+02,9.751607970129520027e+02
3.293893890380859375e+02,9.751233941272364518e+02
3.350383424758911133e+02,9.751709180903202423e+02
3.404283108711242676e+02,9.752778013835222737e+02
3.478282833099365234e+02,9.752220996724873885e+02
3.532838108539581299e+02,9.752366235515034987e+02
3.589183287620544434e+02,9.753547701660587563e+02
3.643609681129455566e+02,9.750978367958872468e+02
3.698872823715209961e+02,9.754361552738982937e+02
3.754468703269958496e+02,9.752538853018191958e+02
3.809983191490173340e+02,9.753518885247162871e+02
3.864092433452606201e+02,9.754461967138850014e+02
3.919445927143096924e+02,9.752731018114717472e+02
3.974666869640350342e+02,9.755563056783156526e+02
4.051750721931457520e+02,9.754910714023714036e+02
4.106973435878753662e+02,9.753404108215777342e+02
4.161560518741607666e+02,9.834846071964433349e+02
4.218289957046508789e+02,9.754509362234895207e+02
4.273526396751403809e+02,9.835160302514237856e+02
4.328657693862915039e+02,9.835265813760370293e+02
4.383851137161254883e+02,9.831927757691796614e+02
4.439093995094299316e+02,9.837921770346434869e+02
4.494273283481597900e+02,9.838582428545030325e+02
4.549754705429077148e+02,9.846399378830088835e+02
4.628051841259002686e+02,9.861044475591745595e+02
4.684168424606323242e+02,9.869593840660936621e+02
4.738472907543182373e+02,9.876816938528899072e+02
4.793470568656921387e+02,9.880263016816003301e+02
4.849791336059570312e+02,9.882378335324017371e+02
4.904001774787902832e+02,9.966765018159612737e+02
4.959836485385894775e+02,9.967660391740184878e+02
5.015454816818237305e+02,9.971727709499277807e+02
5.070593533515930176e+02,9.974082762075546498e+02
5.125054094791412354e+02,9.975786557420509553e+02
5.208957254886627197e+02,9.978684587414466023e+02
5.264082667827606201e+02,9.980539798592313900e+02
5.319026629924774170e+02,9.980105327489859519e+02
5.375256121158599854e+02,9.983615776155022559e+02
5.430666205883026123e+02,9.984986855059044046e+02
5.485789372920989990e+02,9.988016815494997900e+02
5.540050446987152100e+02,9.989670438723649113e+02
5.595228011608123779e+02,9.990797882513885497e+02
5.650652205944061279e+02,9.992433551486005854e+02
5.706828262805938721e+02,9.994063076409634050e+02
5.792961761951446533e+02,9.996015354327162186e+02
5.848455269336700439e+02,9.998007198285375807e+02
5.903337857723236084e+02,1.000076035881626012e+03
5.958592131137847900e+02,1.000266982122490504e+03
6.013456192016601562e+02,1.000378497635893950e+03
6.076319458484649658e+02,1.000484202023116723e+03
6.131825475692749023e+02,1.000583039826449181e+03
6.186608486175537109e+02,1.000875742806063613e+03
6.241527786254882812e+02,1.001003597159049150e+03
6.296687798500061035e+02,1.001114958339666941e+03
6.383565819263458252e+02,1.001299547655500760e+03
6.440500330924987793e+02,1.001402676733462954e+03
6.495571672916412354e+02,1.009538127101380610e+03
6.550771915912628174e+02,1.009849050085656472e+03
6.606245534420013428e+02,1.009875341910308407e+03
6.660254313945770264e+02,1.010014089207092297e+03
6.716528263092041016e+02,1.010166899363008270e+03
6.771380999088287354e+02,1.010147411598401618e+03
6.825913963317871094e+02,1.010433457927486756e+03
6.881488473415374756e+02,1.010320492598707347e+03
6.971947464942932129e+02,1.010401044751579548e+03
7.028109526634216309e+02,1.010748592034304465e+03
7.083294308185577393e+02,1.010851383503596594e+03
7.138264224529266357e+02,1.010861118477373225e+03
7.194001891613006592e+02,1.011102125003142760e+03
7.248612818717956543e+02,1.010913973663137995e+03
7.304056816101074219e+02,1.011230684893285684e+03
7.359558298587799072e+02,1.011240828078942741e+03
7.414444854259490967e+02,1.011281710953666106e+03
7.469741966724395752e+02,1.011520835646070964e+03
7.564447965621948242e+02,1.011569116035469960e+03
7.619028124809265137e+02,1.011358276756093346e+03
7.673623352050781250e+02,1.011699092840071103e+03
7.729224810600280762e+02,1.011662693028314152e+03
7.784619257450103760e+02,1.011646262379312589e+03
7.840766606330871582e+02,1.011954972524409868e+03
7.895692670345306396e+02,1.011668199445172149e+03
7.951172096729278564e+02,1.012011377827267324e+03
8.005473392009735107e+02,1.011899134218071595e+03
8.061555581092834473e+02,1.012000623260271595e+03
8.159705495834350586e+02,1.012061005942780184e+03
8.214809885025024414e+02,1.012205000567935372e+03
8.269292509555816650e+02,1.012099707510608710e+03
8.325621812343597412e+02,1.012372019076183619e+03
8.380567784309387207e+02,1.012212911509123956e+03
8.435973370075225830e+02,1.012342313365135851e+03
8.491172533035278320e+02,1.012444725428456081e+03
8.546361362934112549e+02,1.012381292417012673e+03
8.601544816493988037e+02,1.012618761029562052e+03
8.656783082485198975e+02,1.012436253602393549e+03
8.757243547439575195e+02,1.012476591837946899e+03
8.812472038269042969e+02,1.012643313880367145e+03
8.867705850601196289e+02,1.012716461080123281e+03
8.923427801132202148e+02,1.012671826407437493e+03
8.977464780807495117e+02,1.012722645151178995e+03
9.043763351440429688e+02,1.012949818568980390e+03
9.098409547805786133e+02,1.012668729053583661e+03
9.153313364982604980e+02,1.012961237489800510e+03
9.209388082027435303e+02,1.012901358842055629e+03
9.264623076915740967e+02,1.012963662250024299e+03
9.368995466232299805e+02,1.012946218401784108e+03
9.423537149429321289e+02,1.013231366846466926e+03
9.479483032226562500e+02,1.013021475168715824e+03
9.533373231887817383e+02,1.013199721346737192e+03
9.589272344112396240e+02,1.013274322224832417e+03
9.645857536792755127e+02,1.013179412056507999e+03
9.700791597366333008e+02,1.013544202044193185e+03
9.755373094081878662e+02,1.013321937701223305e+03
9.810609314441680908e+02,1.013437612724706810e+03
9.865510296821594238e+02,1.013461738537869678e+03
9.973567953109741211e+02,1.013656565143543503e+03
1.002989001274108887e+03,1.013435075569477021e+03
1.008506659746170044e+03,1.013716487736636509e+03
1.014025454998016357e+03,1.013629759001532534e+03
1.019438841342926025e+03,1.013641547238839053e+03
1.024898607492446899e+03,1.013899123243120016e+03
1.030498463153839111e+03,1.013646485824899059e+03
1.036022171497344971e+03,1.013920582878658138e+03
1.041655941963195801e+03,1.013828718107759755e+03
1.047061424016952515e+03,1.013780995431371366e+03
1.058341931343078613e+03,1.013774806606121160e+03
1.063853806734085083e+03,1.014014466364885834e+03
1.069404408693313599e+03,1.013902922825306746e+03
1.074898251056671143e+03,1.013968839039072918e+03
1.080452620267868042e+03,1.014052213058640064e+03
1.085861816644668579e+03,1.013972705159804264e+03
1.091466123580932617e+03,1.014234443558154794e+03
1.096979347944259644e+03,1.014029663459046560e+03
1.102463760852813721e+03,1.014151248003414707e+03
1.107980179548263550e+03,1.014113712464457080e+03
1.119679281473159790e+03,1.014261242531151993e+03
1.125231618642807007e+03,1.014081088514240150e+03
1.130762872934341431e+03,1.014239549821878313e+03
1.136364546775817871e+03,1.014204572664502848e+03
1.141915924072265625e+03,1.014151219620254437e+03
1.147334472894668579e+03,1.014378089477672688e+03
1.152912797927856445e+03,1.014138798983119273e+03
1.158404510021209717e+03,1.014262200608474814e+03
1.163858309984207153e+03,1.014231510413163392e+03
1.169409410238265991e+03,1.014168118815450839e+03
1.181589754819869995e+03,1.014164246238990927e+03
1.187053685665130615e+03,1.014227741322835641e+03
1.192573812723159790e+03,1.014297409259137567e+03
1.198152239561080933e+03,1.014085088230838437e+03
1.204960114717483521e+03,1.014139334554255811e+03
1.210472780466079712e+03,1.014050306889668946e+03
1.216009209632873535e+03,1.014039661175493507e+03
1.221623811483383179e+03,1.014250972023338932e+03
1.227120495319366455e+03,1.013957447611288671e+03
1.232667318582534790e+03,1.014114244889018892e+03
1.245506659746170044e+03,1.013877719559555203e+03
1.251082837581634521e+03,1.014037392788015268e+03
1.256575341463088989e+03,1.013898794538952302e+03
1.261991350173950195e+03,1.013834877166696174e+03
1.267647335290908813e+03,1.013900880944894993e+03
1.273152402877807617e+03,1.013882268841530504e+03
1.278663565635681152e+03,1.014046468077887198e+03
1.284180731058120728e+03,1.013975552965990801e+03
1.289692815542221069e+03,1.013707776534306163e+03
1.295224916458129883e+03,1.013801223289237896e+03
1.308327279806137085e+03,1.013555539509536516e+03
1.313845556020736694e+03,1.013713826224413197e+03
1.319328793525695801e+03,1.013566991005132309e+03
1.324827343940734863e+03,1.013518772914259216e+03
1.330421872854232788e+03,1.013689255772844035e+03
1.335887049674987793e+03,1.013465412425609316e+03
1.341386189222335815e+03,1.013669152396640584e+03
1.346935870409011841e+03,1.013434089435091551e+03
1.352427063465118408e+03,1.013484457454073322e+03
1.358078242540359497e+03,1.013471720482268893e+03
1.371745543718338013e+03,1.013341083649705752e+03
1.377303813457489014e+03,1.013581508416898714e+03
1.382823811054229736e+03,1.013290996989820087e+03
