1.533700000000000000e+04
2.523000000000000000e+04
2.764400000000000000e+04
4.107100000000000000e+04
8.463100000000000000e+04
1.252890000000000000e+05
1.313580000000000000e+05
1.039780000000000000e+05
5.667300000000000000e+04
2.429600000000000000e+04
2.309500000000000000e+04
2.753900000000000000e+04
3.063500000000000000e+04
5.135800000000000000e+04
8.428400000000000000e+04
1.068900000000000000e+05
1.073140000000000000e+05
7.610900000000000000e+04
3.430300000000000000e+04
1.548300000000000000e+04
1.623600000000000000e+04
2.338400000000000000e+04
3.375200000000000000e+04
5.999900000000000000e+04
1.450900000000000000e+05
2.693510000000000000e+05
2.931690000000000000e+05
1.820630000000000000e+05
7.897300000000000000e+04
4.798200000000000000e+04
3.074300000000000000e+04
2.726700000000000000e+04
4.997700000000000000e+04
8.508500000000000000e+04
1.772360000000000000e+05
2.899580000000000000e+05
2.699810000000000000e+05
1.396510000000000000e+05
6.854500000000000000e+04
5.079700000000000000e+04
2.903900000000000000e+04
3.846400000000000000e+04
6.806400000000000000e+04
1.069000000000000000e+05
2.104590000000000000e+05
2.852820000000000000e+05
2.066810000000000000e+05
9.080600000000000000e+04
5.717700000000000000e+04
4.073600000000000000e+04
2.980400000000000000e+04
5.915700000000000000e+04
8.599900000000000000e+04
1.381630000000000000e+05
2.293770000000000000e+05
2.251520000000000000e+05
1.101050000000000000e+05
4.327400000000000000e+04
3.762900000000000000e+04
2.719200000000000000e+04
3.289900000000000000e+04
5.858800000000000000e+04
9.117300000000000000e+04
1.424350000000000000e+05
1.635130000000000000e+05
1.086630000000000000e+05
4.287900000000000000e+04
2.326100000000000000e+04
2.487200000000000000e+04
2.655900000000000000e+04
4.086400000000000000e+04
7.430600000000000000e+04
1.145820000000000000e+05
1.289620000000000000e+05
9.502000000000000000e+04
4.508300000000000000e+04
1.769900000000000000e+04
1.435900000000000000e+04
1.449400000000000000e+04
1.258400000000000000e+04
1.765500000000000000e+04
3.284900000000000000e+04
5.279800000000000000e+04
7.705000000000000000e+04
1.032310000000000000e+05
9.389000000000000000e+04
4.865800000000000000e+04
2.918800000000000000e+04
3.371400000000000000e+04
2.896900000000000000e+04
5.147600000000000000e+04
1.132170000000000000e+05
1.632280000000000000e+05
1.551630000000000000e+05
9.497400000000000000e+04
3.979400000000000000e+04
2.897900000000000000e+04
2.622000000000000000e+04
2.411700000000000000e+04
5.408500000000000000e+04
9.625400000000000000e+04
1.440290000000000000e+05
1.980030000000000000e+05
1.741510000000000000e+05
8.094900000000000000e+04
4.058200000000000000e+04
3.755100000000000000e+04
2.600600000000000000e+04
3.752700000000000000e+04
6.128500000000000000e+04
1.097830000000000000e+05
1.983480000000000000e+05
2.173860000000000000e+05
1.278200000000000000e+05
4.771800000000000000e+04
3.103600000000000000e+04
2.432300000000000000e+04
2.149700000000000000e+04
3.752900000000000000e+04
5.683000000000000000e+04
8.314000000000000000e+04
9.807300000000000000e+04
7.135100000000000000e+04
3.213800000000000000e+04
1.487400000000000000e+04
1.381900000000000000e+04
1.784900000000000000e+04
2.069500000000000000e+04
3.417400000000000000e+04
6.334000000000000000e+04
7.660700000000000000e+04
6.313800000000000000e+04
4.845700000000000000e+04
3.099200000000000000e+04
1.740500000000000000e+04
2.189100000000000000e+04
2.256100000000000000e+04
2.337200000000000000e+04
4.104200000000000000e+04
4.689700000000000000e+04
3.461500000000000000e+04
3.479500000000000000e+04
3.797100000000000000e+04
2.471000000000000000e+04
1.611200000000000000e+04
2.086700000000000000e+04
2.294800000000000000e+04
3.497300000000000000e+04
6.876100000000000000e+04
1.012890000000000000e+05
1.065210000000000000e+05
7.603000000000000000e+04
3.411500000000000000e+04
1.761200000000000000e+04
1.945700000000000000e+04
1.872900000000000000e+04
2.371000000000000000e+04
4.258200000000000000e+04
6.614700000000000000e+04
8.128300000000000000e+04
7.333100000000000000e+04
4.313900000000000000e+04
1.820600000000000000e+04
1.260700000000000000e+04
1.442000000000000000e+04
1.565600000000000000e+04
2.696000000000000000e+04
4.763400000000000000e+04
5.783000000000000000e+04
5.177600000000000000e+04
3.626600000000000000e+04
1.878200000000000000e+04
1.057900000000000000e+04
9.647000000000000000e+03
8.671000000000000000e+03
1.012000000000000000e+04
1.596700000000000000e+04
3.046200000000000000e+04
4.713700000000000000e+04
4.525100000000000000e+04
3.180900000000000000e+04
2.099400000000000000e+04
1.228500000000000000e+04
8.941000000000000000e+03
9.348000000000000000e+03
9.519000000000000000e+03
1.115100000000000000e+04
1.121000000000000000e+04
1.029100000000000000e+04
1.283500000000000000e+04
1.483100000000000000e+04
1.269300000000000000e+04
9.714000000000000000e+03
9.095000000000000000e+03
8.996000000000000000e+03
1.096600000000000000e+04
1.569300000000000000e+04
1.425100000000000000e+04
1.255600000000000000e+04
1.637200000000000000e+04
1.411700000000000000e+04
1.018600000000000000e+04
1.044500000000000000e+04
9.641000000000000000e+03
8.512000000000000000e+03
1.009100000000000000e+04
1.105400000000000000e+04
1.024600000000000000e+04
1.306700000000000000e+04
1.539600000000000000e+04
1.144900000000000000e+04
9.202000000000000000e+03
1.001700000000000000e+04
8.985000000000000000e+03
9.165000000000000000e+03
1.091900000000000000e+04
1.149500000000000000e+04
1.153600000000000000e+04
1.243000000000000000e+04
1.120100000000000000e+04
8.502000000000000000e+03
8.766000000000000000e+03
9.160000000000000000e+03
1.037600000000000000e+04
1.360300000000000000e+04
1.399900000000000000e+04
1.207600000000000000e+04
1.184600000000000000e+04
1.157900000000000000e+04
9.386000000000000000e+03
7.831000000000000000e+03
8.902000000000000000e+03
9.781000000000000000e+03
1.303500000000000000e+04
1.781900000000000000e+04
1.757500000000000000e+04
1.475300000000000000e+04
1.384200000000000000e+04
1.228500000000000000e+04
9.943000000000000000e+03
9.093000000000000000e+03
1.023800000000000000e+04
1.168900000000000000e+04
1.858300000000000000e+04
2.408400000000000000e+04
1.963200000000000000e+04
1.807800000000000000e+04
1.798300000000000000e+04
1.297400000000000000e+04
9.888000000000000000e+03
9.695000000000000000e+03
9.220000000000000000e+03
1.017100000000000000e+04
1.464600000000000000e+04
1.545100000000000000e+04
1.530500000000000000e+04
2.164800000000000000e+04
2.095400000000000000e+04
1.533100000000000000e+04
1.501200000000000000e+04
1.389800000000000000e+04
1.040900000000000000e+04
1.192300000000000000e+04
1.572100000000000000e+04
1.808800000000000000e+04
3.363600000000000000e+04
4.455100000000000000e+04
3.036500000000000000e+04
2.001800000000000000e+04
1.679700000000000000e+04
1.417300000000000000e+04
2.443400000000000000e+04
3.985300000000000000e+04
5.504000000000000000e+04
5.309300000000000000e+04
3.276000000000000000e+04
1.851800000000000000e+04
1.118800000000000000e+04
9.345000000000000000e+03
1.208700000000000000e+04
1.825200000000000000e+04
2.911500000000000000e+04
4.687500000000000000e+04
6.578100000000000000e+04
6.275000000000000000e+04
3.686700000000000000e+04
1.679300000000000000e+04
1.003900000000000000e+04
1.061400000000000000e+04
1.326500000000000000e+04
2.138600000000000000e+04
4.333700000000000000e+04
7.008500000000000000e+04
7.743400000000000000e+04
6.056500000000000000e+04
3.258900000000000000e+04
1.505500000000000000e+04
1.201100000000000000e+04
1.198300000000000000e+04
1.337400000000000000e+04
2.434300000000000000e+04
4.266300000000000000e+04
5.599800000000000000e+04
5.621800000000000000e+04
4.063100000000000000e+04
2.143400000000000000e+04
1.251000000000000000e+04
1.420100000000000000e+04
1.423200000000000000e+04
1.425500000000000000e+04
2.336900000000000000e+04
3.170100000000000000e+04
2.804300000000000000e+04
2.585600000000000000e+04
2.684000000000000000e+04
1.884700000000000000e+04
1.319400000000000000e+04
1.592200000000000000e+04
1.608800000000000000e+04
2.038500000000000000e+04
3.331800000000000000e+04
4.203300000000000000e+04
4.173000000000000000e+04
3.481800000000000000e+04
2.594800000000000000e+04
1.668200000000000000e+04
1.434700000000000000e+04
1.759600000000000000e+04
1.676000000000000000e+04
2.421900000000000000e+04
3.674500000000000000e+04
3.277500000000000000e+04
2.517400000000000000e+04
2.514300000000000000e+04
2.040200000000000000e+04
1.455300000000000000e+04
1.652200000000000000e+04
1.757600000000000000e+04
1.984200000000000000e+04
4.453600000000000000e+04
7.284100000000000000e+04
7.406000000000000000e+04
5.508000000000000000e+04
2.998600000000000000e+04
1.768900000000000000e+04
1.647500000000000000e+04
1.391100000000000000e+04
1.405000000000000000e+04
2.928500000000000000e+04
5.649700000000000000e+04
8.434400000000000000e+04
9.183900000000000000e+04
5.938800000000000000e+04
2.477300000000000000e+04
1.599400000000000000e+04
1.446100000000000000e+04
1.222800000000000000e+04
1.580700000000000000e+04
3.243000000000000000e+04
5.965100000000000000e+04
7.721900000000000000e+04
6.914300000000000000e+04
3.973200000000000000e+04
1.842800000000000000e+04
1.775200000000000000e+04
1.493400000000000000e+04
1.374800000000000000e+04
2.011900000000000000e+04
4.253200000000000000e+04
6.605800000000000000e+04
4.904100000000000000e+04
2.455500000000000000e+04
2.114900000000000000e+04
1.857200000000000000e+04
1.608000000000000000e+04
2.119400000000000000e+04
2.480800000000000000e+04
2.787400000000000000e+04
3.444000000000000000e+04
3.390200000000000000e+04
3.116600000000000000e+04
3.091500000000000000e+04
2.433600000000000000e+04
1.588900000000000000e+04
1.863000000000000000e+04
1.707300000000000000e+04
1.778100000000000000e+04
2.351800000000000000e+04
1.859500000000000000e+04
2.203200000000000000e+04
3.737400000000000000e+04
3.916100000000000000e+04
2.782700000000000000e+04
1.999100000000000000e+04
2.071800000000000000e+04
1.882700000000000000e+04
2.113100000000000000e+04
3.558400000000000000e+04
3.214900000000000000e+04
2.522800000000000000e+04
3.475100000000000000e+04
2.982200000000000000e+04
2.136300000000000000e+04
2.297500000000000000e+04
2.015500000000000000e+04
2.596400000000000000e+04
4.884800000000000000e+04
7.710000000000000000e+04
1.124800000000000000e+05
1.176610000000000000e+05
6.843700000000000000e+04
3.027300000000000000e+04
2.261000000000000000e+04
1.581700000000000000e+04
1.767600000000000000e+04
2.942500000000000000e+04
4.701000000000000000e+04
8.294000000000000000e+04
1.091270000000000000e+05
8.284800000000000000e+04
3.454600000000000000e+04
1.924900000000000000e+04
1.833800000000000000e+04
1.570800000000000000e+04
2.288700000000000000e+04
3.540500000000000000e+04
5.490500000000000000e+04
8.154000000000000000e+04
8.323700000000000000e+04
4.958300000000000000e+04
2.009800000000000000e+04
1.575500000000000000e+04
1.659600000000000000e+04
1.823600000000000000e+04
3.036500000000000000e+04
4.684400000000000000e+04
6.417500000000000000e+04
7.196300000000000000e+04
5.526800000000000000e+04
2.653300000000000000e+04
1.356900000000000000e+04
1.572000000000000000e+04
1.567800000000000000e+04
1.959300000000000000e+04
3.599200000000000000e+04
5.197800000000000000e+04
5.739400000000000000e+04
5.102400000000000000e+04
3.306200000000000000e+04
1.605700000000000000e+04
1.137400000000000000e+04
1.320000000000000000e+04
1.385300000000000000e+04
2.034800000000000000e+04
3.650100000000000000e+04
5.046600000000000000e+04
4.686800000000000000e+04
3.307700000000000000e+04
2.211900000000000000e+04
1.300900000000000000e+04
1.064000000000000000e+04
1.072300000000000000e+04
1.155700000000000000e+04
1.539300000000000000e+04
3.088800000000000000e+04
5.214400000000000000e+04
4.812400000000000000e+04
3.136900000000000000e+04
2.255100000000000000e+04
1.384000000000000000e+04
1.172600000000000000e+04
1.665100000000000000e+04
2.627500000000000000e+04
4.898400000000000000e+04
8.366000000000000000e+04
9.940500000000000000e+04
8.033500000000000000e+04
4.299500000000000000e+04
1.888700000000000000e+04
1.555200000000000000e+04
1.539300000000000000e+04
1.517400000000000000e+04
2.646200000000000000e+04
4.493200000000000000e+04
6.665400000000000000e+04
7.708500000000000000e+04
5.843100000000000000e+04
2.881900000000000000e+04
1.307400000000000000e+04
1.208600000000000000e+04
1.309800000000000000e+04
1.753400000000000000e+04
3.122600000000000000e+04
4.848400000000000000e+04
5.870600000000000000e+04
5.514300000000000000e+04
3.918400000000000000e+04
2.152100000000000000e+04
1.406900000000000000e+04
1.555600000000000000e+04
1.491700000000000000e+04
1.871100000000000000e+04
3.389400000000000000e+04
4.229500000000000000e+04
4.118000000000000000e+04
3.955200000000000000e+04
2.730100000000000000e+04
1.376800000000000000e+04
1.257600000000000000e+04
1.306000000000000000e+04
1.069200000000000000e+04
1.520200000000000000e+04
2.169000000000000000e+04
2.339600000000000000e+04
3.696300000000000000e+04
4.894000000000000000e+04
3.405300000000000000e+04
1.834200000000000000e+04
2.023500000000000000e+04
1.751100000000000000e+04
2.148800000000000000e+04
3.457000000000000000e+04
4.256800000000000000e+04
3.835000000000000000e+04
2.961200000000000000e+04
2.771200000000000000e+04
2.070500000000000000e+04
1.503100000000000000e+04
1.738100000000000000e+04
1.752100000000000000e+04
3.160600000000000000e+04
6.223500000000000000e+04
8.444900000000000000e+04
9.750600000000000000e+04
6.990700000000000000e+04
2.836600000000000000e+04
1.602400000000000000e+04
1.392700000000000000e+04
1.189200000000000000e+04
1.609600000000000000e+04
3.186700000000000000e+04
5.865800000000000000e+04
8.798400000000000000e+04
9.388000000000000000e+04
5.879300000000000000e+04
2.596600000000000000e+04
2.027900000000000000e+04
1.519800000000000000e+04
1.371500000000000000e+04
2.206600000000000000e+04
4.176700000000000000e+04
7.860900000000000000e+04
9.874100000000000000e+04
7.417500000000000000e+04
3.315800000000000000e+04
1.936400000000000000e+04
1.801300000000000000e+04
1.116400000000000000e+04
1.012800000000000000e+04
1.607200000000000000e+04
3.279800000000000000e+04
4.412900000000000000e+04
3.792500000000000000e+04
2.880700000000000000e+04
2.383500000000000000e+04
1.477500000000000000e+04
1.403400000000000000e+04
1.788200000000000000e+04
2.188600000000000000e+04
3.448600000000000000e+04
4.752500000000000000e+04
4.350000000000000000e+04
3.726700000000000000e+04
3.088400000000000000e+04
1.799100000000000000e+04
1.843000000000000000e+04
1.908100000000000000e+04
1.605100000000000000e+04
2.683300000000000000e+04
3.512800000000000000e+04
4.023400000000000000e+04
3.642700000000000000e+04
2.581000000000000000e+04
1.874300000000000000e+04
1.432200000000000000e+04
1.849600000000000000e+04
1.988100000000000000e+04
2.184200000000000000e+04
3.906100000000000000e+04
4.703300000000000000e+04
4.955300000000000000e+04
4.083700000000000000e+04
2.410600000000000000e+04
1.383400000000000000e+04
1.433800000000000000e+04
1.901500000000000000e+04
1.694900000000000000e+04
2.610000000000000000e+04
5.239100000000000000e+04
6.761800000000000000e+04
9.324000000000000000e+04
8.009000000000000000e+04
3.498400000000000000e+04
2.109100000000000000e+04
1.568200000000000000e+04
1.307800000000000000e+04
1.695100000000000000e+04
3.282900000000000000e+04
6.182000000000000000e+04
8.897000000000000000e+04
9.724000000000000000e+04
6.077800000000000000e+04
2.929600000000000000e+04
2.547400000000000000e+04
1.723300000000000000e+04
1.686300000000000000e+04
2.479300000000000000e+04
4.416900000000000000e+04
7.985500000000000000e+04
9.543400000000000000e+04
7.323100000000000000e+04
3.414400000000000000e+04
2.324700000000000000e+04
2.349700000000000000e+04
1.465900000000000000e+04
1.520100000000000000e+04
2.033600000000000000e+04
3.402900000000000000e+04
4.929100000000000000e+04
4.683900000000000000e+04
3.506400000000000000e+04
2.074100000000000000e+04
1.946500000000000000e+04
2.152800000000000000e+04
1.672900000000000000e+04
1.952600000000000000e+04
2.482800000000000000e+04
3.257300000000000000e+04
3.433900000000000000e+04
3.031000000000000000e+04
2.859200000000000000e+04
1.913100000000000000e+04
2.239900000000000000e+04
2.119800000000000000e+04
1.555400000000000000e+04
2.125200000000000000e+04
2.488100000000000000e+04
2.753800000000000000e+04
3.204800000000000000e+04
3.555500000000000000e+04
2.882700000000000000e+04
2.178000000000000000e+04
2.710200000000000000e+04
1.844600000000000000e+04
2.421200000000000000e+04
3.219500000000000000e+04
6.151300000000000000e+04
5.984800000000000000e+04
2.458400000000000000e+04
1.366700000000000000e+04
1.828200000000000000e+04
1.939700000000000000e+04
2.175600000000000000e+04
2.871300000000000000e+04
2.762000000000000000e+04
4.765600000000000000e+04
6.086100000000000000e+04
6.522800000000000000e+04
6.181900000000000000e+04
3.350200000000000000e+04
2.173400000000000000e+04
2.317900000000000000e+04
1.946900000000000000e+04
2.401600000000000000e+04
3.128500000000000000e+04
4.576400000000000000e+04
5.407700000000000000e+04
5.399700000000000000e+04
4.127800000000000000e+04
2.065400000000000000e+04
1.925200000000000000e+04
1.947000000000000000e+04
1.933000000000000000e+04
2.579900000000000000e+04
3.743700000000000000e+04
5.007000000000000000e+04
4.794200000000000000e+04
3.804400000000000000e+04
2.440300000000000000e+04
1.375200000000000000e+04
1.685400000000000000e+04
1.690800000000000000e+04
1.885200000000000000e+04
2.524400000000000000e+04
3.225800000000000000e+04
3.185600000000000000e+04
2.653100000000000000e+04
2.572500000000000000e+04
1.923600000000000000e+04
1.376400000000000000e+04
1.794900000000000000e+04
1.601500000000000000e+04
1.992400000000000000e+04
2.750000000000000000e+04
2.864600000000000000e+04
2.500500000000000000e+04
2.479400000000000000e+04
2.466400000000000000e+04
1.617400000000000000e+04
1.462100000000000000e+04
1.737800000000000000e+04
1.445600000000000000e+04
1.934700000000000000e+04
2.228800000000000000e+04
1.917400000000000000e+04
1.817300000000000000e+04
2.412900000000000000e+04
2.502500000000000000e+04
1.726200000000000000e+04
1.867500000000000000e+04
1.882800000000000000e+04
2.060500000000000000e+04
3.617600000000000000e+04
4.443500000000000000e+04
5.531400000000000000e+04
5.039800000000000000e+04
2.471600000000000000e+04
1.477500000000000000e+04
1.657000000000000000e+04
1.544600000000000000e+04
1.564900000000000000e+04
1.816300000000000000e+04
1.865200000000000000e+04
3.146200000000000000e+04
6.044300000000000000e+04
9.505200000000000000e+04
8.426000000000000000e+04
6.403500000000000000e+04
3.808800000000000000e+04
2.731400000000000000e+04
2.437300000000000000e+04
2.492000000000000000e+04
3.836100000000000000e+04
3.938600000000000000e+04
5.693000000000000000e+04
5.515700000000000000e+04
3.297700000000000000e+04
2.044600000000000000e+04
1.256200000000000000e+04
1.142500000000000000e+04
1.642000000000000000e+04
3.465900000000000000e+04
5.693600000000000000e+04
4.839000000000000000e+04
2.143600000000000000e+04
1.158100000000000000e+04
1.413200000000000000e+04
1.765300000000000000e+04
1.770800000000000000e+04
2.849200000000000000e+04
2.581900000000000000e+04
3.161400000000000000e+04
2.333800000000000000e+04
2.050200000000000000e+04
3.023700000000000000e+04
3.328200000000000000e+04
1.995500000000000000e+04
1.744900000000000000e+04
1.675900000000000000e+04
1.786800000000000000e+04
2.550500000000000000e+04
2.491400000000000000e+04
1.961000000000000000e+04
2.231400000000000000e+04
2.693000000000000000e+04
2.551200000000000000e+04
1.653900000000000000e+04
1.756700000000000000e+04
1.589400000000000000e+04
1.977300000000000000e+04
2.239400000000000000e+04
2.069900000000000000e+04
2.767800000000000000e+04
3.183100000000000000e+04
3.300000000000000000e+04
3.043600000000000000e+04
2.114700000000000000e+04
2.668000000000000000e+04
2.459000000000000000e+04
4.579500000000000000e+04
5.079000000000000000e+04
4.155900000000000000e+04
3.820200000000000000e+04
2.601100000000000000e+04
1.470500000000000000e+04
1.073800000000000000e+04
1.403500000000000000e+04
1.915200000000000000e+04
2.480600000000000000e+04
4.129300000000000000e+04
4.480100000000000000e+04
3.808800000000000000e+04
2.920000000000000000e+04
1.821200000000000000e+04
1.050300000000000000e+04
9.473000000000000000e+03
1.300900000000000000e+04
1.705200000000000000e+04
2.427100000000000000e+04
3.436200000000000000e+04
2.807300000000000000e+04
2.260000000000000000e+04
1.888900000000000000e+04
1.389500000000000000e+04
9.948000000000000000e+03
1.196800000000000000e+04
1.672800000000000000e+04
2.013400000000000000e+04
3.103300000000000000e+04
3.496800000000000000e+04
2.707300000000000000e+04
2.812600000000000000e+04
2.415800000000000000e+04
1.753900000000000000e+04
1.217800000000000000e+04
1.415700000000000000e+04
1.490300000000000000e+04
2.171400000000000000e+04
3.208700000000000000e+04
2.915500000000000000e+04
2.743600000000000000e+04
2.740000000000000000e+04
2.073000000000000000e+04
1.611600000000000000e+04
1.309400000000000000e+04
1.437200000000000000e+04
1.409000000000000000e+04
2.022600000000000000e+04
2.149400000000000000e+04
2.451100000000000000e+04
3.743100000000000000e+04
3.186400000000000000e+04
2.414800000000000000e+04
2.122600000000000000e+04
1.529800000000000000e+04
1.751100000000000000e+04
1.516800000000000000e+04
2.323200000000000000e+04
4.463600000000000000e+04
3.918200000000000000e+04
1.926600000000000000e+04
1.329400000000000000e+04
1.660300000000000000e+04
1.906800000000000000e+04
2.243800000000000000e+04
3.618000000000000000e+04
4.398100000000000000e+04
6.360400000000000000e+04
5.257100000000000000e+04
3.176200000000000000e+04
2.321500000000000000e+04
2.006100000000000000e+04
1.396300000000000000e+04
1.428600000000000000e+04
1.607300000000000000e+04
2.420500000000000000e+04
3.867800000000000000e+04
4.529000000000000000e+04
3.799000000000000000e+04
2.399200000000000000e+04
1.657900000000000000e+04
1.452100000000000000e+04
1.193100000000000000e+04
1.466600000000000000e+04
1.679600000000000000e+04
2.640700000000000000e+04
3.442100000000000000e+04
3.176300000000000000e+04
2.818400000000000000e+04
2.085900000000000000e+04
1.746900000000000000e+04
1.450700000000000000e+04
1.245000000000000000e+04
1.478300000000000000e+04
1.878300000000000000e+04
3.225600000000000000e+04
3.380900000000000000e+04
3.014600000000000000e+04
2.755000000000000000e+04
2.031600000000000000e+04
1.848900000000000000e+04
1.366800000000000000e+04
1.502700000000000000e+04
1.672100000000000000e+04
2.295000000000000000e+04
3.417000000000000000e+04
3.020100000000000000e+04
3.478400000000000000e+04
2.968200000000000000e+04
2.205600000000000000e+04
2.002400000000000000e+04
1.408100000000000000e+04
1.784800000000000000e+04
1.648400000000000000e+04
2.069300000000000000e+04
2.181300000000000000e+04
2.499700000000000000e+04
3.430400000000000000e+04
2.543300000000000000e+04
2.500500000000000000e+04
1.817800000000000000e+04
1.882100000000000000e+04
2.509600000000000000e+04
3.211800000000000000e+04
5.320800000000000000e+04
5.212000000000000000e+04
3.586900000000000000e+04
2.099000000000000000e+04
1.818400000000000000e+04
1.510400000000000000e+04
1.371700000000000000e+04
1.964900000000000000e+04
2.649100000000000000e+04
4.326300000000000000e+04
6.399400000000000000e+04
6.104600000000000000e+04
3.704000000000000000e+04
2.271800000000000000e+04
2.119100000000000000e+04
1.439300000000000000e+04
1.635100000000000000e+04
2.056300000000000000e+04
3.182300000000000000e+04
5.096700000000000000e+04
6.671200000000000000e+04
5.884200000000000000e+04
2.891400000000000000e+04
1.826000000000000000e+04
1.743200000000000000e+04
1.344700000000000000e+04
1.311200000000000000e+04
1.276300000000000000e+04
1.165900000000000000e+04
1.976100000000000000e+04
3.545700000000000000e+04
3.422800000000000000e+04
2.221700000000000000e+04
1.669400000000000000e+04
1.731600000000000000e+04
1.655600000000000000e+04
2.207600000000000000e+04
3.040000000000000000e+04
4.094900000000000000e+04
4.585000000000000000e+04
3.240100000000000000e+04
2.536600000000000000e+04
2.215900000000000000e+04
2.502000000000000000e+04
1.729400000000000000e+04
2.089800000000000000e+04
2.349200000000000000e+04
3.517300000000000000e+04
4.711000000000000000e+04
3.867900000000000000e+04
2.942100000000000000e+04
2.102100000000000000e+04
2.168100000000000000e+04
2.363100000000000000e+04
1.802700000000000000e+04
2.548100000000000000e+04
2.745500000000000000e+04
4.068500000000000000e+04
4.174900000000000000e+04
3.067800000000000000e+04
2.478300000000000000e+04
1.925200000000000000e+04
2.674900000000000000e+04
2.374900000000000000e+04
2.639400000000000000e+04
3.345000000000000000e+04
3.964400000000000000e+04
5.835500000000000000e+04
5.241400000000000000e+04
3.457600000000000000e+04
2.453400000000000000e+04
2.542700000000000000e+04
2.002900000000000000e+04
1.933600000000000000e+04
2.430500000000000000e+04
3.045700000000000000e+04
4.415300000000000000e+04
5.240600000000000000e+04
4.328100000000000000e+04
2.602400000000000000e+04
2.112500000000000000e+04
2.293500000000000000e+04
1.716600000000000000e+04
2.093900000000000000e+04
2.591700000000000000e+04
3.547300000000000000e+04
4.939600000000000000e+04
4.685800000000000000e+04
3.304500000000000000e+04
1.931200000000000000e+04
1.803200000000000000e+04
1.913900000000000000e+04
1.540500000000000000e+04
2.035300000000000000e+04
2.312400000000000000e+04
3.283200000000000000e+04
4.062800000000000000e+04
3.333800000000000000e+04
2.448400000000000000e+04
1.725300000000000000e+04
1.740400000000000000e+04
1.519200000000000000e+04
1.458800000000000000e+04
2.081400000000000000e+04
2.404800000000000000e+04
3.464200000000000000e+04
3.369900000000000000e+04
2.684100000000000000e+04
2.388100000000000000e+04
1.999800000000000000e+04
1.919000000000000000e+04
1.346900000000000000e+04
1.659000000000000000e+04
2.168400000000000000e+04
2.848400000000000000e+04
3.969200000000000000e+04
4.093300000000000000e+04
3.805600000000000000e+04
2.961800000000000000e+04
2.356600000000000000e+04
2.051800000000000000e+04
1.316200000000000000e+04
1.139900000000000000e+04
9.852000000000000000e+03
1.242300000000000000e+04
2.879600000000000000e+04
4.075900000000000000e+04
2.415100000000000000e+04
1.259100000000000000e+04
1.172500000000000000e+04
1.701100000000000000e+04
1.762000000000000000e+04
2.762700000000000000e+04
3.766200000000000000e+04
4.798600000000000000e+04
5.487500000000000000e+04
4.352300000000000000e+04
3.216900000000000000e+04
3.008400000000000000e+04
1.913200000000000000e+04
1.565700000000000000e+04
1.866800000000000000e+04
2.371200000000000000e+04
3.457500000000000000e+04
4.359000000000000000e+04
4.565100000000000000e+04
3.123600000000000000e+04
2.402700000000000000e+04
2.130600000000000000e+04
1.474800000000000000e+04
1.654600000000000000e+04
2.074700000000000000e+04
2.850800000000000000e+04
3.678100000000000000e+04
3.826800000000000000e+04
3.015200000000000000e+04
1.910100000000000000e+04
1.769700000000000000e+04
1.572300000000000000e+04
1.351400000000000000e+04
1.803300000000000000e+04
2.364400000000000000e+04
3.591000000000000000e+04
4.732600000000000000e+04
3.911900000000000000e+04
2.499400000000000000e+04
1.700200000000000000e+04
1.750700000000000000e+04
1.537800000000000000e+04
1.569200000000000000e+04
1.979100000000000000e+04
2.901300000000000000e+04
4.585700000000000000e+04
4.832900000000000000e+04
3.189400000000000000e+04
1.895100000000000000e+04
1.717500000000000000e+04
1.875300000000000000e+04
1.352300000000000000e+04
1.644200000000000000e+04
2.367800000000000000e+04
3.454700000000000000e+04
4.274500000000000000e+04
3.709100000000000000e+04
2.230000000000000000e+04
1.426500000000000000e+04
1.635000000000000000e+04
1.575100000000000000e+04
1.647700000000000000e+04
2.667800000000000000e+04
3.026000000000000000e+04
4.076000000000000000e+04
4.647000000000000000e+04
4.048400000000000000e+04
2.582100000000000000e+04
1.857200000000000000e+04
1.625300000000000000e+04
1.348100000000000000e+04
2.064400000000000000e+04
2.820700000000000000e+04
3.351300000000000000e+04
4.537000000000000000e+04
4.519400000000000000e+04
3.419700000000000000e+04
2.460600000000000000e+04
2.576600000000000000e+04
2.200200000000000000e+04
1.666900000000000000e+04
1.773700000000000000e+04
2.277200000000000000e+04
3.409700000000000000e+04
4.325100000000000000e+04
3.790100000000000000e+04
2.268700000000000000e+04
1.503200000000000000e+04
1.782400000000000000e+04
1.674900000000000000e+04
1.239000000000000000e+04
1.269600000000000000e+04
1.038100000000000000e+04
1.134100000000000000e+04
1.965400000000000000e+04
2.557300000000000000e+04
1.904600000000000000e+04
1.329000000000000000e+04
1.369300000000000000e+04
1.453800000000000000e+04
1.534900000000000000e+04
2.275000000000000000e+04
2.477800000000000000e+04
2.676000000000000000e+04
2.050000000000000000e+04
1.545700000000000000e+04
1.718100000000000000e+04
2.350300000000000000e+04
1.891300000000000000e+04
1.671800000000000000e+04
2.298800000000000000e+04
2.294500000000000000e+04
3.131500000000000000e+04
3.175000000000000000e+04
2.645400000000000000e+04
2.367200000000000000e+04
1.860100000000000000e+04
2.010300000000000000e+04
1.712900000000000000e+04
1.888800000000000000e+04
2.643200000000000000e+04
3.003100000000000000e+04
3.861400000000000000e+04
3.152600000000000000e+04
2.150100000000000000e+04
1.626900000000000000e+04
1.825000000000000000e+04
2.132100000000000000e+04
1.671600000000000000e+04
2.321600000000000000e+04
2.803800000000000000e+04
3.869700000000000000e+04
4.492500000000000000e+04
3.499500000000000000e+04
2.381400000000000000e+04
2.175500000000000000e+04
1.958300000000000000e+04
1.362800000000000000e+04
1.822900000000000000e+04
2.244300000000000000e+04
3.000600000000000000e+04
4.020600000000000000e+04
4.044300000000000000e+04
3.319400000000000000e+04
2.491200000000000000e+04
2.300800000000000000e+04
1.563900000000000000e+04
1.242700000000000000e+04
1.655400000000000000e+04
1.975300000000000000e+04
2.882100000000000000e+04
3.458300000000000000e+04
3.186500000000000000e+04
2.431200000000000000e+04
1.818600000000000000e+04
2.186600000000000000e+04
1.931200000000000000e+04
1.770400000000000000e+04
2.361900000000000000e+04
2.675400000000000000e+04
3.688100000000000000e+04
3.472700000000000000e+04
2.290500000000000000e+04
1.533900000000000000e+04
1.741600000000000000e+04
1.993700000000000000e+04
1.496800000000000000e+04
1.728700000000000000e+04
2.054400000000000000e+04
2.381800000000000000e+04
2.768800000000000000e+04
2.171400000000000000e+04
1.624700000000000000e+04
1.471000000000000000e+04
1.706900000000000000e+04
1.687300000000000000e+04
1.482900000000000000e+04
1.792100000000000000e+04
1.924600000000000000e+04
2.342200000000000000e+04
2.259600000000000000e+04
2.160400000000000000e+04
2.640900000000000000e+04
2.289200000000000000e+04
2.115800000000000000e+04
1.737100000000000000e+04
1.136600000000000000e+04
1.014500000000000000e+04
9.442000000000000000e+03
1.364800000000000000e+04
2.747600000000000000e+04
3.481900000000000000e+04
2.326100000000000000e+04
1.381800000000000000e+04
1.734500000000000000e+04
2.025500000000000000e+04
1.897300000000000000e+04
2.475700000000000000e+04
3.028500000000000000e+04
3.524400000000000000e+04
3.061600000000000000e+04
2.087000000000000000e+04
2.013300000000000000e+04
2.047600000000000000e+04
1.547400000000000000e+04
1.730300000000000000e+04
1.970400000000000000e+04
2.331700000000000000e+04
3.171700000000000000e+04
3.112300000000000000e+04
2.588400000000000000e+04
1.814600000000000000e+04
1.739800000000000000e+04
1.585900000000000000e+04
1.355900000000000000e+04
1.996900000000000000e+04
2.389500000000000000e+04
3.275800000000000000e+04
3.817300000000000000e+04
3.086400000000000000e+04
2.208600000000000000e+04
1.551000000000000000e+04
1.635900000000000000e+04
1.307500000000000000e+04
1.338500000000000000e+04
1.795200000000000000e+04
2.012600000000000000e+04
2.607100000000000000e+04
2.684800000000000000e+04
2.000700000000000000e+04
1.324500000000000000e+04
1.245000000000000000e+04
1.613800000000000000e+04
1.299500000000000000e+04
1.717100000000000000e+04
2.087200000000000000e+04
2.576000000000000000e+04
2.912300000000000000e+04
2.189500000000000000e+04
1.619300000000000000e+04
1.276100000000000000e+04
1.676300000000000000e+04
1.697300000000000000e+04
1.389400000000000000e+04
1.931300000000000000e+04
2.206200000000000000e+04
2.925200000000000000e+04
3.097100000000000000e+04
2.245200000000000000e+04
1.861400000000000000e+04
1.694700000000000000e+04
2.132300000000000000e+04
1.656700000000000000e+04
1.878000000000000000e+04
2.295500000000000000e+04
2.928100000000000000e+04
3.778200000000000000e+04
3.442300000000000000e+04
2.365300000000000000e+04
1.795300000000000000e+04
1.981600000000000000e+04
1.554000000000000000e+04
1.530100000000000000e+04
1.972300000000000000e+04
2.256800000000000000e+04
2.959200000000000000e+04
3.188800000000000000e+04
2.678000000000000000e+04
1.999900000000000000e+04
2.075400000000000000e+04
1.861300000000000000e+04
1.317900000000000000e+04
1.682300000000000000e+04
2.031900000000000000e+04
2.478100000000000000e+04
3.251300000000000000e+04
3.394400000000000000e+04
2.465300000000000000e+04
1.612900000000000000e+04
1.597100000000000000e+04
1.453400000000000000e+04
9.421000000000000000e+03
9.223000000000000000e+03
8.552000000000000000e+03
9.731000000000000000e+03
1.851400000000000000e+04
3.075000000000000000e+04
2.796200000000000000e+04
1.783100000000000000e+04
1.209100000000000000e+04
1.490600000000000000e+04
1.515100000000000000e+04
1.630800000000000000e+04
2.030700000000000000e+04
2.315900000000000000e+04
2.264000000000000000e+04
1.584500000000000000e+04
1.242800000000000000e+04
1.609400000000000000e+04
2.074300000000000000e+04
1.479300000000000000e+04
1.799700000000000000e+04
2.074200000000000000e+04
2.565200000000000000e+04
3.076100000000000000e+04
2.293200000000000000e+04
1.590200000000000000e+04
1.333000000000000000e+04
1.734900000000000000e+04
1.928000000000000000e+04
1.634500000000000000e+04
2.200200000000000000e+04
2.376700000000000000e+04
2.754400000000000000e+04
2.845200000000000000e+04
1.916200000000000000e+04
1.452500000000000000e+04
1.581500000000000000e+04
2.057700000000000000e+04
1.634800000000000000e+04
1.848800000000000000e+04
2.338900000000000000e+04
2.907800000000000000e+04
3.614100000000000000e+04
3.230100000000000000e+04
2.266700000000000000e+04
1.959400000000000000e+04
2.269300000000000000e+04
1.665800000000000000e+04
1.439400000000000000e+04
1.943400000000000000e+04
2.221500000000000000e+04
2.752000000000000000e+04
2.783000000000000000e+04
2.212300000000000000e+04
1.665700000000000000e+04
1.848300000000000000e+04
1.909000000000000000e+04
1.365700000000000000e+04
1.432700000000000000e+04
1.753500000000000000e+04
2.217500000000000000e+04
2.785200000000000000e+04
2.502800000000000000e+04
1.680900000000000000e+04
1.223600000000000000e+04
1.483300000000000000e+04
1.559000000000000000e+04
1.196400000000000000e+04
1.491100000000000000e+04
1.621400000000000000e+04
1.782300000000000000e+04
1.905900000000000000e+04
1.427100000000000000e+04
1.068700000000000000e+04
1.109600000000000000e+04
1.637100000000000000e+04
1.426200000000000000e+04
1.297100000000000000e+04
1.607500000000000000e+04
1.547800000000000000e+04
1.876600000000000000e+04
1.621800000000000000e+04
1.121100000000000000e+04
1.005300000000000000e+04
1.197000000000000000e+04
1.712600000000000000e+04
1.391900000000000000e+04
1.533000000000000000e+04
1.789900000000000000e+04
1.736600000000000000e+04
2.151600000000000000e+04
1.590300000000000000e+04
1.555800000000000000e+04
1.583100000000000000e+04
1.546400000000000000e+04
1.464900000000000000e+04
9.530000000000000000e+03
7.761000000000000000e+03
8.118000000000000000e+03
1.079200000000000000e+04
1.980400000000000000e+04
2.686600000000000000e+04
1.876300000000000000e+04
1.097000000000000000e+04
1.064600000000000000e+04
1.532900000000000000e+04
1.563200000000000000e+04
1.676800000000000000e+04
2.105000000000000000e+04
2.317600000000000000e+04
2.250600000000000000e+04
1.665600000000000000e+04
1.363500000000000000e+04
1.556000000000000000e+04
1.419000000000000000e+04
1.251400000000000000e+04
1.644400000000000000e+04
1.899000000000000000e+04
2.421600000000000000e+04
2.377000000000000000e+04
1.771000000000000000e+04
1.354300000000000000e+04
1.360600000000000000e+04
1.426800000000000000e+04
1.158900000000000000e+04
1.329200000000000000e+04
1.685500000000000000e+04
1.857300000000000000e+04
2.237400000000000000e+04
2.054500000000000000e+04
1.496500000000000000e+04
1.258500000000000000e+04
1.652300000000000000e+04
1.825200000000000000e+04
1.263600000000000000e+04
1.594800000000000000e+04
1.657000000000000000e+04
2.002000000000000000e+04
2.209500000000000000e+04
1.701800000000000000e+04
1.558800000000000000e+04
1.500700000000000000e+04
1.971800000000000000e+04
1.764100000000000000e+04
1.421300000000000000e+04
1.726900000000000000e+04
1.552400000000000000e+04
1.841300000000000000e+04
1.729500000000000000e+04
1.475000000000000000e+04
1.482200000000000000e+04
1.604200000000000000e+04
1.973400000000000000e+04
1.378500000000000000e+04
1.458700000000000000e+04
1.579300000000000000e+04
1.505100000000000000e+04
1.574100000000000000e+04
1.277400000000000000e+04
1.328300000000000000e+04
1.298000000000000000e+04
1.774100000000000000e+04
1.862200000000000000e+04
1.428400000000000000e+04
1.944000000000000000e+04
1.994200000000000000e+04
2.394600000000000000e+04
2.257200000000000000e+04
1.379700000000000000e+04
1.139100000000000000e+04
1.480400000000000000e+04
1.713600000000000000e+04
1.283800000000000000e+04
1.418100000000000000e+04
1.639500000000000000e+04
1.687500000000000000e+04
1.808200000000000000e+04
1.564300000000000000e+04
1.092400000000000000e+04
1.012800000000000000e+04
1.480400000000000000e+04
1.541600000000000000e+04
1.172200000000000000e+04
1.623100000000000000e+04
1.486000000000000000e+04
1.693000000000000000e+04
1.824000000000000000e+04
1.483500000000000000e+04
1.759300000000000000e+04
1.869500000000000000e+04
1.728600000000000000e+04
1.162800000000000000e+04
8.026000000000000000e+03
7.910000000000000000e+03
9.815000000000000000e+03
1.521000000000000000e+04
2.227500000000000000e+04
1.883800000000000000e+04
1.248800000000000000e+04
9.474000000000000000e+03
1.070100000000000000e+04
1.192300000000000000e+04
9.970000000000000000e+03
1.014300000000000000e+04
9.939000000000000000e+03
1.097200000000000000e+04
1.178400000000000000e+04
1.438900000000000000e+04
1.638900000000000000e+04
1.963800000000000000e+04
1.523900000000000000e+04
1.166400000000000000e+04
1.264400000000000000e+04
1.096500000000000000e+04
1.248300000000000000e+04
1.085600000000000000e+04
1.142100000000000000e+04
1.398000000000000000e+04
1.627500000000000000e+04
1.633600000000000000e+04
1.145300000000000000e+04
1.156100000000000000e+04
1.143100000000000000e+04
1.132900000000000000e+04
1.225900000000000000e+04
9.309000000000000000e+03
1.065500000000000000e+04
1.530400000000000000e+04
2.052300000000000000e+04
1.623300000000000000e+04
1.270200000000000000e+04
1.587600000000000000e+04
1.451700000000000000e+04
1.746600000000000000e+04
1.800500000000000000e+04
1.501200000000000000e+04
1.557000000000000000e+04
1.817000000000000000e+04
1.550500000000000000e+04
1.021900000000000000e+04
1.138200000000000000e+04
1.156600000000000000e+04
1.175600000000000000e+04
1.349300000000000000e+04
1.197100000000000000e+04
1.102600000000000000e+04
1.185100000000000000e+04
1.235800000000000000e+04
1.047500000000000000e+04
8.934000000000000000e+03
1.035400000000000000e+04
1.051100000000000000e+04
1.205700000000000000e+04
1.428500000000000000e+04
1.409100000000000000e+04
1.471700000000000000e+04
1.567900000000000000e+04
1.331000000000000000e+04
9.560000000000000000e+03
9.433000000000000000e+03
9.862000000000000000e+03
9.775000000000000000e+03
1.194900000000000000e+04
1.246000000000000000e+04
1.209300000000000000e+04
1.312900000000000000e+04
1.302400000000000000e+04
1.021900000000000000e+04
8.541000000000000000e+03
9.776000000000000000e+03
9.854000000000000000e+03
1.111900000000000000e+04
1.355600000000000000e+04
1.367900000000000000e+04
1.574000000000000000e+04
1.910800000000000000e+04
1.796400000000000000e+04
1.271900000000000000e+04
9.633000000000000000e+03
9.961000000000000000e+03
9.690000000000000000e+03
1.248200000000000000e+04
1.410600000000000000e+04
1.456900000000000000e+04
1.773500000000000000e+04
1.486200000000000000e+04
1.108700000000000000e+04
1.006900000000000000e+04
8.283000000000000000e+03
8.180000000000000000e+03
9.527000000000000000e+03
1.233400000000000000e+04
1.460000000000000000e+04
1.314500000000000000e+04
1.055800000000000000e+04
8.929000000000000000e+03
8.990000000000000000e+03
9.109000000000000000e+03
8.683000000000000000e+03
1.107700000000000000e+04
1.472700000000000000e+04
1.794300000000000000e+04
2.081800000000000000e+04
1.920400000000000000e+04
1.385800000000000000e+04
9.871000000000000000e+03
8.228000000000000000e+03
7.931000000000000000e+03
7.687000000000000000e+03
9.186000000000000000e+03
1.149100000000000000e+04
1.273900000000000000e+04
1.486800000000000000e+04
1.550000000000000000e+04
1.231200000000000000e+04
8.819000000000000000e+03
8.176000000000000000e+03
8.062000000000000000e+03
8.084000000000000000e+03
1.037100000000000000e+04
1.266900000000000000e+04
1.308600000000000000e+04
1.301500000000000000e+04
1.237800000000000000e+04
1.027000000000000000e+04
8.244000000000000000e+03
7.881000000000000000e+03
8.054000000000000000e+03
8.027000000000000000e+03
9.822000000000000000e+03
1.264000000000000000e+04
1.265000000000000000e+04
1.208800000000000000e+04
1.157400000000000000e+04
9.418000000000000000e+03
8.745000000000000000e+03
9.187000000000000000e+03
8.218000000000000000e+03
8.893000000000000000e+03
1.032400000000000000e+04
1.098800000000000000e+04
1.425700000000000000e+04
1.898400000000000000e+04
1.750300000000000000e+04
1.128200000000000000e+04
9.358000000000000000e+03
8.863000000000000000e+03
7.932000000000000000e+03
9.047000000000000000e+03
9.757000000000000000e+03
1.034900000000000000e+04
1.417900000000000000e+04
1.700300000000000000e+04
1.258300000000000000e+04
9.078000000000000000e+03
9.515000000000000000e+03
9.020000000000000000e+03
1.024400000000000000e+04
1.295800000000000000e+04
1.496800000000000000e+04
1.614800000000000000e+04
1.532700000000000000e+04
1.127900000000000000e+04
8.472000000000000000e+03
8.420000000000000000e+03
8.465000000000000000e+03
9.469000000000000000e+03
1.128200000000000000e+04
1.438200000000000000e+04
1.978000000000000000e+04
2.195400000000000000e+04
1.715100000000000000e+04
1.063800000000000000e+04
8.918000000000000000e+03
9.106000000000000000e+03
8.631000000000000000e+03
9.244000000000000000e+03
1.046600000000000000e+04
1.170300000000000000e+04
1.465800000000000000e+04
1.502700000000000000e+04
1.153000000000000000e+04
9.086000000000000000e+03
8.024000000000000000e+03
7.375000000000000000e+03
8.057000000000000000e+03
9.322000000000000000e+03
1.113900000000000000e+04
1.280300000000000000e+04
1.177900000000000000e+04
1.103000000000000000e+04
1.055500000000000000e+04
8.956000000000000000e+03
7.916000000000000000e+03
8.141000000000000000e+03
8.976000000000000000e+03
1.027500000000000000e+04
1.082400000000000000e+04
1.158400000000000000e+04
1.263200000000000000e+04
1.280600000000000000e+04
1.096200000000000000e+04
8.661000000000000000e+03
8.587000000000000000e+03
9.121000000000000000e+03
1.019900000000000000e+04
1.364500000000000000e+04
1.527500000000000000e+04
1.525100000000000000e+04
1.475300000000000000e+04
1.140300000000000000e+04
8.612000000000000000e+03
8.704000000000000000e+03
8.588000000000000000e+03
8.081000000000000000e+03
9.554000000000000000e+03
1.040900000000000000e+04
9.635000000000000000e+03
1.016300000000000000e+04
1.065200000000000000e+04
9.119000000000000000e+03
7.818000000000000000e+03
7.840000000000000000e+03
8.625000000000000000e+03
1.008700000000000000e+04
1.263900000000000000e+04
1.790900000000000000e+04
2.398900000000000000e+04
2.337300000000000000e+04
1.573500000000000000e+04
1.035500000000000000e+04
9.161000000000000000e+03
8.355000000000000000e+03
7.982000000000000000e+03
9.371000000000000000e+03
9.963000000000000000e+03
1.095600000000000000e+04
1.468400000000000000e+04
1.549700000000000000e+04
1.140800000000000000e+04
9.088000000000000000e+03
9.583000000000000000e+03
9.599000000000000000e+03
1.028000000000000000e+04
1.274500000000000000e+04
1.551400000000000000e+04
1.763000000000000000e+04
1.606900000000000000e+04
1.148100000000000000e+04
8.336000000000000000e+03
8.085000000000000000e+03
8.436000000000000000e+03
8.669000000000000000e+03
9.691000000000000000e+03
1.148600000000000000e+04
1.358300000000000000e+04
1.472600000000000000e+04
1.376200000000000000e+04
1.047900000000000000e+04
8.611000000000000000e+03
8.941000000000000000e+03
8.386000000000000000e+03
8.000000000000000000e+03
9.086000000000000000e+03
9.284000000000000000e+03
9.060000000000000000e+03
1.099200000000000000e+04
1.207800000000000000e+04
9.923000000000000000e+03
8.383000000000000000e+03
8.664000000000000000e+03
8.486000000000000000e+03
9.186000000000000000e+03
1.203800000000000000e+04
1.315600000000000000e+04
1.294000000000000000e+04
1.165700000000000000e+04
9.317000000000000000e+03
8.899000000000000000e+03
9.065000000000000000e+03
8.282000000000000000e+03
8.903000000000000000e+03
1.019000000000000000e+04
1.192800000000000000e+04
1.310100000000000000e+04
1.222600000000000000e+04
1.048400000000000000e+04
9.337000000000000000e+03
8.831000000000000000e+03
8.247000000000000000e+03
9.201000000000000000e+03
1.152900000000000000e+04
1.289300000000000000e+04
1.446800000000000000e+04
1.583400000000000000e+04
1.343900000000000000e+04
9.384000000000000000e+03
8.445000000000000000e+03
8.576000000000000000e+03
9.158000000000000000e+03
1.149000000000000000e+04
1.389000000000000000e+04
1.678500000000000000e+04
2.010800000000000000e+04
2.085900000000000000e+04
1.631300000000000000e+04
1.129900000000000000e+04
8.736000000000000000e+03
8.436000000000000000e+03
8.043000000000000000e+03
8.158000000000000000e+03
1.012100000000000000e+04
1.155500000000000000e+04
1.117400000000000000e+04
1.152100000000000000e+04
1.068600000000000000e+04
8.526000000000000000e+03
8.614000000000000000e+03
9.059000000000000000e+03
8.518000000000000000e+03
1.004700000000000000e+04
1.268000000000000000e+04
1.301400000000000000e+04
1.259300000000000000e+04
1.194900000000000000e+04
9.620000000000000000e+03
8.185000000000000000e+03
8.407000000000000000e+03
8.221000000000000000e+03
8.454000000000000000e+03
9.878000000000000000e+03
1.026200000000000000e+04
1.108700000000000000e+04
1.341500000000000000e+04
1.314700000000000000e+04
9.879000000000000000e+03
8.241000000000000000e+03
8.390000000000000000e+03
7.932000000000000000e+03
8.296000000000000000e+03
9.559000000000000000e+03
9.281000000000000000e+03
9.159000000000000000e+03
1.013300000000000000e+04
9.160000000000000000e+03
7.679000000000000000e+03
7.573000000000000000e+03
8.201000000000000000e+03
8.673000000000000000e+03
1.002700000000000000e+04
1.238100000000000000e+04
1.530100000000000000e+04
1.611100000000000000e+04
1.296500000000000000e+04
8.975000000000000000e+03
8.284000000000000000e+03
8.726000000000000000e+03
8.426000000000000000e+03
8.923000000000000000e+03
1.035700000000000000e+04
1.152100000000000000e+04
1.281700000000000000e+04
1.318300000000000000e+04
1.096600000000000000e+04
8.279000000000000000e+03
8.406000000000000000e+03
9.533000000000000000e+03
1.012500000000000000e+04
1.146700000000000000e+04
1.300600000000000000e+04
1.307700000000000000e+04
1.161400000000000000e+04
9.838000000000000000e+03
9.035000000000000000e+03
8.312000000000000000e+03
7.967000000000000000e+03
9.790000000000000000e+03
1.245100000000000000e+04
1.472100000000000000e+04
1.580600000000000000e+04
1.370300000000000000e+04
1.008700000000000000e+04
8.144000000000000000e+03
7.979000000000000000e+03
8.456000000000000000e+03
8.304000000000000000e+03
8.623000000000000000e+03
1.081200000000000000e+04
1.173600000000000000e+04
1.047700000000000000e+04
1.019000000000000000e+04
9.807000000000000000e+03
8.420000000000000000e+03
7.348000000000000000e+03
7.199000000000000000e+03
6.969000000000000000e+03
6.895000000000000000e+03
7.175000000000000000e+03
7.487000000000000000e+03
8.326000000000000000e+03
1.008700000000000000e+04
1.076100000000000000e+04
8.777000000000000000e+03
7.762000000000000000e+03
8.169000000000000000e+03
7.848000000000000000e+03
7.641000000000000000e+03
8.399000000000000000e+03
8.620000000000000000e+03
8.849000000000000000e+03
9.650000000000000000e+03
9.588000000000000000e+03
8.338000000000000000e+03
7.653000000000000000e+03
8.442000000000000000e+03
8.352000000000000000e+03
8.818000000000000000e+03
1.140500000000000000e+04
1.315700000000000000e+04
1.164400000000000000e+04
9.051000000000000000e+03
7.411000000000000000e+03
7.326000000000000000e+03
8.170000000000000000e+03
8.656000000000000000e+03
9.375000000000000000e+03
1.240600000000000000e+04
1.743900000000000000e+04
1.905700000000000000e+04
1.500500000000000000e+04
9.936000000000000000e+03
8.407000000000000000e+03
8.625000000000000000e+03
8.689000000000000000e+03
8.304000000000000000e+03
9.157000000000000000e+03
1.116600000000000000e+04
1.255700000000000000e+04
1.234200000000000000e+04
1.053800000000000000e+04
8.243000000000000000e+03
7.480000000000000000e+03
8.033000000000000000e+03
8.680000000000000000e+03
8.932000000000000000e+03
1.116400000000000000e+04
1.388100000000000000e+04
1.373100000000000000e+04
1.063000000000000000e+04
7.885000000000000000e+03
7.024000000000000000e+03
7.219000000000000000e+03
7.660000000000000000e+03
7.637000000000000000e+03
7.788000000000000000e+03
8.595000000000000000e+03
1.002800000000000000e+04
1.089600000000000000e+04
1.018600000000000000e+04
8.850000000000000000e+03
7.622000000000000000e+03
7.786000000000000000e+03
9.361000000000000000e+03
1.130300000000000000e+04
1.295300000000000000e+04
1.551300000000000000e+04
1.660800000000000000e+04
1.372500000000000000e+04
9.492000000000000000e+03
7.800000000000000000e+03
7.370000000000000000e+03
7.201000000000000000e+03
7.515000000000000000e+03
7.909000000000000000e+03
8.647000000000000000e+03
1.024400000000000000e+04
1.170900000000000000e+04
1.165900000000000000e+04
1.075600000000000000e+04
8.832000000000000000e+03
7.386000000000000000e+03
7.714000000000000000e+03
9.402000000000000000e+03
1.109500000000000000e+04
1.331200000000000000e+04
1.518800000000000000e+04
1.418100000000000000e+04
1.081900000000000000e+04
8.620000000000000000e+03
8.604000000000000000e+03
8.715000000000000000e+03
8.227000000000000000e+03
9.049000000000000000e+03
1.226400000000000000e+04
1.508000000000000000e+04
1.467800000000000000e+04
1.189900000000000000e+04
8.889000000000000000e+03
7.546000000000000000e+03
8.037000000000000000e+03
9.520000000000000000e+03
1.018600000000000000e+04
1.181900000000000000e+04
1.570600000000000000e+04
1.978700000000000000e+04
1.824700000000000000e+04
1.254400000000000000e+04
8.548000000000000000e+03
8.121000000000000000e+03
8.531000000000000000e+03
8.854000000000000000e+03
9.867000000000000000e+03
1.165800000000000000e+04
1.289500000000000000e+04
1.238000000000000000e+04
1.059600000000000000e+04
8.551000000000000000e+03
7.465000000000000000e+03
8.473000000000000000e+03
9.739000000000000000e+03
1.013800000000000000e+04
1.131000000000000000e+04
1.391500000000000000e+04
1.593500000000000000e+04
1.420000000000000000e+04
1.039500000000000000e+04
