4.023900000000000728e+04
2.882190000000001237e+04
3.697250000000000000e+04
6.021790000000000146e+04
1.014839999999999563e+05
1.873384000000000233e+05
2.536561999999998661e+05
2.162734999999999127e+05
1.134339999999999709e+05
4.581449999999994907e+04
3.376500000000000728e+04
3.543840000000000146e+04
3.140189999999999418e+04
4.628490000000001601e+04
1.083459000000000087e+05
1.833724999999999709e+05
2.002775000000001746e+05
1.417229000000000524e+05
6.754730000000000291e+04
3.181990000000000509e+04
3.166000000000001091e+04
3.439459999999999854e+04
3.698920000000001164e+04
6.856690000000003783e+04
1.370596999999999825e+05
1.915040000000000000e+05
1.724338000000000175e+05
9.619700000000000000e+04
3.979549999999999272e+04
2.938919999999999709e+04
3.239750000000001455e+04
3.231009999999999854e+04
4.498659999999999854e+04
8.013209999999997672e+04
1.234355999999999913e+05
1.427699999999999709e+05
1.148139000000000233e+05
6.135070000000000437e+04
3.241460000000000218e+04
3.227269999999999345e+04
3.307020000000000437e+04
3.755679999999999563e+04
6.406010000000004948e+04
9.991100000000000000e+04
1.175095999999999913e+05
1.071096000000000495e+05
7.490030000000000291e+04
4.181309999999999854e+04
2.584059999999999491e+04
2.605790000000000509e+04
2.894100000000000000e+04
3.855830000000000291e+04
6.414650000000000000e+04
8.665040000000000873e+04
8.520510000000000582e+04
6.698059999999997672e+04
5.025250000000000728e+04
3.501510000000000582e+04
2.564139999999999782e+04
3.688570000000000437e+04
4.890929999999998836e+04
7.317519999999996799e+04
1.670053000000000466e+05
2.738888000000000466e+05
2.778695000000000000e+05
1.922891000000000640e+05
9.502550000000005821e+04
4.181909999999997672e+04
3.826159999999999854e+04
4.021429999999999563e+04
4.355920000000001164e+04
9.874930000000000291e+04
2.032690999999999767e+05
2.636045000000000000e+05
2.234991999999999534e+05
1.432447999999999884e+05
7.202869999999998254e+04
4.127990000000001601e+04
4.477530000000001746e+04
4.216830000000000291e+04
7.164610000000002037e+04
1.738422999999999302e+05
2.702875000000000000e+05
2.662264000000000233e+05
1.803276999999999534e+05
1.037905000000000582e+05
5.380930000000000291e+04
3.296179999999998836e+04
3.801400000000001455e+04
3.735690000000001601e+04
5.752220000000001164e+04
6.668030000000001746e+04
6.722700000000000000e+04
1.283961999999999825e+05
1.516733000000000466e+05
1.082357999999999884e+05
7.214069999999998254e+04
4.528469999999998254e+04
5.230120000000000437e+04
6.015539999999997963e+04
1.215734000000000233e+05
2.677857000000001281e+05
2.754222999999999884e+05
1.372619999999999709e+05
4.817030000000001019e+04
2.603450000000000000e+04
2.077669999999999345e+04
2.572669999999999709e+04
4.316080000000000291e+04
7.971810000000002037e+04
1.765807999999999302e+05
2.694559999999998836e+05
2.086454000000001106e+05
8.693360000000002037e+04
3.839829999999998836e+04
2.633830000000000655e+04
2.257000000000000728e+04
2.996920000000000437e+04
5.290200000000000728e+04
1.188650999999999913e+05
2.375232000000000990e+05
2.692355000000001746e+05
1.535184999999999418e+05
5.160440000000000146e+04
2.828279999999999200e+04
2.341880000000000655e+04
2.626559999999999491e+04
4.061329999999999563e+04
8.486620000000002619e+04
2.074072000000000698e+05
3.790290999999998021e+05
3.620263999999999651e+05
1.685088999999999360e+05
7.159540000000003783e+04
4.913080000000000291e+04
3.358089999999999418e+04
4.138529999999998836e+04
6.062660000000001310e+04
1.329485000000000291e+05
2.715365000000000000e+05
3.460589000000000233e+05
2.264238000000000175e+05
9.069919999999996799e+04
6.582340000000002328e+04
4.618380000000001019e+04
4.607450000000000728e+04
6.370150000000000728e+04
1.031871999999999971e+05
2.363459999999998836e+05
3.658662999999999302e+05
3.236600000000000000e+05
1.536238000000001339e+05
6.784760000000002037e+04
6.148469999999998254e+04
4.748479999999998836e+04
6.017769999999998981e+04
7.680550000000000000e+04
1.427933000000000466e+05
2.479568999999999069e+05
2.598271000000000349e+05
1.658997000000000698e+05
6.662659999999999127e+04
4.885189999999997963e+04
5.080809999999999127e+04
4.596949999999999272e+04
6.157839999999997235e+04
9.665599999999998545e+04
2.000732000000000407e+05
2.801796999999998952e+05
2.284842999999999593e+05
1.130056999999999680e+05
4.353770000000000437e+04
4.011380000000001019e+04
4.199290000000002328e+04
5.188720000000000437e+04
7.610110000000000582e+04
1.357070000000000582e+05
2.187635000000000873e+05
2.177491000000000349e+05
1.380488999999999942e+05
6.004650000000003638e+04
3.182169999999999345e+04
4.013960000000002037e+04
4.015509999999998399e+04
4.578720000000002619e+04
6.772299999999997090e+04
8.039389999999997963e+04
7.176840000000005239e+04
1.200007000000000262e+05
1.821819999999999127e+05
1.241515999999999767e+05
6.434179999999998108e+04
5.862989999999999418e+04
4.092189999999997963e+04
6.108789999999999418e+04
9.695229999999994470e+04
2.186066000000000349e+05
4.240642000000001863e+05
3.962494999999999418e+05
1.803488000000000466e+05
7.684009999999999127e+04
4.652260000000002037e+04
2.974480000000000655e+04
3.792989999999999418e+04
5.170919999999997526e+04
1.149713999999999505e+05
2.511858999999999360e+05
3.453576999999997788e+05
2.399192000000000990e+05
9.437519999999995343e+04
6.419400000000001455e+04
4.548059999999999127e+04
4.745510000000000582e+04
7.001329999999998836e+04
1.120700000000000437e+05
2.617174999999998545e+05
4.109400000000000000e+05
3.624539000000001979e+05
1.706292999999999884e+05
6.744710000000000582e+04
5.940590000000001601e+04
4.072970000000000437e+04
5.027460000000000582e+04
7.123839999999995052e+04
1.387356000000000349e+05
2.553290999999999476e+05
2.691712000000001281e+05
1.706855000000000582e+05
6.846260000000000582e+04
4.841309999999998399e+04
4.663810000000002037e+04
4.032390000000000873e+04
6.220290000000000146e+04
1.018153999999999214e+05
2.201548999999999942e+05
3.120202999999999302e+05
2.596264999999998836e+05
1.326411000000000058e+05
4.921719999999999709e+04
4.183100000000000000e+04
3.876600000000001455e+04
4.169639999999999418e+04
6.311780000000003201e+04
1.197976999999999534e+05
2.107057999999999593e+05
2.333973000000000175e+05
1.609039000000000815e+05
6.783359999999999127e+04
3.438019999999998981e+04
3.603950000000000000e+04
3.400909999999999854e+04
4.125180000000001019e+04
6.380670000000001892e+04
1.384535000000000000e+05
2.719017000000000698e+05
3.368462999999998719e+05
2.140571999999999825e+05
8.355360000000000582e+04
5.727520000000000437e+04
3.593700000000000000e+04
3.489900000000002183e+04
4.633159999999999854e+04
8.439550000000001455e+04
2.033374000000000815e+05
3.538241000000000349e+05
3.574678999999999069e+05
1.898765999999999185e+05
9.727240000000000873e+04
6.929220000000001164e+04
3.848290000000002328e+04
4.501659999999998399e+04
4.909639999999999418e+04
1.147799999999999563e+05
2.263828999999999360e+05
3.098570000000001746e+05
2.582395999999999476e+05
1.157332000000000407e+05
7.281259999999999127e+04
5.180810000000000582e+04
4.277779999999999563e+04
5.914489999999999418e+04
7.512270000000002619e+04
1.111098999999999505e+05
9.725180000000001746e+04
1.384940999999999476e+05
2.032940000000000000e+05
1.221725000000000000e+05
6.873799999999998545e+04
6.817639999999997963e+04
4.948090000000001601e+04
7.983030000000000291e+04
1.207860000000000291e+05
2.198919000000000233e+05
2.519554000000000524e+05
1.405012000000000116e+05
5.819949999999998545e+04
3.182590000000000146e+04
4.125120000000001164e+04
3.650989999999998690e+04
4.966009999999999127e+04
8.079750000000000000e+04
1.856588000000000757e+05
3.097255999999999767e+05
2.635939999999999418e+05
1.331788000000001048e+05
5.242610000000000582e+04
5.228819999999998254e+04
5.051659999999998399e+04
5.212589999999998690e+04
7.035850000000004366e+04
1.198516999999999971e+05
2.223238999999999942e+05
2.278535000000000582e+05
1.609697999999999884e+05
8.033059999999997672e+04
4.158740000000000873e+04
4.209670000000001164e+04
2.824150000000000364e+04
2.755880000000000291e+04
3.933709999999999127e+04
9.676179999999994470e+04
2.238851000000000058e+05
3.648003999999999069e+05
3.178927000000000698e+05
1.800970000000000582e+05
1.271876999999999825e+05
7.595969999999999709e+04
5.323619999999998254e+04
5.173169999999999709e+04
7.578610000000003492e+04
1.588507999999999593e+05
3.446754999999997672e+05
4.728305999999999767e+05
3.187139000000002561e+05
1.742506999999999534e+05
1.232970999999999622e+05
6.491819999999998981e+04
5.328209999999997672e+04
5.274080000000001746e+04
9.958860000000000582e+04
1.999880000000000582e+05
3.646976999999999534e+05
3.435146000000001513e+05
1.714799999999999709e+05
1.159706000000000058e+05
6.943790000000002328e+04
4.482380000000001019e+04
4.656250000000000000e+04
8.641259999999997672e+04
1.945336000000000058e+05
3.424903999999998487e+05
4.020838999999999069e+05
2.169999000000000815e+05
9.534180000000003201e+04
8.045240000000003783e+04
4.554229999999999563e+04
4.804130000000000291e+04
6.007079999999999563e+04
1.291483999999999651e+05
2.434806999999999825e+05
3.239877999999998719e+05
2.375300999999999185e+05
8.510659999999997672e+04
4.985540000000002328e+04
3.893839999999999418e+04
3.114360000000000218e+04
3.920830000000001746e+04
6.898109999999999127e+04
1.654454999999999127e+05
2.765436000000000349e+05
2.737303000000000466e+05
1.512956999999999825e+05
5.484849999999999272e+04
4.361209999999999854e+04
4.094990000000000146e+04
4.025089999999998690e+04
5.723989999999996508e+04
6.812070000000002619e+04
7.634080000000000291e+04
7.165850000000000000e+04
1.492009000000000815e+05
1.763894999999998836e+05
8.392040000000002328e+04
5.176599999999998545e+04
3.744720000000000437e+04
3.102909999999998763e+04
4.403430000000000291e+04
1.070224000000000960e+05
2.256056999999999825e+05
2.780493000000003376e+05
1.914546000000000349e+05
8.320500000000002910e+04
6.225460000000000582e+04
4.294170000000001164e+04
3.589290000000000873e+04
4.040850000000000728e+04
7.792960000000000582e+04
1.709950999999999767e+05
2.925192000000000116e+05
3.246093999999999069e+05
1.701833000000000175e+05
8.303859999999996217e+04
6.444409999999999127e+04
3.548350000000000000e+04
3.121510000000000218e+04
4.119729999999998108e+04
1.030871999999999680e+05
2.238881000000000058e+05
3.466542000000000116e+05
2.551338999999999942e+05
9.733349999999998545e+04
6.425500000000000728e+04
3.973179999999999563e+04
3.031460000000000582e+04
3.484080000000000291e+04
6.236170000000001164e+04
1.308617000000000262e+05
1.941146000000000931e+05
1.759894000000000233e+05
8.913629999999997381e+04
3.430359999999999127e+04
2.642720000000000437e+04
2.374379999999999563e+04
2.679669999999999345e+04
4.077840000000002328e+04
7.425389999999999418e+04
1.373528000000000757e+05
1.467299000000000233e+05
9.465180000000001746e+04
5.033530000000002474e+04
2.796720000000000437e+04
2.850019999999999345e+04
2.560229999999999927e+04
2.712749999999999636e+04
3.471129999999999563e+04
6.507449999999996362e+04
9.583789999999999418e+04
7.755269999999998254e+04
6.217710000000000582e+04
4.082039999999999418e+04
2.713250000000000728e+04
2.753839999999999782e+04
2.537059999999999127e+04
3.489280000000000291e+04
5.109129999999996653e+04
1.013402000000000262e+05
1.337753000000000466e+05
1.051268999999999942e+05
5.022720000000000437e+04
2.671820000000000073e+04
2.501949999999999272e+04
1.965789999999999054e+04
2.199370000000000437e+04
2.759769999999998981e+04
4.905790000000001601e+04
7.542670000000004075e+04
8.473690000000002328e+04
5.871469999999998981e+04
2.914479999999999563e+04
2.131090000000000509e+04
1.786729999999999563e+04
1.834190000000000146e+04
2.231370000000000073e+04
3.077000000000000364e+04
5.557580000000000291e+04
7.514020000000001164e+04
6.158329999999996653e+04
3.848090000000000873e+04
2.264059999999999854e+04
1.896650000000000000e+04
1.823780000000000291e+04
1.920529999999999927e+04
2.128369999999998981e+04
2.172070000000000437e+04
2.662279999999999563e+04
3.845540000000000146e+04
4.461629999999998836e+04
3.021690000000000509e+04
1.866719999999999345e+04
1.798920000000000437e+04
1.673730000000000291e+04
1.952950000000000364e+04
2.411780000000000655e+04
3.118660000000000218e+04
3.593809999999999127e+04
2.915270000000001164e+04
2.804750000000000728e+04
2.349259999999999854e+04
2.247079999999999927e+04
2.219079999999999927e+04
2.013770000000000437e+04
2.390729999999999563e+04
2.918890000000000873e+04
4.290479999999998836e+04
4.007350000000000000e+04
3.701029999999999563e+04
3.164470000000000800e+04
2.219770000000000437e+04
2.324089999999999782e+04
2.131840000000000146e+04
2.376730000000000655e+04
2.329200000000000728e+04
2.683039999999999782e+04
3.268620000000000800e+04
3.118459999999999127e+04
3.258560000000000218e+04
2.468369999999999709e+04
2.135550000000000000e+04
2.168779999999999200e+04
2.150289999999999782e+04
2.706619999999999709e+04
3.797269999999998981e+04
6.523379999999998108e+04
7.393120000000002619e+04
5.912749999999999272e+04
3.695910000000000582e+04
2.306939999999999054e+04
2.254620000000000073e+04
2.010609999999999854e+04
2.227350000000000728e+04
2.824430000000000291e+04
4.760849999999998545e+04
7.228750000000001455e+04
7.014360000000002037e+04
4.497979999999999563e+04
2.449599999999999636e+04
2.185730000000001019e+04
2.372180000000000291e+04
2.213579999999999563e+04
2.685929999999999563e+04
3.605930000000000291e+04
6.385160000000000582e+04
7.521609999999997672e+04
6.080710000000001310e+04
3.971340000000000873e+04
2.212670000000001892e+04
2.250200000000001091e+04
2.197649999999999272e+04
2.443039999999999782e+04
3.167629999999999927e+04
4.421630000000000291e+04
6.547959999999999854e+04
5.709450000000001455e+04
5.041439999999998690e+04
3.856610000000002765e+04
2.786830000000000655e+04
2.977730000000000655e+04
2.374679999999997381e+04
2.939029999999998836e+04
3.259879999999999563e+04
4.779280000000001019e+04
4.766530000000002474e+04
3.825920000000000437e+04
4.405729999999999563e+04
3.034680000000000655e+04
2.476610000000000218e+04
2.530189999999999418e+04
2.221089999999999418e+04
2.348170000000000800e+04
2.537550000000001455e+04
3.482920000000000437e+04
3.375800000000000000e+04
4.963979999999997381e+04
5.871430000000000291e+04
3.703510000000001310e+04
3.525399999999999272e+04
2.743269999999998981e+04
2.352989999999999418e+04
2.840609999999999491e+04
3.243629999999999927e+04
4.857419999999998981e+04
6.647150000000001455e+04
5.652779999999999563e+04
2.997810000000000582e+04
1.940320000000000800e+04
2.027459999999999854e+04
1.978040000000000509e+04
2.671930000000000655e+04
4.172779999999999563e+04
7.443689999999996508e+04
9.987460000000002037e+04
7.866770000000001164e+04
3.968079999999998836e+04
2.414429999999999927e+04
2.497989999999999054e+04
2.187710000000000218e+04
2.852539999999999418e+04
3.992360000000000582e+04
7.633080000000000291e+04
1.222911999999999680e+05
1.401023000000000757e+05
9.429660000000003492e+04
3.907450000000000728e+04
2.927419999999999709e+04
2.533810000000000582e+04
2.496310000000000946e+04
3.465359999999998399e+04
5.249910000000000582e+04
9.683740000000000873e+04
1.259825000000000000e+05
1.048002000000000116e+05
5.716290000000000146e+04
2.745000000000000364e+04
2.814350000000000728e+04
2.528420000000000073e+04
2.799149999999999272e+04
3.528149999999999272e+04
5.666810000000000582e+04
8.539780000000000291e+04
8.009619999999999709e+04
5.871150000000000000e+04
3.337830000000000291e+04
2.561279999999999927e+04
2.806110000000000218e+04
2.360760000000000582e+04
2.869059999999999854e+04
3.719010000000000582e+04
6.405620000000000437e+04
8.903830000000001746e+04
9.263759999999994761e+04
7.188589999999999418e+04
4.144719999999999709e+04
3.607090000000001601e+04
3.292770000000000437e+04
2.985650000000000364e+04
3.881129999999998108e+04
5.836399999999998545e+04
9.124150000000005821e+04
9.013079999999995925e+04
6.416079999999998836e+04
4.867459999999999854e+04
3.201750000000000364e+04
3.649699999999998545e+04
2.886939999999999418e+04
3.458879999999999563e+04
4.650599999999998545e+04
9.431060000000000582e+04
1.414336000000000058e+05
1.368769999999999709e+05
8.846309999999996217e+04
3.781959999999998399e+04
2.843669999999999709e+04
2.341489999999999782e+04
2.533639999999999418e+04
3.663389999999997963e+04
6.485669999999997526e+04
1.269759000000000233e+05
1.730596000000000058e+05
1.504845999999999767e+05
7.704550000000000000e+04
3.861900000000000000e+04
3.180560000000000582e+04
2.613090000000000146e+04
3.500199999999998545e+04
4.940439999999998690e+04
9.220909999999997672e+04
1.462248999999999360e+05
1.539722999999999593e+05
9.655900000000004366e+04
4.197220000000002619e+04
2.719600000000000000e+04
2.825529999999999927e+04
2.539869999999999709e+04
3.194840000000000146e+04
3.182850000000000364e+04
4.384819999999998981e+04
5.676010000000000582e+04
6.548309999999999854e+04
5.149719999999999709e+04
2.851600000000001455e+04
2.226519999999999345e+04
2.358380000000000655e+04
2.698869999999999709e+04
4.228300000000000728e+04
6.530090000000002328e+04
1.069108999999999942e+05
1.095744000000000233e+05
8.410760000000000582e+04
5.372829999999996653e+04
3.221299999999999636e+04
3.042110000000000946e+04
2.474819999999999709e+04
3.280029999999998836e+04
3.516790000000000146e+04
4.978939999999997963e+04
5.877369999999999709e+04
7.538450000000001455e+04
1.057152000000000116e+05
7.541550000000001455e+04
5.770469999999998254e+04
4.738330000000003201e+04
3.877130000000001019e+04
5.125300000000002910e+04
6.113239999999998690e+04
9.648090000000008149e+04
9.283489999999995052e+04
7.407649999999997090e+04
5.983660000000001310e+04
3.985370000000002619e+04
3.174389999999999418e+04
2.483279999999999200e+04
3.065040000000000873e+04
4.142600000000000000e+04
8.122429999999997381e+04
1.434162000000000407e+05
2.007434000000000524e+05
1.673190000000000000e+05
8.514550000000001455e+04
4.959129999999998108e+04
2.864710000000000946e+04
2.838750000000000000e+04
3.192059999999999854e+04
5.338919999999997526e+04
9.820460000000000582e+04
1.635165000000000000e+05
1.824751000000000349e+05
1.064509999999999418e+05
5.503430000000000291e+04
3.665839999999999418e+04
2.628210000000000218e+04
3.089749999999999272e+04
4.061590000000001601e+04
7.803929999999997381e+04
1.314590000000000582e+05
1.715105999999999767e+05
1.363522999999999302e+05
6.477370000000001892e+04
3.967620000000001892e+04
2.774430000000001019e+04
2.840609999999999854e+04
3.852619999999999709e+04
5.978079999999998836e+04
1.068379000000000524e+05
1.528175999999999767e+05
1.506878000000000175e+05
8.565740000000000873e+04
4.043730000000000291e+04
3.232839999999999418e+04
2.672479999999999563e+04
3.602030000000000291e+04
4.766049999999998545e+04
7.539000000000005821e+04
1.189664999999999563e+05
1.252649000000000524e+05
8.725850000000001455e+04
4.333780000000001019e+04
3.034289999999999782e+04
2.764770000000000800e+04
2.606770000000000437e+04
3.593649999999997817e+04
4.898129999999997381e+04
8.595480000000003201e+04
1.194020999999999913e+05
1.057057000000000116e+05
6.879530000000000291e+04
3.614309999999999127e+04
3.194739999999999782e+04
2.955870000000000437e+04
2.602839999999999418e+04
3.112580000000000291e+04
2.974330000000000655e+04
3.426440000000000146e+04
5.166190000000000873e+04
7.584239999999999418e+04
6.268759999999999127e+04
3.084080000000001019e+04
2.467999999999998181e+04
2.523710000000000218e+04
3.093630000000000291e+04
4.782980000000001019e+04
8.429870000000001164e+04
1.400830000000000291e+05
1.578407000000000116e+05
1.020608000000000466e+05
4.670829999999999563e+04
3.413060000000000582e+04
2.717959999999999854e+04
2.784319999999999709e+04
3.838529999999999563e+04
5.520780000000001746e+04
9.665800000000001455e+04
1.412978000000001048e+05
1.402715000000000291e+05
7.850269999999998254e+04
4.162390000000000146e+04
3.273479999999999563e+04
2.679939999999999418e+04
3.633750000000001455e+04
5.198119999999998981e+04
8.175730000000000291e+04
1.272311000000000058e+05
1.303282000000000407e+05
8.466700000000002910e+04
4.373720000000000437e+04
3.377079999999998836e+04
3.269959999999999127e+04
3.110410000000000582e+04
4.215680000000000291e+04
5.934169999999995343e+04
9.660919999999998254e+04
1.157347000000000698e+05
9.266120000000001164e+04
5.325030000000001019e+04
3.080800000000000000e+04
3.253230000000001019e+04
2.964229999999999927e+04
3.064739999999999418e+04
3.837729999999998836e+04
4.936630000000001746e+04
6.958499999999998545e+04
7.558019999999999709e+04
8.699759999999997672e+04
6.122179999999999563e+04
4.339220000000002619e+04
3.801709999999998399e+04
2.875579999999999927e+04
3.685189999999998690e+04
5.188980000000000291e+04
8.878060000000006403e+04
1.151276000000000495e+05
9.796449999999994179e+04
6.803409999999999127e+04
4.060519999999998254e+04
3.687420000000001164e+04
3.762509999999999854e+04
3.374890000000000873e+04
4.855490000000002328e+04
7.060279999999994470e+04
1.241153999999999942e+05
1.612402999999999593e+05
1.438883000000000175e+05
7.954379999999998836e+04
4.590400000000001455e+04
3.228499999999999636e+04
2.612119999999999709e+04
3.311950000000001455e+04
4.501540000000001601e+04
7.379279999999998836e+04
1.173478999999999942e+05
1.552196999999999534e+05
1.167356000000000058e+05
5.893740000000002328e+04
4.063570000000000437e+04
2.755309999999999491e+04
2.819109999999999854e+04
3.558930000000000291e+04
5.737929999999998836e+04
1.027055999999999767e+05
1.509541000000000349e+05
1.595883000000000466e+05
9.347089999999995052e+04
4.474570000000002619e+04
3.338390000000000146e+04
2.372550000000000000e+04
2.279560000000000218e+04
2.555300000000000000e+04
2.805520000000001892e+04
2.987419999999998618e+04
4.195709999999998399e+04
7.249569999999998254e+04
6.315920000000001892e+04
3.172219999999998981e+04
3.076340000000000873e+04
3.020969999999999345e+04
3.591250000000000000e+04
5.111369999999998254e+04
8.891110000000000582e+04
1.201073000000000320e+05
9.120189999999992142e+04
5.118100000000002183e+04
3.050349999999999636e+04
3.309250000000000000e+04
3.046870000000000073e+04
3.526479999999998108e+04
4.657740000000000146e+04
7.694480000000003201e+04
1.211099999999999709e+05
1.261494999999999709e+05
9.766319999999995343e+04
5.282390000000000873e+04
3.415229999999998836e+04
3.469389999999999418e+04
2.926719999999999345e+04
4.104700000000000728e+04
5.585850000000000000e+04
9.908959999999997672e+04
1.391993999999999651e+05
1.154370000000000000e+05
7.222980000000000291e+04
3.824069999999998981e+04
3.608790000000000873e+04
3.344559999999999127e+04
3.310609999999999127e+04
4.232129999999999563e+04
6.614410000000000582e+04
1.154259999999999418e+05
1.576862999999999884e+05
1.471801999999999825e+05
8.599430000000001746e+04
5.212920000000000437e+04
3.641449999999997090e+04
2.784230000000001019e+04
3.415750000000000000e+04
4.367189999999997235e+04
7.501939999999996508e+04
1.264169999999999272e+05
1.759643999999999942e+05
1.357458000000000175e+05
6.429470000000001164e+04
4.560810000000002037e+04
3.202360000000000218e+04
3.395469999999998981e+04
4.397180000000000291e+04
7.362790000000000873e+04
1.322361000000000349e+05
1.823219000000000524e+05
1.702228999999999651e+05
9.138070000000002619e+04
5.151959999999999127e+04
4.225799999999997817e+04
3.175949999999998909e+04
3.928680000000002474e+04
5.196870000000002619e+04
8.316880000000000291e+04
1.217999000000000087e+05
1.252508000000000175e+05
7.374329999999997381e+04
3.604180000000000291e+04
3.509469999999998981e+04
3.332230000000001019e+04
3.078000000000000000e+04
4.382100000000000000e+04
6.004179999999999563e+04
9.631819999999996799e+04
1.101760000000000582e+05
8.926979999999997381e+04
5.096000000000000728e+04
2.936210000000000218e+04
3.219090000000000509e+04
3.130809999999999854e+04
3.302980000000001746e+04
4.400760000000002037e+04
5.506249999999997817e+04
8.565470000000002619e+04
7.922269999999995343e+04
6.393060000000002037e+04
5.509799999999999272e+04
3.771169999999999709e+04
3.374859999999999854e+04
2.334709999999999491e+04
2.061490000000001237e+04
2.105999999999999636e+04
2.491970000000000073e+04
4.439140000000001601e+04
7.244549999999995634e+04
6.291720000000000437e+04
3.324369999999999709e+04
2.094259999999999491e+04
2.383970000000000073e+04
2.788329999999999927e+04
3.624480000000000291e+04
5.555679999999995925e+04
9.432899999999997090e+04
1.406900999999999767e+05
1.251323000000000320e+05
6.496409999999999127e+04
4.312349999999998545e+04
3.401729999999998836e+04
2.911479999999999563e+04
3.414409999999999854e+04
4.761110000000002037e+04
7.734140000000005239e+04
1.228331999999999680e+05
1.513042000000000698e+05
1.060139000000000087e+05
5.062370000000001164e+04
3.983499999999999272e+04
3.343060000000000582e+04
3.459259999999999854e+04
4.571740000000000873e+04
6.487909999999997672e+04
1.026649999999999709e+05
1.299754000000000233e+05
1.110326999999999971e+05
6.029169999999998254e+04
3.617999999999998545e+04
3.551790000000000146e+04
2.919049999999998909e+04
3.501229999999998108e+04
4.880079999999998836e+04
7.718890000000003783e+04
1.098840999999999913e+05
1.018663000000000029e+05
6.711900000000001455e+04
3.609790000000000146e+04
3.113509999999999491e+04
3.200659999999999854e+04
2.893329999999998836e+04
3.570400000000000000e+04
4.687890000000000873e+04
6.987259999999996217e+04
8.130719999999999709e+04
6.573669999999998254e+04
4.548659999999999854e+04
3.081730000000000655e+04
3.636180000000001019e+04
3.283050000000000000e+04
3.366450000000000000e+04
4.316700000000000000e+04
5.434260000000000582e+04
7.428990000000000873e+04
6.665869999999999709e+04
4.794980000000003201e+04
3.354779999999999563e+04
2.991480000000000291e+04
3.508899999999999272e+04
3.321720000000000437e+04
4.473990000000003783e+04
5.466289999999997963e+04
7.898239999999997963e+04
1.063819000000000378e+05
8.413069999999998254e+04
5.742960000000002037e+04
4.013220000000002619e+04
3.007240000000000146e+04
2.221670000000000800e+04
1.913030000000000655e+04
1.936150000000000000e+04
2.157029999999999563e+04
2.405369999999999709e+04
3.644070000000001892e+04
7.306139999999997963e+04
1.314727000000000116e+05
1.073247999999999884e+05
6.238909999999999127e+04
5.044230000000001019e+04
3.102289999999999054e+04
3.393290000000000146e+04
3.584969999999998981e+04
5.166480000000002474e+04
6.424549999999998545e+04
7.117019999999996799e+04
6.316710000000001310e+04
4.406309999999999127e+04
3.123850000000000000e+04
2.235809999999999491e+04
2.406500000000000000e+04
2.322879999999999927e+04
3.251750000000001091e+04
5.513320000000000437e+04
5.786120000000001892e+04
3.986210000000000582e+04
2.519169999999998981e+04
2.097439999999999782e+04
2.384889999999999054e+04
2.721689999999999418e+04
3.752920000000000437e+04
5.009590000000000146e+04
5.929130000000001746e+04
5.999539999999997235e+04
4.893540000000000873e+04
3.863430000000001746e+04
3.309290000000002328e+04
3.378029999999999563e+04
2.838449999999999636e+04
3.747209999999999127e+04
4.775109999999996944e+04
6.129090000000000146e+04
6.581440000000000873e+04
5.397319999999998254e+04
4.358890000000000146e+04
3.127529999999999927e+04
3.102580000000001382e+04
2.992129999999998836e+04
3.005179999999999927e+04
3.822580000000000291e+04
3.835119999999998981e+04
4.689690000000000146e+04
4.485700000000001455e+04
5.349120000000000437e+04
5.495760000000000582e+04
3.958279999999997381e+04
3.979679999999998836e+04
3.244320000000000437e+04
4.011950000000000000e+04
5.204519999999999709e+04
7.504900000000000000e+04
1.000962000000000262e+05
8.769910000000000582e+04
5.526879999999996653e+04
3.296820000000000437e+04
2.811259999999999854e+04
2.705479999999999927e+04
3.155640000000001237e+04
4.032939999999998690e+04
5.192400000000000000e+04
7.489310000000003492e+04
9.382619999999999709e+04
7.749519999999998254e+04
4.349449999999998545e+04
2.680989999999999782e+04
2.630070000000000437e+04
3.023420000000000073e+04
4.481249999999999272e+04
5.350050000000000000e+04
6.293390000000000873e+04
7.983319999999996799e+04
7.613629999999998836e+04
5.360689999999999418e+04
3.277729999999999563e+04
2.969890000000000509e+04
3.071600000000001455e+04
3.042250000000000728e+04
4.046660000000001310e+04
4.848960000000001310e+04
6.555949999999998545e+04
7.086090000000000873e+04
5.346350000000000000e+04
4.006569999999999709e+04
3.516159999999999854e+04
3.821640000000003056e+04
2.791260000000000582e+04
2.725500000000000364e+04
3.056329999999999927e+04
3.655300000000000000e+04
4.572460000000001310e+04
4.498730000000000291e+04
4.307449999999999272e+04
3.805809999999999127e+04
3.308159999999998399e+04
2.833839999999999054e+04
2.331029999999999927e+04
2.673570000000000800e+04
2.639750000000000364e+04
3.368040000000000146e+04
3.519010000000000582e+04
3.045409999999999491e+04
4.779449999999998545e+04
5.217419999999999709e+04
3.524919999999998254e+04
2.306809999999999491e+04
1.703869999999999709e+04
1.624500000000000000e+04
1.868250000000000000e+04
2.887650000000000364e+04
4.690170000000000437e+04
5.058190000000001601e+04
3.812889999999998690e+04
2.765659999999999491e+04
2.324709999999998399e+04
2.852600000000000728e+04
3.306630000000000291e+04
5.107199999999999272e+04
7.572790000000003783e+04
1.050659000000000233e+05
1.053540000000000000e+05
6.272189999999999418e+04
3.227700000000000000e+04
2.860539999999999054e+04
2.715810000000000946e+04
3.007749999999999636e+04
4.071189999999997963e+04
5.568609999999997672e+04
8.315239999999999418e+04
9.181789999999999418e+04
7.630660000000002037e+04
4.678670000000000437e+04
2.931609999999999854e+04
2.847539999999999782e+04
2.561299999999999636e+04
3.151329999999998836e+04
4.304739999999997963e+04
5.869120000000001164e+04
7.746340000000003783e+04
7.380599999999998545e+04
5.705710000000002765e+04
3.706409999999999127e+04
3.261879999999999927e+04
3.217529999999999927e+04
3.308910000000001310e+04
4.229579999999998836e+04
4.756840000000003783e+04
6.268519999999999709e+04
6.203369999999998254e+04
5.323229999999998108e+04
4.385890000000000873e+04
3.259310000000000582e+04
3.291540000000000146e+04
2.927570000000001528e+04
3.192729999999998472e+04
3.714359999999999854e+04
4.266990000000000146e+04
5.507130000000001019e+04
4.742679999999999563e+04
4.492310000000001310e+04
3.973129999999998836e+04
3.441940000000000146e+04
3.505900000000000000e+04
2.892469999999999709e+04
3.387279999999999563e+04
3.335820000000001892e+04
4.015410000000003492e+04
4.367420000000000437e+04
4.386639999999998690e+04
5.199549999999997090e+04
3.900189999999999418e+04
3.716319999999999709e+04
3.465180000000000291e+04
3.453270000000003347e+04
4.582210000000000582e+04
5.794870000000001892e+04
8.713920000000004075e+04
9.001969999999999709e+04
6.669200000000001455e+04
4.050009999999999854e+04
3.492650000000000728e+04
3.316339999999999418e+04
2.956319999999998981e+04
3.946529999999999563e+04
5.160429999999998836e+04
7.428600000000004366e+04
9.385509999999999127e+04
9.153570000000001164e+04
5.896090000000000146e+04
3.637389999999999418e+04
3.133759999999999491e+04
2.750729999999999563e+04
3.253439999999999782e+04
4.075369999999999709e+04
5.156290000000000873e+04
7.635150000000001455e+04
9.352530000000000291e+04
8.965899999999998545e+04
6.399639999999999418e+04
4.321380000000000291e+04
3.100160000000000582e+04
2.032389999999999782e+04
1.803479999999999927e+04
1.714520000000000073e+04
1.851650000000000000e+04
2.910760000000000218e+04
4.394440000000002328e+04
4.725789999999999418e+04
3.654390000000000146e+04
2.490910000000000218e+04
2.562199999999999636e+04
2.882330000000000655e+04
3.507519999999998254e+04
4.304550000000000000e+04
5.756609999999999127e+04
5.989490000000001601e+04
4.608039999999999418e+04
3.686540000000000873e+04
3.267740000000000509e+04
3.616620000000001164e+04
2.936109999999999491e+04
3.140139999999999418e+04
3.999770000000000437e+04
5.047549999999999272e+04
6.688479999999998836e+04
5.896809999999999854e+04
4.425709999999998399e+04
3.457410000000001310e+04
3.248420000000000800e+04
3.258460000000000218e+04
2.973150000000000364e+04
3.885970000000000437e+04
4.439440000000000873e+04
6.041629999999998108e+04
6.888989999999997963e+04
5.057130000000001019e+04
4.102900000000002183e+04
3.290840000000000146e+04
3.285440000000000873e+04
2.970399999999999272e+04
2.977769999999998981e+04
4.028599999999997817e+04
5.202869999999998254e+04
7.586759999999999127e+04
8.227679999999998836e+04
6.256619999999997526e+04
3.943279999999999563e+04
3.048769999999998981e+04
2.622349999999998909e+04
2.328460000000001310e+04
3.127660000000000218e+04
4.265700000000001455e+04
6.148580000000001019e+04
7.535410000000000582e+04
7.027259999999997672e+04
4.939949999999999272e+04
3.304950000000000000e+04
3.049040000000000146e+04
2.635759999999999127e+04
2.842249999999998545e+04
3.948529999999998836e+04
5.244190000000000873e+04
7.384489999999997963e+04
8.201460000000000582e+04
6.018840000000000146e+04
3.499940000000000146e+04
3.104599999999998909e+04
3.633200000000001455e+04
3.227639999999999782e+04
4.061540000000000146e+04
5.174089999999998690e+04
7.150890000000000873e+04
8.985209999999999127e+04
7.449000000000001455e+04
4.835659999999999127e+04
3.301380000000001019e+04
3.343290000000000146e+04
2.984339999999999782e+04
2.857350000000000000e+04
3.761100000000000000e+04
4.380619999999998254e+04
5.874979999999998836e+04
5.556890000000000146e+04
3.927259999999999127e+04
3.057289999999999054e+04
2.889289999999999418e+04
3.118530000000000291e+04
2.445969999999999709e+04
2.741040000000000146e+04
3.054480000000000655e+04
3.536139999999999418e+04
4.145719999999999709e+04
3.902360000000000582e+04
4.265279999999999563e+04
4.063620000000001164e+04
3.202600000000000000e+04
2.364659999999999127e+04
1.717379999999999200e+04
1.481779999999999563e+04
1.555309999999999673e+04
1.989100000000001091e+04
3.299209999999999127e+04
4.615370000000000437e+04
4.024600000000000000e+04
2.590790000000001237e+04
1.991179999999999927e+04
2.363320000000000437e+04
2.648550000000000000e+04
3.267039999999999054e+04
4.854249999999997817e+04
6.477049999999998545e+04
8.203740000000002328e+04
8.011920000000002619e+04
5.508640000000003056e+04
4.062040000000000146e+04
3.009879999999999927e+04
2.657770000000001164e+04
3.531140000000002328e+04
4.510910000000001310e+04
6.374420000000000437e+04
7.926519999999998254e+04
8.233039999999999418e+04
6.595110000000002037e+04
4.624030000000002474e+04
3.621530000000000291e+04
2.708410000000000582e+04
3.020939999999999782e+04
3.843449999999999272e+04
4.795189999999997963e+04
6.010859999999999127e+04
6.537090000000003056e+04
5.154890000000002328e+04
3.439769999999998254e+04
2.971279999999999200e+04
2.899280000000001382e+04
2.799380000000001382e+04
3.707480000000001019e+04
4.806959999999999127e+04
6.275359999999997672e+04
8.315370000000001164e+04
7.942240000000000873e+04
5.683230000000001019e+04
3.848869999999998981e+04
3.197380000000000655e+04
2.630040000000000509e+04
2.741699999999999636e+04
3.736560000000001310e+04
4.893740000000000146e+04
6.548479999999998836e+04
7.501250000000001455e+04
6.330409999999999127e+04
4.012870000000000437e+04
2.877360000000000582e+04
2.869419999999998981e+04
2.502979999999998836e+04
2.896580000000001382e+04
3.832490000000000146e+04
4.549659999999997672e+04
5.815020000000000437e+04
5.396150000000001455e+04
3.721810000000000582e+04
2.808879999999999563e+04
2.688970000000000800e+04
2.621659999999999854e+04
2.518340000000000146e+04
3.396909999999999854e+04
4.389449999999997817e+04
6.184409999999998399e+04
7.534589999999999418e+04
7.076619999999999709e+04
4.900140000000000146e+04
3.312109999999999854e+04
3.048630000000001019e+04
2.710139999999999782e+04
2.855540000000000146e+04
3.711409999999999127e+04
5.029399999999999272e+04
6.342950000000001455e+04
6.952190000000000873e+04
5.635770000000000437e+04
3.840060000000002765e+04
3.423860000000001310e+04
3.173370000000000073e+04
2.800349999999999636e+04
3.492209999999999854e+04
4.154979999999999563e+04
5.559700000000000000e+04
6.804359999999999127e+04
6.522549999999998545e+04
5.369399999999997090e+04
3.913609999999999127e+04
2.911559999999999854e+04
2.046879999999999563e+04
1.568560000000000036e+04
1.467999999999999454e+04
1.517510000000000764e+04
1.952110000000000582e+04
3.199869999999999345e+04
4.313940000000000873e+04
3.964230000000001019e+04
2.659280000000000655e+04
2.317509999999998763e+04
2.615340000000001601e+04
2.666640000000000873e+04
3.117239999999998690e+04
3.977720000000000437e+04
4.901329999999998836e+04
4.709290000000000146e+04
3.819290000000000146e+04
3.046779999999999200e+04
2.885119999999999709e+04
2.847380000000000291e+04
2.418579999999999563e+04
3.118019999999998981e+04
3.721870000000001164e+04
4.759799999999998545e+04
5.228959999999999854e+04
3.668769999999998981e+04
2.702049999999998909e+04
2.571850000000000364e+04
2.843030000000000655e+04
2.625889999999998690e+04
2.775620000000001164e+04
3.422350000000000000e+04
4.057249999999999272e+04
5.278840000000000873e+04
4.568350000000000000e+04
3.464480000000001019e+04
3.013450000000001091e+04
2.907010000000000582e+04
3.235529999999999927e+04
2.868989999999998690e+04
3.385869999999999709e+04
4.216669999999998981e+04
5.132420000000001892e+04
6.053459999999999127e+04
5.605789999999998690e+04
4.507609999999997672e+04
3.707750000000000000e+04
3.068789999999999782e+04
2.343139999999999418e+04
2.435750000000000728e+04
3.014820000000001164e+04
3.795970000000001164e+04
4.792440000000001601e+04
5.354479999999998836e+04
4.987559999999998399e+04
3.795719999999998981e+04
3.358309999999999854e+04
2.696759999999998763e+04
2.238470000000000073e+04
3.082389999999999782e+04
3.781899999999999272e+04
4.928919999999999709e+04
5.824870000000001164e+04
5.276440000000000146e+04
4.330170000000001164e+04
3.518080000000000291e+04
3.572839999999998690e+04
3.184420000000001164e+04
2.872200000000000000e+04
3.697529999999999563e+04
4.156569999999999709e+04
4.774300000000000728e+04
4.413890000000001601e+04
3.032240000000001601e+04
2.409949999999999272e+04
2.782079999999999927e+04
2.941030000000000291e+04
2.347269999999999709e+04
2.812310000000000582e+04
3.355709999999999127e+04
3.786430000000001019e+04
4.262400000000000728e+04
3.589610000000000582e+04
2.826029999999999200e+04
2.731720000000000800e+04
2.866639999999999418e+04
2.342460000000000582e+04
1.978999999999998181e+04
2.176510000000000582e+04
2.403349999999999636e+04
3.097309999999999491e+04
3.229410000000000218e+04
3.065899999999998181e+04
3.494309999999999854e+04
3.070059999999999854e+04
2.330129999999999563e+04
1.903630000000000291e+04
1.530140000000000873e+04
1.461139999999999782e+04
1.542530000000000473e+04
1.991330000000001019e+04
3.097129999999999927e+04
4.217999999999998545e+04
3.652369999999998254e+04
2.301690000000000509e+04
2.148640000000000873e+04
2.368779999999999563e+04
2.549920000000000073e+04
3.405829999999998836e+04
4.418880000000000291e+04
4.986359999999997672e+04
4.690040000000003056e+04
3.460900000000000728e+04
2.943040000000000509e+04
2.779440000000000146e+04
2.194489999999999782e+04
2.258259999999999491e+04
2.962990000000000509e+04
3.939009999999999127e+04
4.876269999999999709e+04
4.909120000000002619e+04
4.209700000000000728e+04
3.357840000000000873e+04
3.464609999999999854e+04
3.227719999999999345e+04
2.441099999999999636e+04
2.951050000000000364e+04
3.715449999999999272e+04
4.749649999999999272e+04
5.397109999999998399e+04
4.576450000000000728e+04
3.511720000000000437e+04
2.985829999999999200e+04
2.963970000000001528e+04
2.430869999999999709e+04
2.266780000000000291e+04
2.875520000000000073e+04
3.354690000000000873e+04
3.863039999999999418e+04
3.635160000000001310e+04
2.819999999999999636e+04
2.191630000000000291e+04
2.382239999999999054e+04
2.688680000000000655e+04
2.131750000000000364e+04
2.252119999999999345e+04
2.558819999999999709e+04
2.835380000000000655e+04
3.436279999999999563e+04
2.907150000000000728e+04
2.277499999999999272e+04
2.261259999999999127e+04
2.567819999999999345e+04
2.539039999999999782e+04
2.171190000000000509e+04
2.496770000000000073e+04
2.780200000000001091e+04
3.595280000000001019e+04
3.726139999999999418e+04
3.012420000000001528e+04
2.795939999999999418e+04
2.694820000000000437e+04
2.895150000000001091e+04
2.570419999999999709e+04
2.617849999999999636e+04
3.343860000000000582e+04
4.303520000000001164e+04
5.503080000000000291e+04
5.555260000000000582e+04
4.391689999999998690e+04
3.214900000000000000e+04
2.974529999999999563e+04
2.463420000000000073e+04
2.108350000000000728e+04
2.526019999999999345e+04
3.149049999999998909e+04
4.161209999999999854e+04
4.410259999999998399e+04
3.849750000000000000e+04
3.123359999999998035e+04
3.098970000000000073e+04
3.149339999999999054e+04
2.369480000000000291e+04
2.395009999999999854e+04
3.025409999999998763e+04
4.057509999999999854e+04
4.964139999999999418e+04
4.980990000000001601e+04
4.172140000000000146e+04
3.090829999999999927e+04
2.593400000000001091e+04
2.230139999999999418e+04
1.623070000000000255e+04
1.458279999999999563e+04
1.449850000000000364e+04
1.635379999999999745e+04
2.439799999999999636e+04
3.997339999999999418e+04
4.703229999999999563e+04
3.472309999999999854e+04
2.282509999999999127e+04
2.553130000000000291e+04
2.670740000000000509e+04
2.805769999999999345e+04
3.302870000000001164e+04
3.577659999999999854e+04
3.083090000000000873e+04
2.276390000000000509e+04
1.936720000000000437e+04
2.492900000000000000e+04
2.871029999999999200e+04
2.304720000000000073e+04
2.745880000000000655e+04
3.059300000000000364e+04
3.341300000000000728e+04
3.863430000000001019e+04
2.969889999999999054e+04
2.316240000000000509e+04
2.521750000000000000e+04
3.045509999999999854e+04
2.807899999999999636e+04
2.658400000000000000e+04
3.154070000000001164e+04
3.284640000000001601e+04
4.068759999999996217e+04
3.825319999999998254e+04
2.875099999999998909e+04
2.637139999999999782e+04
2.881080000000001382e+04
2.983520000000000800e+04
2.422309999999999491e+04
2.353229999999999563e+04
2.816920000000000437e+04
3.241640000000000873e+04
3.763929999999998108e+04
3.698439999999999418e+04
3.203419999999999709e+04
3.199269999999999709e+04
2.993870000000000800e+04
2.192609999999999127e+04
2.094480000000000291e+04
2.461959999999999854e+04
2.689810000000000582e+04
3.116309999999999491e+04
3.064879999999999563e+04
2.806979999999999927e+04
2.643309999999999854e+04
2.775319999999999709e+04
2.491290000000000873e+04
1.905800000000000000e+04
2.026969999999999345e+04
2.412110000000000946e+04
2.871939999999998690e+04
3.427499999999998545e+04
3.236869999999998981e+04
2.794239999999999054e+04
2.710310000000000946e+04
2.719240000000000509e+04
2.275229999999999927e+04
1.838629999999999927e+04
2.072700000000000000e+04
2.268569999999999345e+04
2.706900000000000364e+04
3.098800000000000364e+04
2.894309999999999854e+04
2.614559999999999854e+04
2.688170000000000437e+04
2.616580000000000291e+04
2.081579999999999563e+04
1.953480000000001019e+04
2.167899999999999272e+04
2.263749999999999636e+04
2.916729999999999563e+04
2.932479999999999927e+04
2.381689999999999418e+04
2.462700000000000000e+04
2.525210000000000218e+04
2.216160000000000946e+04
1.773809999999999491e+04
1.688920000000000073e+04
1.694870000000000073e+04
1.943930000000000291e+04
2.216180000000000655e+04
2.175420000000000437e+04
2.298529999999999927e+04
2.413070000000000437e+04
1.986659999999999854e+04
1.600410000000000400e+04
1.506510000000000218e+04
1.486929999999999382e+04
1.605429999999999745e+04
2.013129999999999563e+04
2.601810000000000582e+04
2.757710000000000946e+04
2.326190000000000873e+04
1.758759999999999854e+04
1.618730000000001019e+04
1.787170000000000073e+04
1.878989999999999782e+04
2.079779999999999200e+04
2.711350000000000000e+04
3.124429999999999927e+04
3.242440000000000146e+04
3.491610000000000582e+04
3.302259999999999854e+04
2.554129999999999927e+04
1.850540000000000146e+04
1.633170000000000618e+04
1.865090000000000509e+04
2.160789999999999418e+04
2.865919999999999709e+04
3.824710000000001310e+04
4.102770000000000437e+04
3.613840000000000146e+04
3.060539999999999418e+04
2.321750000000000364e+04
1.730859999999999854e+04
1.670339999999999782e+04
1.732900000000000000e+04
1.875999999999999636e+04
2.549819999999999709e+04
2.838140000000000146e+04
2.647050000000000000e+04
3.019010000000000582e+04
2.783950000000001091e+04
1.942859999999999854e+04
1.611650000000000364e+04
1.570649999999999454e+04
1.459029999999999745e+04
1.594269999999999345e+04
1.822180000000000655e+04
1.881910000000000218e+04
2.229519999999999345e+04
2.603000000000000000e+04
2.233759999999998399e+04
1.631009999999999854e+04
1.544800000000000364e+04
1.478419999999999891e+04
1.433349999999999454e+04
1.624279999999999745e+04
1.744380000000000291e+04
1.790680000000000291e+04
2.122270000000000073e+04
2.545979999999999927e+04
2.261019999999999709e+04
1.731879999999999927e+04
1.712900000000000364e+04
1.575750000000000546e+04
1.615690000000000509e+04
1.926700000000000000e+04
1.905059999999999127e+04
2.074669999999999709e+04
2.803320000000000073e+04
3.095290000000001237e+04
2.258840000000000146e+04
1.810840000000000509e+04
1.916279999999999563e+04
1.894490000000000146e+04
2.467699999999999636e+04
2.810049999999998909e+04
2.755659999999999854e+04
3.086230000000000655e+04
2.908020000000000800e+04
2.171740000000000509e+04
1.610449999999999636e+04
1.601899999999999818e+04
1.567900000000000182e+04
1.786360000000000582e+04
2.356239999999999782e+04
2.546840000000000146e+04
2.676200000000000364e+04
2.852340000000000146e+04
2.320850000000000728e+04
1.774620000000000437e+04
1.527450000000000182e+04
1.437759999999999309e+04
1.460690000000000146e+04
1.579219999999999163e+04
1.876459999999999491e+04
2.307850000000000000e+04
2.922140000000000873e+04
2.938530000000000655e+04
2.117969999999999709e+04
1.781379999999999927e+04
1.743120000000000437e+04
1.595430000000000837e+04
1.951119999999999709e+04
2.170889999999999054e+04
2.118480000000000655e+04
2.046770000000000073e+04
1.764229999999999563e+04
1.556250000000000000e+04
1.552120000000000073e+04
1.564649999999999818e+04
1.510059999999999854e+04
1.509309999999999673e+04
1.713539999999999418e+04
1.801869999999998981e+04
1.771010000000000218e+04
2.101640000000000509e+04
2.337730000000000655e+04
2.061490000000000509e+04
1.664340000000000146e+04
1.543409999999999673e+04
1.478610000000000036e+04
1.587799999999999818e+04
1.820189999999999418e+04
1.860040000000000509e+04
2.314970000000000073e+04
3.018040000000000509e+04
3.049119999999998618e+04
2.326470000000000073e+04
1.719409999999999491e+04
1.530450000000000000e+04
1.502460000000000036e+04
1.534930000000000473e+04
1.643609999999999854e+04
1.787060000000000582e+04
2.363509999999998399e+04
3.048130000000000291e+04
2.930130000000000655e+04
2.090010000000000218e+04
1.673670000000000073e+04
1.861409999999999127e+04
2.078449999999999636e+04
2.754450000000000364e+04
3.793860000000002037e+04
4.128790000000000146e+04
3.730459999999997672e+04
2.734900000000000728e+04
1.805440000000000509e+04
1.543089999999999782e+04
1.632420000000000437e+04
1.646670000000000437e+04
1.911490000000000146e+04
2.529889999999999418e+04
3.063919999999997890e+04
3.393950000000000728e+04
3.274690000000000146e+04
2.491800000000000000e+04
1.815460000000000582e+04
1.617179999999999927e+04
1.544780000000000291e+04
1.509289999999999964e+04
1.710139999999999418e+04
2.064729999999999927e+04
2.500020000000000073e+04
3.011429999999999563e+04
3.023779999999998836e+04
2.134409999999999491e+04
1.624770000000000618e+04
1.721909999999998763e+04
1.638989999999999782e+04
1.583619999999999709e+04
1.828350000000001819e+04
1.992000000000001091e+04
2.068179999999999563e+04
2.218549999999999636e+04
2.126160000000000582e+04
1.708910000000000582e+04
1.551610000000000400e+04
1.564919999999999891e+04
1.509520000000000800e+04
1.562779999999999745e+04
1.628550000000000182e+04
1.559899999999999818e+04
1.628269999999999891e+04
1.723469999999999709e+04
1.645439999999999782e+04
1.527800000000000364e+04
1.450889999999999782e+04
1.499079999999999927e+04
1.526290000000000691e+04
1.642020000000000437e+04
1.871739999999999782e+04
1.892240000000000146e+04
1.764650000000000364e+04
1.632740000000000509e+04
1.543790000000000691e+04
1.545179999999999927e+04
1.526489999999999054e+04
1.515790000000000146e+04
1.682660000000000218e+04
1.822340000000000146e+04
1.810590000000000146e+04
1.801080000000000291e+04
1.728879999999999927e+04
1.680269999999999709e+04
1.576480000000000473e+04
1.444049999999999636e+04
1.460139999999998872e+04
1.659999999999999636e+04
1.838830000000000291e+04
2.106390000000000509e+04
2.598610000000000946e+04
2.797659999999999491e+04
2.332530000000001019e+04
1.707359999999999854e+04
1.456960000000000036e+04
1.563319999999999709e+04
1.747280000000000291e+04
1.924820000000000073e+04
2.400139999999998690e+04
3.230910000000000582e+04
3.745500000000000000e+04
3.221839999999999418e+04
2.222979999999999200e+04
1.650920000000000437e+04
1.634829999999999927e+04
1.832419999999999709e+04
1.953600000000000000e+04
2.137369999999998981e+04
2.624999999999999636e+04
3.244590000000001965e+04
3.291129999999999563e+04
2.659000000000000728e+04
1.914090000000000146e+04
1.643969999999999345e+04
1.764430000000000291e+04
1.958780000000000291e+04
2.118499999999998909e+04
2.303630000000000655e+04
2.605190000000000509e+04
2.958729999999999927e+04
2.967770000000000437e+04
2.383609999999999491e+04
1.723550000000000364e+04
1.501050000000000364e+04
1.743920000000000437e+04
1.924479999999999927e+04
1.960470000000001164e+04
2.145750000000001091e+04
2.468540000000000509e+04
2.622179999999999927e+04
2.407140000000000146e+04
1.952840000000000509e+04
1.562830000000000473e+04
1.503169999999999709e+04
1.756000000000000728e+04
1.960479999999999563e+04
2.012950000000000000e+04
2.284819999999999709e+04
2.955429999999999563e+04
3.249880000000001746e+04
2.750909999999998763e+04
1.935270000000000437e+04
1.538199999999999818e+04
1.648959999999999491e+04
1.857590000000000509e+04
2.040589999999999054e+04
2.542910000000001310e+04
3.429539999999998690e+04
4.008229999999998836e+04
3.507700000000000728e+04
2.342779999999999927e+04
1.661800000000000364e+04
1.715459999999999854e+04
1.871050000000000364e+04
1.907550000000000364e+04
2.323899999999998181e+04
3.222809999999998763e+04
3.965859999999998399e+04
3.711190000000000146e+04
2.738609999999999491e+04
1.840690000000000509e+04
1.610869999999999709e+04
1.764000000000000364e+04
1.886680000000000291e+04
2.123200000000000364e+04
2.824849999999999272e+04
3.536559999999999127e+04
3.434329999999999563e+04
2.626159999999999491e+04
1.885419999999999345e+04
1.539250000000000546e+04
1.426150000000000364e+04
1.434150000000000182e+04
1.529889999999999782e+04
1.705130000000000655e+04
1.944860000000000582e+04
2.147039999999999418e+04
2.171430000000000655e+04
2.060869999999998981e+04
1.896019999999999709e+04
1.648180000000000291e+04
1.483239999999999964e+04
1.565059999999999491e+04
1.754749999999999636e+04
1.807969999999999345e+04
1.788390000000000509e+04
1.871050000000000728e+04
1.897749999999999636e+04
1.752390000000000873e+04
1.529939999999999418e+04
1.397120000000000073e+04
1.435120000000000618e+04
1.446730000000000109e+04
1.447420000000000073e+04
1.577260000000000400e+04
1.888490000000000509e+04
2.051380000000000291e+04
1.797819999999999345e+04
1.490550000000000182e+04
1.370750000000000000e+04
1.369599999999999272e+04
1.380700000000000364e+04
1.372719999999999709e+04
1.370350000000000182e+04
1.390769999999999709e+04
1.437430000000000291e+04
1.444870000000000073e+04
1.421220000000000255e+04
1.347229999999999563e+04
1.319270000000000255e+04
1.336729999999999563e+04
1.360250000000000182e+04
1.392580000000000291e+04
1.466500000000000000e+04
1.572600000000000364e+04
1.611859999999999491e+04
1.479700000000000546e+04
