2.652400000000000000e+04
4.928000000000000000e+04
8.179800000000000000e+04
8.384500000000000000e+04
6.938700000000000000e+04
5.451200000000000000e+04
3.075700000000000000e+04
1.806700000000000000e+04
2.261500000000000000e+04
2.613600000000000000e+04
4.080200000000000000e+04
7.490600000000000000e+04
1.013950000000000000e+05
1.015560000000000000e+05
8.117800000000000000e+04
4.706600000000000000e+04
2.000700000000000000e+04
1.885200000000000000e+04
2.609900000000000000e+04
2.786200000000000000e+04
3.668500000000000000e+04
4.751600000000000000e+04
4.425700000000000000e+04
3.250400000000000000e+04
2.653100000000000000e+04
2.071200000000000000e+04
1.389900000000000000e+04
1.639500000000000000e+04
2.855500000000000000e+04
3.875700000000000000e+04
6.866700000000000000e+04
1.586140000000000000e+05
2.508510000000000000e+05
2.266750000000000000e+05
1.145380000000000000e+05
4.321300000000000000e+04
2.848900000000000000e+04
2.106700000000000000e+04
2.439600000000000000e+04
4.889100000000000000e+04
9.334400000000000000e+04
1.792130000000000000e+05
2.459380000000000000e+05
1.895450000000000000e+05
8.162100000000000000e+04
4.299200000000000000e+04
3.966200000000000000e+04
2.674600000000000000e+04
3.829600000000000000e+04
6.935300000000000000e+04
1.019510000000000000e+05
1.509290000000000000e+05
1.675610000000000000e+05
1.049000000000000000e+05
4.083400000000000000e+04
3.589600000000000000e+04
3.649300000000000000e+04
2.872300000000000000e+04
5.092800000000000000e+04
8.351600000000000000e+04
1.003150000000000000e+05
1.044930000000000000e+05
8.409700000000000000e+04
4.315900000000000000e+04
1.876800000000000000e+04
2.078800000000000000e+04
2.280300000000000000e+04
2.885700000000000000e+04
4.757000000000000000e+04
5.800100000000000000e+04
5.761500000000000000e+04
5.528700000000000000e+04
4.349400000000000000e+04
2.561800000000000000e+04
1.577000000000000000e+04
1.739200000000000000e+04
2.415100000000000000e+04
3.243000000000000000e+04
5.675800000000000000e+04
7.588600000000000000e+04
6.542200000000000000e+04
5.404800000000000000e+04
3.996000000000000000e+04
2.088800000000000000e+04
1.697800000000000000e+04
1.467100000000000000e+04
1.604200000000000000e+04
2.871100000000000000e+04
3.811700000000000000e+04
4.571600000000000000e+04
4.932900000000000000e+04
4.901900000000000000e+04
4.225200000000000000e+04
2.445900000000000000e+04
1.921500000000000000e+04
2.495200000000000000e+04
2.817900000000000000e+04
5.016900000000000000e+04
9.021200000000000000e+04
1.073560000000000000e+05
8.691000000000000000e+04
4.740200000000000000e+04
1.904500000000000000e+04
1.825000000000000000e+04
2.413600000000000000e+04
2.737500000000000000e+04
5.093400000000000000e+04
8.060900000000000000e+04
9.143700000000000000e+04
8.695000000000000000e+04
6.494100000000000000e+04
3.238000000000000000e+04
1.544300000000000000e+04
1.622200000000000000e+04
1.694000000000000000e+04
2.228900000000000000e+04
4.508100000000000000e+04
6.507800000000000000e+04
6.652100000000000000e+04
5.617800000000000000e+04
3.634400000000000000e+04
1.729800000000000000e+04
1.236000000000000000e+04
1.425800000000000000e+04
1.391000000000000000e+04
1.796400000000000000e+04
3.106100000000000000e+04
3.504200000000000000e+04
2.470400000000000000e+04
1.983500000000000000e+04
1.854100000000000000e+04
1.291800000000000000e+04
1.097200000000000000e+04
1.280100000000000000e+04
1.193200000000000000e+04
1.476500000000000000e+04
2.401300000000000000e+04
2.239400000000000000e+04
2.052000000000000000e+04
2.596500000000000000e+04
2.034300000000000000e+04
1.398700000000000000e+04
1.520800000000000000e+04
1.358900000000000000e+04
1.140100000000000000e+04
1.572900000000000000e+04
1.645700000000000000e+04
1.508800000000000000e+04
2.481100000000000000e+04
2.768200000000000000e+04
1.685600000000000000e+04
1.164800000000000000e+04
1.232400000000000000e+04
1.114900000000000000e+04
1.506800000000000000e+04
3.049400000000000000e+04
3.950900000000000000e+04
3.705100000000000000e+04
2.915400000000000000e+04
1.565600000000000000e+04
1.110300000000000000e+04
1.274300000000000000e+04
1.003000000000000000e+04
1.110200000000000000e+04
1.786500000000000000e+04
2.644100000000000000e+04
3.260300000000000000e+04
3.351600000000000000e+04
2.339600000000000000e+04
1.353500000000000000e+04
1.319700000000000000e+04
1.204000000000000000e+04
1.099600000000000000e+04
1.088000000000000000e+04
1.015700000000000000e+04
1.214900000000000000e+04
1.651500000000000000e+04
2.054500000000000000e+04
1.750500000000000000e+04
1.346500000000000000e+04
1.315700000000000000e+04
1.206700000000000000e+04
1.289700000000000000e+04
1.927600000000000000e+04
2.784200000000000000e+04
2.611300000000000000e+04
1.654700000000000000e+04
1.728000000000000000e+04
1.905300000000000000e+04
1.554400000000000000e+04
1.441400000000000000e+04
1.476600000000000000e+04
1.538700000000000000e+04
1.443800000000000000e+04
1.289400000000000000e+04
1.046100000000000000e+04
1.122500000000000000e+04
1.715700000000000000e+04
1.833900000000000000e+04
1.556800000000000000e+04
1.922900000000000000e+04
2.128900000000000000e+04
2.541600000000000000e+04
2.393400000000000000e+04
1.389300000000000000e+04
1.133200000000000000e+04
1.309800000000000000e+04
2.153900000000000000e+04
1.945600000000000000e+04
2.108100000000000000e+04
2.515100000000000000e+04
2.333700000000000000e+04
2.843500000000000000e+04
2.274300000000000000e+04
1.807100000000000000e+04
1.578000000000000000e+04
2.185000000000000000e+04
2.514700000000000000e+04
1.934200000000000000e+04
2.734900000000000000e+04
2.969700000000000000e+04
3.756600000000000000e+04
4.361000000000000000e+04
2.756000000000000000e+04
1.614300000000000000e+04
1.784900000000000000e+04
2.196900000000000000e+04
1.843100000000000000e+04
2.039500000000000000e+04
2.604400000000000000e+04
3.191500000000000000e+04
4.576500000000000000e+04
4.262700000000000000e+04
2.586100000000000000e+04
1.888900000000000000e+04
2.066400000000000000e+04
1.895700000000000000e+04
1.447500000000000000e+04
2.190400000000000000e+04
2.741200000000000000e+04
3.610900000000000000e+04
5.007700000000000000e+04
4.229800000000000000e+04
2.702900000000000000e+04
2.381800000000000000e+04
2.344600000000000000e+04
1.569600000000000000e+04
1.411700000000000000e+04
1.716500000000000000e+04
1.630100000000000000e+04
2.429800000000000000e+04
2.945100000000000000e+04
2.206200000000000000e+04
2.370100000000000000e+04
2.922100000000000000e+04
2.033000000000000000e+04
1.373500000000000000e+04
1.557200000000000000e+04
1.421000000000000000e+04
1.599100000000000000e+04
2.525700000000000000e+04
2.270100000000000000e+04
1.930900000000000000e+04
2.944500000000000000e+04
3.058400000000000000e+04
2.143600000000000000e+04
1.517400000000000000e+04
1.657800000000000000e+04
1.556500000000000000e+04
1.887800000000000000e+04
2.848400000000000000e+04
2.822900000000000000e+04
3.815500000000000000e+04
4.851900000000000000e+04
3.589800000000000000e+04
2.157400000000000000e+04
1.706700000000000000e+04
1.457400000000000000e+04
1.863000000000000000e+04
3.260000000000000000e+04
5.393500000000000000e+04
6.267100000000000000e+04
4.054500000000000000e+04
2.575300000000000000e+04
1.872400000000000000e+04
1.430900000000000000e+04
2.180800000000000000e+04
3.081800000000000000e+04
4.470100000000000000e+04
6.651700000000000000e+04
7.762600000000000000e+04
6.571400000000000000e+04
4.108900000000000000e+04
1.956500000000000000e+04
1.224900000000000000e+04
1.609000000000000000e+04
1.758200000000000000e+04
2.656200000000000000e+04
5.263900000000000000e+04
7.689500000000000000e+04
8.745800000000000000e+04
7.493800000000000000e+04
4.181800000000000000e+04
1.777300000000000000e+04
1.366200000000000000e+04
1.352500000000000000e+04
1.476500000000000000e+04
3.076100000000000000e+04
5.454200000000000000e+04
6.952500000000000000e+04
6.220200000000000000e+04
3.812900000000000000e+04
1.826900000000000000e+04
1.071100000000000000e+04
1.190600000000000000e+04
1.699600000000000000e+04
2.443600000000000000e+04
4.499900000000000000e+04
6.336200000000000000e+04
6.420100000000000000e+04
5.215000000000000000e+04
3.359100000000000000e+04
1.832700000000000000e+04
1.485000000000000000e+04
1.824400000000000000e+04
2.040200000000000000e+04
2.903500000000000000e+04
4.402700000000000000e+04
5.399500000000000000e+04
4.626300000000000000e+04
3.399100000000000000e+04
2.374000000000000000e+04
1.390600000000000000e+04
1.358000000000000000e+04
1.710200000000000000e+04
1.626200000000000000e+04
2.911200000000000000e+04
4.659300000000000000e+04
4.591700000000000000e+04
4.246000000000000000e+04
3.382600000000000000e+04
2.027900000000000000e+04
1.498200000000000000e+04
1.350800000000000000e+04
1.412900000000000000e+04
2.047500000000000000e+04
4.156000000000000000e+04
5.947600000000000000e+04
6.356500000000000000e+04
5.829500000000000000e+04
3.968100000000000000e+04
2.398700000000000000e+04
1.760100000000000000e+04
1.561800000000000000e+04
1.805100000000000000e+04
3.671900000000000000e+04
6.979700000000000000e+04
8.220800000000000000e+04
7.559100000000000000e+04
4.820100000000000000e+04
2.007100000000000000e+04
1.285600000000000000e+04
1.009300000000000000e+04
9.590000000000000000e+03
1.495700000000000000e+04
3.126200000000000000e+04
5.469200000000000000e+04
6.107900000000000000e+04
4.896000000000000000e+04
3.393800000000000000e+04
2.109800000000000000e+04
1.907200000000000000e+04
1.434100000000000000e+04
1.906100000000000000e+04
3.025200000000000000e+04
5.450000000000000000e+04
7.985400000000000000e+04
5.498300000000000000e+04
2.356300000000000000e+04
1.452600000000000000e+04
1.273300000000000000e+04
1.139600000000000000e+04
1.266300000000000000e+04
1.671000000000000000e+04
1.800100000000000000e+04
2.552200000000000000e+04
2.524300000000000000e+04
2.574100000000000000e+04
3.951700000000000000e+04
3.380500000000000000e+04
2.304700000000000000e+04
2.170500000000000000e+04
1.805300000000000000e+04
1.547200000000000000e+04
2.596500000000000000e+04
2.639700000000000000e+04
2.899400000000000000e+04
4.226700000000000000e+04
3.555600000000000000e+04
2.164600000000000000e+04
1.701100000000000000e+04
1.562100000000000000e+04
1.527600000000000000e+04
1.557100000000000000e+04
2.376300000000000000e+04
2.641400000000000000e+04
3.005000000000000000e+04
5.015700000000000000e+04
4.356200000000000000e+04
2.834700000000000000e+04
3.019300000000000000e+04
2.271000000000000000e+04
2.569800000000000000e+04
5.190600000000000000e+04
7.753900000000000000e+04
1.086670000000000000e+05
1.121530000000000000e+05
6.110500000000000000e+04
2.781000000000000000e+04
2.415100000000000000e+04
1.616700000000000000e+04
1.548600000000000000e+04
2.600400000000000000e+04
4.418100000000000000e+04
7.570200000000000000e+04
9.830500000000000000e+04
7.676400000000000000e+04
3.424800000000000000e+04
1.954000000000000000e+04
1.869400000000000000e+04
1.332400000000000000e+04
1.790400000000000000e+04
3.149200000000000000e+04
4.971900000000000000e+04
7.482700000000000000e+04
8.087100000000000000e+04
5.036400000000000000e+04
2.135300000000000000e+04
1.759600000000000000e+04
1.740200000000000000e+04
1.745400000000000000e+04
2.976900000000000000e+04
4.773700000000000000e+04
6.399700000000000000e+04
7.126100000000000000e+04
5.695300000000000000e+04
2.910800000000000000e+04
1.536900000000000000e+04
1.843600000000000000e+04
1.946200000000000000e+04
2.074000000000000000e+04
3.554400000000000000e+04
5.325100000000000000e+04
5.519100000000000000e+04
4.950600000000000000e+04
3.980700000000000000e+04
2.104900000000000000e+04
1.419300000000000000e+04
1.857000000000000000e+04
1.841800000000000000e+04
2.416800000000000000e+04
4.218900000000000000e+04
5.903000000000000000e+04
5.604600000000000000e+04
4.331700000000000000e+04
2.996600000000000000e+04
1.625600000000000000e+04
1.705400000000000000e+04
1.598800000000000000e+04
1.581300000000000000e+04
2.444400000000000000e+04
4.435200000000000000e+04
6.514600000000000000e+04
4.457900000000000000e+04
2.346700000000000000e+04
2.172800000000000000e+04
1.941500000000000000e+04
1.679400000000000000e+04
2.362700000000000000e+04
3.339700000000000000e+04
4.247300000000000000e+04
6.379100000000000000e+04
6.828600000000000000e+04
5.370400000000000000e+04
3.780000000000000000e+04
2.030100000000000000e+04
1.737300000000000000e+04
2.257000000000000000e+04
2.185900000000000000e+04
3.341100000000000000e+04
5.368400000000000000e+04
6.649000000000000000e+04
7.353500000000000000e+04
6.434900000000000000e+04
3.385300000000000000e+04
1.518700000000000000e+04
1.584200000000000000e+04
1.868700000000000000e+04
2.340000000000000000e+04
3.717800000000000000e+04
4.564800000000000000e+04
4.297300000000000000e+04
4.227300000000000000e+04
3.654500000000000000e+04
2.017600000000000000e+04
1.309500000000000000e+04
1.771500000000000000e+04
1.931000000000000000e+04
2.491500000000000000e+04
3.712100000000000000e+04
3.388500000000000000e+04
2.663400000000000000e+04
3.202600000000000000e+04
3.352800000000000000e+04
1.956800000000000000e+04
1.797300000000000000e+04
2.454200000000000000e+04
2.091300000000000000e+04
3.090600000000000000e+04
4.163700000000000000e+04
3.361700000000000000e+04
2.628000000000000000e+04
2.854600000000000000e+04
2.566200000000000000e+04
1.593400000000000000e+04
1.850800000000000000e+04
1.870600000000000000e+04
1.845300000000000000e+04
2.786300000000000000e+04
2.744000000000000000e+04
3.815500000000000000e+04
5.917600000000000000e+04
5.894300000000000000e+04
3.615800000000000000e+04
2.129900000000000000e+04
2.510900000000000000e+04
2.245700000000000000e+04
3.335100000000000000e+04
5.062600000000000000e+04
5.726200000000000000e+04
6.450500000000000000e+04
5.775100000000000000e+04
3.174500000000000000e+04
1.802000000000000000e+04
1.888300000000000000e+04
1.836600000000000000e+04
2.458000000000000000e+04
4.433200000000000000e+04
5.798300000000000000e+04
6.484500000000000000e+04
6.329500000000000000e+04
4.172600000000000000e+04
1.905100000000000000e+04
1.405300000000000000e+04
1.608900000000000000e+04
1.632500000000000000e+04
2.936500000000000000e+04
5.050000000000000000e+04
6.023600000000000000e+04
6.566900000000000000e+04
5.318100000000000000e+04
2.508200000000000000e+04
1.365400000000000000e+04
1.377300000000000000e+04
1.112400000000000000e+04
1.085600000000000000e+04
1.649300000000000000e+04
3.505600000000000000e+04
5.363100000000000000e+04
3.860200000000000000e+04
2.042700000000000000e+04
2.109700000000000000e+04
2.165200000000000000e+04
1.750600000000000000e+04
2.694400000000000000e+04
3.457900000000000000e+04
4.651000000000000000e+04
5.779400000000000000e+04
4.373100000000000000e+04
3.425200000000000000e+04
3.453700000000000000e+04
2.265400000000000000e+04
1.830800000000000000e+04
2.386900000000000000e+04
2.335300000000000000e+04
3.954500000000000000e+04
4.951200000000000000e+04
4.574000000000000000e+04
3.381000000000000000e+04
2.473300000000000000e+04
2.085900000000000000e+04
1.545200000000000000e+04
1.776200000000000000e+04
2.194900000000000000e+04
2.421200000000000000e+04
3.999000000000000000e+04
4.105300000000000000e+04
3.330600000000000000e+04
2.644600000000000000e+04
2.223900000000000000e+04
2.010100000000000000e+04
1.431500000000000000e+04
1.793200000000000000e+04
2.073300000000000000e+04
3.178900000000000000e+04
5.648800000000000000e+04
6.067200000000000000e+04
6.857900000000000000e+04
5.870200000000000000e+04
3.022400000000000000e+04
1.439900000000000000e+04
1.254400000000000000e+04
1.402200000000000000e+04
2.142700000000000000e+04
4.071700000000000000e+04
6.206400000000000000e+04
6.917900000000000000e+04
6.884800000000000000e+04
5.002500000000000000e+04
2.418600000000000000e+04
1.461700000000000000e+04
1.369400000000000000e+04
1.646000000000000000e+04
2.718700000000000000e+04
4.575700000000000000e+04
6.098900000000000000e+04
5.869000000000000000e+04
4.669600000000000000e+04
2.926000000000000000e+04
1.594300000000000000e+04
1.389000000000000000e+04
1.391100000000000000e+04
1.890700000000000000e+04
2.963100000000000000e+04
4.591700000000000000e+04
4.989400000000000000e+04
3.749000000000000000e+04
2.855400000000000000e+04
1.899400000000000000e+04
1.313800000000000000e+04
1.586900000000000000e+04
1.646800000000000000e+04
2.263800000000000000e+04
3.467600000000000000e+04
4.360600000000000000e+04
3.886600000000000000e+04
2.836600000000000000e+04
2.358700000000000000e+04
1.899600000000000000e+04
1.498700000000000000e+04
1.596900000000000000e+04
1.543300000000000000e+04
2.376600000000000000e+04
3.259300000000000000e+04
3.164800000000000000e+04
2.942000000000000000e+04
2.558500000000000000e+04
1.954800000000000000e+04
1.744700000000000000e+04
1.715500000000000000e+04
1.514500000000000000e+04
1.533900000000000000e+04
1.619100000000000000e+04
3.248200000000000000e+04
4.397900000000000000e+04
2.866800000000000000e+04
1.612900000000000000e+04
1.556100000000000000e+04
1.484900000000000000e+04
1.448300000000000000e+04
2.214600000000000000e+04
2.863500000000000000e+04
5.430700000000000000e+04
7.306600000000000000e+04
8.232000000000000000e+04
7.441100000000000000e+04
4.511600000000000000e+04
2.278200000000000000e+04
1.782800000000000000e+04
1.473800000000000000e+04
2.158500000000000000e+04
3.443800000000000000e+04
5.995500000000000000e+04
8.112100000000000000e+04
8.003700000000000000e+04
5.854800000000000000e+04
2.923600000000000000e+04
1.723100000000000000e+04
1.487400000000000000e+04
1.660600000000000000e+04
3.047200000000000000e+04
4.521200000000000000e+04
6.418700000000000000e+04
6.717000000000000000e+04
5.484700000000000000e+04
3.583100000000000000e+04
1.762000000000000000e+04
1.426600000000000000e+04
1.406100000000000000e+04
2.117200000000000000e+04
3.634600000000000000e+04
4.854900000000000000e+04
5.572700000000000000e+04
4.450300000000000000e+04
3.061300000000000000e+04
2.098200000000000000e+04
1.268300000000000000e+04
1.149100000000000000e+04
1.321500000000000000e+04
2.430900000000000000e+04
3.949200000000000000e+04
4.862400000000000000e+04
4.812900000000000000e+04
3.370000000000000000e+04
2.107300000000000000e+04
1.516700000000000000e+04
1.098700000000000000e+04
1.383000000000000000e+04
1.673000000000000000e+04
2.980900000000000000e+04
4.348000000000000000e+04
4.608900000000000000e+04
3.911600000000000000e+04
2.477900000000000000e+04
1.777500000000000000e+04
1.516400000000000000e+04
1.191300000000000000e+04
1.357600000000000000e+04
1.873600000000000000e+04
4.018200000000000000e+04
5.761000000000000000e+04
7.092600000000000000e+04
6.295500000000000000e+04
3.319700000000000000e+04
1.648200000000000000e+04
1.009400000000000000e+04
9.755000000000000000e+03
1.049300000000000000e+04
1.800500000000000000e+04
3.468600000000000000e+04
5.455900000000000000e+04
7.363000000000000000e+04
5.907400000000000000e+04
3.423900000000000000e+04
1.788100000000000000e+04
1.329900000000000000e+04
1.200200000000000000e+04
1.699800000000000000e+04
2.981700000000000000e+04
4.807000000000000000e+04
6.291600000000000000e+04
4.912800000000000000e+04
2.694400000000000000e+04
1.826200000000000000e+04
1.670500000000000000e+04
1.136800000000000000e+04
1.067400000000000000e+04
1.078200000000000000e+04
1.448100000000000000e+04
2.399600000000000000e+04
2.916300000000000000e+04
2.167600000000000000e+04
1.379600000000000000e+04
1.218000000000000000e+04
1.240100000000000000e+04
1.178000000000000000e+04
1.905900000000000000e+04
2.841800000000000000e+04
4.792900000000000000e+04
4.849300000000000000e+04
3.219100000000000000e+04
2.280300000000000000e+04
1.872800000000000000e+04
1.593600000000000000e+04
1.360800000000000000e+04
1.496500000000000000e+04
2.159000000000000000e+04
4.078900000000000000e+04
5.481400000000000000e+04
5.385200000000000000e+04
3.368500000000000000e+04
1.634600000000000000e+04
1.397300000000000000e+04
1.200600000000000000e+04
1.360200000000000000e+04
1.699800000000000000e+04
2.894200000000000000e+04
4.834600000000000000e+04
5.193100000000000000e+04
4.371900000000000000e+04
2.508800000000000000e+04
1.653600000000000000e+04
2.155300000000000000e+04
1.728000000000000000e+04
2.094000000000000000e+04
2.349100000000000000e+04
3.852900000000000000e+04
5.413900000000000000e+04
5.473900000000000000e+04
5.384500000000000000e+04
3.780400000000000000e+04
2.618000000000000000e+04
1.532700000000000000e+04
1.405400000000000000e+04
1.785400000000000000e+04
3.192200000000000000e+04
5.273800000000000000e+04
7.367700000000000000e+04
7.688400000000000000e+04
5.470000000000000000e+04
3.628900000000000000e+04
2.166500000000000000e+04
1.465700000000000000e+04
1.589100000000000000e+04
2.367700000000000000e+04
4.029400000000000000e+04
6.576400000000000000e+04
8.191700000000000000e+04
6.002400000000000000e+04
3.169800000000000000e+04
2.291100000000000000e+04
1.457300000000000000e+04
1.544300000000000000e+04
1.579600000000000000e+04
2.510700000000000000e+04
4.155200000000000000e+04
5.639200000000000000e+04
5.127900000000000000e+04
2.872900000000000000e+04
1.530700000000000000e+04
1.320100000000000000e+04
1.112300000000000000e+04
1.570800000000000000e+04
1.932400000000000000e+04
3.300000000000000000e+04
4.491200000000000000e+04
5.243400000000000000e+04
3.748200000000000000e+04
2.064400000000000000e+04
1.663100000000000000e+04
1.869100000000000000e+04
1.527900000000000000e+04
2.300700000000000000e+04
2.582300000000000000e+04
4.165200000000000000e+04
4.650400000000000000e+04
4.785400000000000000e+04
3.615600000000000000e+04
1.943800000000000000e+04
2.111400000000000000e+04
2.147300000000000000e+04
1.683100000000000000e+04
2.001600000000000000e+04
1.305800000000000000e+04
1.656300000000000000e+04
3.236200000000000000e+04
4.655000000000000000e+04
3.265100000000000000e+04
1.784000000000000000e+04
2.109900000000000000e+04
2.163200000000000000e+04
2.334500000000000000e+04
3.309400000000000000e+04
4.978400000000000000e+04
7.428900000000000000e+04
6.952900000000000000e+04
5.256400000000000000e+04
3.736300000000000000e+04
2.858900000000000000e+04
1.849700000000000000e+04
2.057200000000000000e+04
2.893400000000000000e+04
4.117900000000000000e+04
6.033900000000000000e+04
7.220000000000000000e+04
6.049900000000000000e+04
3.967300000000000000e+04
3.398600000000000000e+04
2.521300000000000000e+04
1.881200000000000000e+04
2.361800000000000000e+04
3.170600000000000000e+04
5.028600000000000000e+04
6.939100000000000000e+04
6.769900000000000000e+04
4.376900000000000000e+04
2.827700000000000000e+04
2.907100000000000000e+04
2.093100000000000000e+04
2.246400000000000000e+04
3.045200000000000000e+04
4.268700000000000000e+04
6.163400000000000000e+04
7.139700000000000000e+04
5.516500000000000000e+04
2.908500000000000000e+04
2.292100000000000000e+04
2.360300000000000000e+04
1.671000000000000000e+04
2.467700000000000000e+04
3.075000000000000000e+04
4.719400000000000000e+04
5.733000000000000000e+04
5.713400000000000000e+04
3.588900000000000000e+04
1.792900000000000000e+04
1.976200000000000000e+04
2.110700000000000000e+04
1.880000000000000000e+04
2.762300000000000000e+04
3.549800000000000000e+04
5.186800000000000000e+04
5.638300000000000000e+04
5.144100000000000000e+04
2.955100000000000000e+04
1.766200000000000000e+04
2.484500000000000000e+04
2.201300000000000000e+04
2.926600000000000000e+04
4.426600000000000000e+04
5.779900000000000000e+04
7.562300000000000000e+04
7.626100000000000000e+04
7.005700000000000000e+04
4.449500000000000000e+04
3.716000000000000000e+04
2.205700000000000000e+04
1.944500000000000000e+04
2.920100000000000000e+04
3.560700000000000000e+04
4.788200000000000000e+04
5.934400000000000000e+04
6.285100000000000000e+04
5.641900000000000000e+04
5.022800000000000000e+04
3.338500000000000000e+04
1.919400000000000000e+04
2.639800000000000000e+04
3.168700000000000000e+04
4.110900000000000000e+04
4.939500000000000000e+04
5.903600000000000000e+04
5.453900000000000000e+04
3.800400000000000000e+04
3.281300000000000000e+04
1.998000000000000000e+04
1.488600000000000000e+04
1.588000000000000000e+04
1.476400000000000000e+04
1.414000000000000000e+04
1.421000000000000000e+04
2.645300000000000000e+04
4.202800000000000000e+04
2.852600000000000000e+04
1.966200000000000000e+04
2.126900000000000000e+04
1.987100000000000000e+04
3.336600000000000000e+04
4.457800000000000000e+04
6.194600000000000000e+04
6.879700000000000000e+04
4.503000000000000000e+04
2.537800000000000000e+04
2.386700000000000000e+04
2.665800000000000000e+04
1.885300000000000000e+04
2.697000000000000000e+04
3.123000000000000000e+04
4.321500000000000000e+04
5.825600000000000000e+04
5.777800000000000000e+04
3.816200000000000000e+04
2.089200000000000000e+04
2.131300000000000000e+04
1.813600000000000000e+04
1.787900000000000000e+04
2.623100000000000000e+04
3.359900000000000000e+04
4.927400000000000000e+04
5.194900000000000000e+04
4.171100000000000000e+04
2.278300000000000000e+04
1.466800000000000000e+04
1.902900000000000000e+04
1.725000000000000000e+04
2.427400000000000000e+04
3.071200000000000000e+04
3.670200000000000000e+04
5.364100000000000000e+04
5.686600000000000000e+04
5.228300000000000000e+04
3.878500000000000000e+04
3.007800000000000000e+04
1.635500000000000000e+04
1.688500000000000000e+04
2.294600000000000000e+04
3.195800000000000000e+04
4.541500000000000000e+04
5.757500000000000000e+04
5.751100000000000000e+04
4.485200000000000000e+04
3.230400000000000000e+04
2.334500000000000000e+04
1.543000000000000000e+04
2.059400000000000000e+04
2.444100000000000000e+04
3.333100000000000000e+04
4.660200000000000000e+04
5.455900000000000000e+04
4.245100000000000000e+04
2.505100000000000000e+04
1.818000000000000000e+04
1.334500000000000000e+04
1.338900000000000000e+04
1.937700000000000000e+04
2.724400000000000000e+04
3.962300000000000000e+04
5.156600000000000000e+04
4.794500000000000000e+04
3.048700000000000000e+04
1.804500000000000000e+04
1.683000000000000000e+04
1.400200000000000000e+04
1.354600000000000000e+04
1.958300000000000000e+04
2.556600000000000000e+04
3.916100000000000000e+04
4.795200000000000000e+04
3.860300000000000000e+04
2.560300000000000000e+04
1.841700000000000000e+04
1.838500000000000000e+04
1.444500000000000000e+04
1.593300000000000000e+04
2.331700000000000000e+04
3.405100000000000000e+04
4.490200000000000000e+04
4.413800000000000000e+04
3.729800000000000000e+04
3.058000000000000000e+04
2.232900000000000000e+04
2.354500000000000000e+04
1.569200000000000000e+04
1.287600000000000000e+04
1.135000000000000000e+04
1.137400000000000000e+04
2.300100000000000000e+04
4.078400000000000000e+04
2.743300000000000000e+04
1.460800000000000000e+04
1.192800000000000000e+04
1.514600000000000000e+04
1.664800000000000000e+04
2.996100000000000000e+04
4.040500000000000000e+04
5.780600000000000000e+04
7.127200000000000000e+04
5.986400000000000000e+04
4.038600000000000000e+04
3.317000000000000000e+04
2.155900000000000000e+04
2.009400000000000000e+04
2.462000000000000000e+04
3.339300000000000000e+04
4.772400000000000000e+04
6.194200000000000000e+04
6.609700000000000000e+04
4.258800000000000000e+04
2.630000000000000000e+04
2.272300000000000000e+04
1.694000000000000000e+04
2.535800000000000000e+04
3.084100000000000000e+04
4.286900000000000000e+04
5.723800000000000000e+04
7.099900000000000000e+04
6.309900000000000000e+04
3.276200000000000000e+04
2.416600000000000000e+04
2.144400000000000000e+04
1.847000000000000000e+04
2.663500000000000000e+04
3.236600000000000000e+04
4.832800000000000000e+04
6.335400000000000000e+04
6.250200000000000000e+04
4.149800000000000000e+04
2.142800000000000000e+04
1.997600000000000000e+04
1.832200000000000000e+04
2.070500000000000000e+04
2.901900000000000000e+04
3.414400000000000000e+04
5.098500000000000000e+04
6.037100000000000000e+04
4.827700000000000000e+04
2.688000000000000000e+04
2.007400000000000000e+04
1.915000000000000000e+04
1.575700000000000000e+04
2.311900000000000000e+04
2.971500000000000000e+04
4.011200000000000000e+04
5.540200000000000000e+04
4.815100000000000000e+04
3.117800000000000000e+04
1.875000000000000000e+04
1.983100000000000000e+04
1.960000000000000000e+04
1.785500000000000000e+04
2.544200000000000000e+04
3.119300000000000000e+04
5.029900000000000000e+04
6.342300000000000000e+04
4.928200000000000000e+04
3.082200000000000000e+04
2.541300000000000000e+04
2.527100000000000000e+04
1.756300000000000000e+04
2.013700000000000000e+04
2.519700000000000000e+04
3.376000000000000000e+04
5.121600000000000000e+04
5.652300000000000000e+04
4.274100000000000000e+04
2.832400000000000000e+04
2.745600000000000000e+04
2.027900000000000000e+04
1.667700000000000000e+04
2.146400000000000000e+04
2.747500000000000000e+04
4.123900000000000000e+04
4.885600000000000000e+04
4.641600000000000000e+04
3.010400000000000000e+04
1.758100000000000000e+04
1.515400000000000000e+04
1.419300000000000000e+04
1.098300000000000000e+04
1.038400000000000000e+04
9.207000000000000000e+03
1.041800000000000000e+04
2.120700000000000000e+04
3.469500000000000000e+04
2.489200000000000000e+04
1.372800000000000000e+04
1.233900000000000000e+04
1.593800000000000000e+04
1.634600000000000000e+04
2.612400000000000000e+04
3.085900000000000000e+04
3.781300000000000000e+04
3.478500000000000000e+04
2.383700000000000000e+04
1.869200000000000000e+04
2.002200000000000000e+04
1.608800000000000000e+04
1.404900000000000000e+04
2.053900000000000000e+04
2.402700000000000000e+04
3.486200000000000000e+04
3.800600000000000000e+04
3.204900000000000000e+04
2.434500000000000000e+04
1.680800000000000000e+04
1.799400000000000000e+04
1.439700000000000000e+04
1.767400000000000000e+04
2.450900000000000000e+04
3.196200000000000000e+04
4.942900000000000000e+04
4.911100000000000000e+04
3.417100000000000000e+04
2.045100000000000000e+04
1.745100000000000000e+04
2.164700000000000000e+04
1.806300000000000000e+04
2.796800000000000000e+04
3.407900000000000000e+04
4.816200000000000000e+04
6.140600000000000000e+04
5.172500000000000000e+04
3.834800000000000000e+04
3.057300000000000000e+04
2.287500000000000000e+04
1.547200000000000000e+04
2.118100000000000000e+04
2.560200000000000000e+04
3.735900000000000000e+04
5.023700000000000000e+04
5.621900000000000000e+04
4.245300000000000000e+04
2.664500000000000000e+04
2.600700000000000000e+04
1.795500000000000000e+04
1.738000000000000000e+04
2.263100000000000000e+04
2.668300000000000000e+04
4.047700000000000000e+04
4.516800000000000000e+04
4.299000000000000000e+04
2.914200000000000000e+04
2.619900000000000000e+04
2.278700000000000000e+04
2.130100000000000000e+04
2.347000000000000000e+04
2.845700000000000000e+04
3.330600000000000000e+04
4.419500000000000000e+04
4.248900000000000000e+04
2.732400000000000000e+04
1.759300000000000000e+04
1.636500000000000000e+04
1.596300000000000000e+04
1.394100000000000000e+04
2.173000000000000000e+04
2.830500000000000000e+04
3.566800000000000000e+04
4.610500000000000000e+04
3.610600000000000000e+04
2.446200000000000000e+04
1.799200000000000000e+04
1.762600000000000000e+04
1.549100000000000000e+04
1.487600000000000000e+04
2.202500000000000000e+04
2.631600000000000000e+04
3.333300000000000000e+04
3.781800000000000000e+04
2.750300000000000000e+04
2.309600000000000000e+04
2.164000000000000000e+04
2.075800000000000000e+04
1.549900000000000000e+04
1.062700000000000000e+04
9.781000000000000000e+03
9.373000000000000000e+03
1.234400000000000000e+04
2.596600000000000000e+04
3.535800000000000000e+04
2.493300000000000000e+04
1.529000000000000000e+04
1.510300000000000000e+04
1.835200000000000000e+04
2.032100000000000000e+04
3.160900000000000000e+04
3.995600000000000000e+04
4.785100000000000000e+04
3.998800000000000000e+04
2.543300000000000000e+04
2.134500000000000000e+04
2.136300000000000000e+04
1.601100000000000000e+04
2.200300000000000000e+04
2.654400000000000000e+04
3.805800000000000000e+04
4.946300000000000000e+04
4.878700000000000000e+04
3.635700000000000000e+04
2.202800000000000000e+04
1.841700000000000000e+04
1.774300000000000000e+04
1.642700000000000000e+04
2.206100000000000000e+04
2.699200000000000000e+04
3.712700000000000000e+04
4.599900000000000000e+04
3.693000000000000000e+04
2.679100000000000000e+04
2.253500000000000000e+04
1.821300000000000000e+04
1.528800000000000000e+04
1.565400000000000000e+04
1.922400000000000000e+04
2.042100000000000000e+04
2.606800000000000000e+04
2.799900000000000000e+04
2.724400000000000000e+04
2.584600000000000000e+04
2.516700000000000000e+04
2.691000000000000000e+04
1.769100000000000000e+04
2.615000000000000000e+04
2.741500000000000000e+04
3.100200000000000000e+04
3.629900000000000000e+04
2.717500000000000000e+04
2.002400000000000000e+04
1.605500000000000000e+04
1.823000000000000000e+04
1.659800000000000000e+04
1.494900000000000000e+04
2.369700000000000000e+04
2.685900000000000000e+04
3.427900000000000000e+04
3.618500000000000000e+04
2.435300000000000000e+04
1.888100000000000000e+04
1.615800000000000000e+04
1.938200000000000000e+04
1.581300000000000000e+04
1.999500000000000000e+04
2.884400000000000000e+04
3.506100000000000000e+04
4.927600000000000000e+04
4.794000000000000000e+04
3.727900000000000000e+04
2.823500000000000000e+04
2.622800000000000000e+04
1.714900000000000000e+04
1.839800000000000000e+04
2.365500000000000000e+04
2.578200000000000000e+04
3.569000000000000000e+04
4.134400000000000000e+04
4.436300000000000000e+04
3.650600000000000000e+04
2.838600000000000000e+04
2.136400000000000000e+04
1.458900000000000000e+04
1.908500000000000000e+04
2.236800000000000000e+04
3.449100000000000000e+04
4.513900000000000000e+04
4.519000000000000000e+04
3.862800000000000000e+04
2.489300000000000000e+04
1.861500000000000000e+04
1.307800000000000000e+04
9.734000000000000000e+03
9.630000000000000000e+03
8.955000000000000000e+03
8.598000000000000000e+03
1.211400000000000000e+04
2.427900000000000000e+04
2.979400000000000000e+04
1.962300000000000000e+04
1.426900000000000000e+04
1.736700000000000000e+04
1.694100000000000000e+04
1.975000000000000000e+04
2.524500000000000000e+04
2.951600000000000000e+04
2.931300000000000000e+04
1.949000000000000000e+04
1.439800000000000000e+04
1.587400000000000000e+04
1.796400000000000000e+04
1.518900000000000000e+04
1.964400000000000000e+04
2.351100000000000000e+04
3.056200000000000000e+04
3.726000000000000000e+04
2.915100000000000000e+04
1.940100000000000000e+04
1.399500000000000000e+04
1.445800000000000000e+04
1.401600000000000000e+04
1.501600000000000000e+04
2.169000000000000000e+04
2.396600000000000000e+04
3.125600000000000000e+04
3.771200000000000000e+04
2.817200000000000000e+04
2.064700000000000000e+04
1.717400000000000000e+04
2.084900000000000000e+04
1.764900000000000000e+04
2.052400000000000000e+04
2.604700000000000000e+04
3.203700000000000000e+04
4.119700000000000000e+04
3.631500000000000000e+04
2.727800000000000000e+04
2.186700000000000000e+04
2.309200000000000000e+04
1.686300000000000000e+04
1.785600000000000000e+04
2.302800000000000000e+04
2.609600000000000000e+04
3.620700000000000000e+04
3.784100000000000000e+04
3.112000000000000000e+04
2.443300000000000000e+04
2.611900000000000000e+04
2.362200000000000000e+04
1.602300000000000000e+04
2.483400000000000000e+04
2.844000000000000000e+04
3.279100000000000000e+04
3.940900000000000000e+04
3.601200000000000000e+04
2.748100000000000000e+04
2.253100000000000000e+04
2.378100000000000000e+04
1.798000000000000000e+04
1.742500000000000000e+04
2.452300000000000000e+04
2.493200000000000000e+04
2.928500000000000000e+04
3.315700000000000000e+04
2.515000000000000000e+04
1.844600000000000000e+04
1.979400000000000000e+04
2.443300000000000000e+04
1.745500000000000000e+04
1.818900000000000000e+04
2.358900000000000000e+04
2.558000000000000000e+04
3.351600000000000000e+04
2.933500000000000000e+04
1.982800000000000000e+04
1.490700000000000000e+04
1.503400000000000000e+04
1.449200000000000000e+04
1.164400000000000000e+04
1.491800000000000000e+04
1.773000000000000000e+04
2.238900000000000000e+04
2.763800000000000000e+04
2.243300000000000000e+04
1.555600000000000000e+04
1.202900000000000000e+04
1.287400000000000000e+04
1.326800000000000000e+04
9.426000000000000000e+03
1.034900000000000000e+04
1.012600000000000000e+04
9.468000000000000000e+03
1.011000000000000000e+04
1.611200000000000000e+04
2.205700000000000000e+04
1.584100000000000000e+04
1.427300000000000000e+04
1.454800000000000000e+04
1.314800000000000000e+04
1.664000000000000000e+04
2.260700000000000000e+04
2.422000000000000000e+04
2.482300000000000000e+04
2.666400000000000000e+04
3.010500000000000000e+04
3.055100000000000000e+04
1.754900000000000000e+04
1.797200000000000000e+04
1.990400000000000000e+04
2.253200000000000000e+04
3.277700000000000000e+04
3.179000000000000000e+04
3.314300000000000000e+04
3.327700000000000000e+04
3.525800000000000000e+04
2.803200000000000000e+04
1.596300000000000000e+04
2.034100000000000000e+04
2.175900000000000000e+04
2.478700000000000000e+04
3.005400000000000000e+04
2.771600000000000000e+04
2.477000000000000000e+04
2.337100000000000000e+04
2.573700000000000000e+04
1.702600000000000000e+04
1.343500000000000000e+04
1.965700000000000000e+04
2.191500000000000000e+04
2.640800000000000000e+04
2.808300000000000000e+04
2.002500000000000000e+04
1.337200000000000000e+04
1.498100000000000000e+04
1.919400000000000000e+04
1.541300000000000000e+04
1.732400000000000000e+04
2.368900000000000000e+04
2.523100000000000000e+04
3.234000000000000000e+04
2.626500000000000000e+04
1.771400000000000000e+04
1.535600000000000000e+04
1.957900000000000000e+04
1.821300000000000000e+04
1.423400000000000000e+04
1.915000000000000000e+04
2.131200000000000000e+04
2.391500000000000000e+04
2.564600000000000000e+04
1.790600000000000000e+04
1.161800000000000000e+04
1.222800000000000000e+04
1.495900000000000000e+04
1.602900000000000000e+04
1.482700000000000000e+04
1.923500000000000000e+04
2.092700000000000000e+04
2.387100000000000000e+04
2.303300000000000000e+04
1.775100000000000000e+04
1.733900000000000000e+04
2.395000000000000000e+04
2.007500000000000000e+04
1.373000000000000000e+04
1.955900000000000000e+04
2.095100000000000000e+04
2.712600000000000000e+04
2.898100000000000000e+04
2.689800000000000000e+04
2.968000000000000000e+04
3.293700000000000000e+04
2.837400000000000000e+04
1.751000000000000000e+04
1.514800000000000000e+04
1.922600000000000000e+04
2.013200000000000000e+04
2.340000000000000000e+04
2.711900000000000000e+04
2.356100000000000000e+04
1.965700000000000000e+04
1.853400000000000000e+04
1.665100000000000000e+04
1.312500000000000000e+04
9.846000000000000000e+03
9.469000000000000000e+03
1.172300000000000000e+04
1.598300000000000000e+04
2.490200000000000000e+04
2.443100000000000000e+04
1.716900000000000000e+04
1.328300000000000000e+04
1.361600000000000000e+04
1.575600000000000000e+04
1.156200000000000000e+04
1.110000000000000000e+04
1.102800000000000000e+04
1.024900000000000000e+04
9.106000000000000000e+03
9.200000000000000000e+03
1.211000000000000000e+04
1.683100000000000000e+04
1.410100000000000000e+04
1.212100000000000000e+04
1.476700000000000000e+04
1.344300000000000000e+04
1.485900000000000000e+04
1.307000000000000000e+04
9.721000000000000000e+03
9.845000000000000000e+03
1.240500000000000000e+04
1.546400000000000000e+04
1.255000000000000000e+04
1.233300000000000000e+04
1.431300000000000000e+04
1.411900000000000000e+04
1.710400000000000000e+04
1.450600000000000000e+04
1.149600000000000000e+04
1.356700000000000000e+04
1.739600000000000000e+04
1.505500000000000000e+04
1.166700000000000000e+04
1.465600000000000000e+04
1.528300000000000000e+04
1.795700000000000000e+04
1.993900000000000000e+04
1.926700000000000000e+04
1.848200000000000000e+04
1.754700000000000000e+04
1.431400000000000000e+04
1.016500000000000000e+04
1.093900000000000000e+04
1.322400000000000000e+04
1.423500000000000000e+04
1.765400000000000000e+04
1.863500000000000000e+04
1.518200000000000000e+04
1.308000000000000000e+04
1.169500000000000000e+04
9.863000000000000000e+03
1.012700000000000000e+04
1.175600000000000000e+04
1.185400000000000000e+04
1.388500000000000000e+04
1.556200000000000000e+04
1.587200000000000000e+04
1.574900000000000000e+04
1.351900000000000000e+04
1.087600000000000000e+04
9.338000000000000000e+03
9.608000000000000000e+03
1.204100000000000000e+04
1.347900000000000000e+04
1.569400000000000000e+04
1.930900000000000000e+04
1.813600000000000000e+04
1.542600000000000000e+04
1.379900000000000000e+04
1.107000000000000000e+04
9.661000000000000000e+03
1.009300000000000000e+04
1.035700000000000000e+04
1.284000000000000000e+04
1.714000000000000000e+04
1.789800000000000000e+04
2.087200000000000000e+04
2.239100000000000000e+04
1.675800000000000000e+04
1.300400000000000000e+04
1.166100000000000000e+04
9.683000000000000000e+03
8.755000000000000000e+03
1.057700000000000000e+04
1.242500000000000000e+04
1.524900000000000000e+04
2.533400000000000000e+04
2.455100000000000000e+04
1.598000000000000000e+04
1.446300000000000000e+04
1.250300000000000000e+04
1.226300000000000000e+04
1.366400000000000000e+04
1.580800000000000000e+04
1.743300000000000000e+04
1.373300000000000000e+04
9.406000000000000000e+03
8.513000000000000000e+03
9.374000000000000000e+03
9.597000000000000000e+03
8.369000000000000000e+03
9.422000000000000000e+03
1.097100000000000000e+04
1.248200000000000000e+04
1.358700000000000000e+04
1.228100000000000000e+04
1.095400000000000000e+04
1.059800000000000000e+04
9.213000000000000000e+03
9.178000000000000000e+03
9.355000000000000000e+03
1.002700000000000000e+04
1.288900000000000000e+04
1.470400000000000000e+04
1.791200000000000000e+04
2.121000000000000000e+04
1.931300000000000000e+04
1.280500000000000000e+04
9.820000000000000000e+03
9.169000000000000000e+03
8.200000000000000000e+03
8.748000000000000000e+03
1.071300000000000000e+04
1.064900000000000000e+04
1.234300000000000000e+04
1.564300000000000000e+04
1.358500000000000000e+04
9.705000000000000000e+03
9.342000000000000000e+03
9.499000000000000000e+03
8.900000000000000000e+03
1.094600000000000000e+04
1.366400000000000000e+04
1.181300000000000000e+04
1.193500000000000000e+04
1.458000000000000000e+04
1.106300000000000000e+04
1.030900000000000000e+04
1.061300000000000000e+04
8.868000000000000000e+03
9.505000000000000000e+03
1.048900000000000000e+04
1.083200000000000000e+04
1.481200000000000000e+04
2.030700000000000000e+04
1.823300000000000000e+04
1.308700000000000000e+04
1.135200000000000000e+04
9.956000000000000000e+03
9.293000000000000000e+03
9.616000000000000000e+03
1.040800000000000000e+04
1.424600000000000000e+04
2.303900000000000000e+04
2.757000000000000000e+04
2.086800000000000000e+04
1.196500000000000000e+04
1.050000000000000000e+04
9.548000000000000000e+03
9.921000000000000000e+03
1.200700000000000000e+04
1.231400000000000000e+04
1.103100000000000000e+04
1.049800000000000000e+04
9.890000000000000000e+03
8.636000000000000000e+03
8.622000000000000000e+03
9.948000000000000000e+03
1.147000000000000000e+04
1.313000000000000000e+04
1.488100000000000000e+04
1.549100000000000000e+04
1.319100000000000000e+04
1.053100000000000000e+04
9.107000000000000000e+03
7.976000000000000000e+03
8.564000000000000000e+03
9.884000000000000000e+03
1.149500000000000000e+04
1.567200000000000000e+04
1.707500000000000000e+04
1.693000000000000000e+04
1.735600000000000000e+04
1.310300000000000000e+04
1.126500000000000000e+04
1.131100000000000000e+04
1.048800000000000000e+04
1.125700000000000000e+04
1.266700000000000000e+04
1.599400000000000000e+04
1.506100000000000000e+04
1.045500000000000000e+04
8.262000000000000000e+03
8.930000000000000000e+03
1.083800000000000000e+04
9.777000000000000000e+03
9.471000000000000000e+03
1.152700000000000000e+04
1.253800000000000000e+04
1.317500000000000000e+04
1.498000000000000000e+04
1.588000000000000000e+04
1.604900000000000000e+04
1.312500000000000000e+04
1.009100000000000000e+04
9.382000000000000000e+03
8.699000000000000000e+03
8.269000000000000000e+03
9.631000000000000000e+03
9.397000000000000000e+03
1.094300000000000000e+04
1.433800000000000000e+04
1.459300000000000000e+04
1.110500000000000000e+04
8.881000000000000000e+03
8.338000000000000000e+03
7.997000000000000000e+03
8.744000000000000000e+03
1.137400000000000000e+04
1.192800000000000000e+04
1.090000000000000000e+04
1.176600000000000000e+04
1.144900000000000000e+04
9.068000000000000000e+03
9.086000000000000000e+03
9.844000000000000000e+03
9.359000000000000000e+03
1.209900000000000000e+04
1.490500000000000000e+04
1.430800000000000000e+04
1.223500000000000000e+04
1.035100000000000000e+04
8.563000000000000000e+03
8.532000000000000000e+03
8.944000000000000000e+03
8.578000000000000000e+03
1.019800000000000000e+04
1.224100000000000000e+04
1.333200000000000000e+04
1.813300000000000000e+04
1.980300000000000000e+04
1.386100000000000000e+04
1.066600000000000000e+04
1.007900000000000000e+04
9.055000000000000000e+03
8.736000000000000000e+03
9.279000000000000000e+03
1.002800000000000000e+04
1.056000000000000000e+04
1.115700000000000000e+04
1.062800000000000000e+04
8.750000000000000000e+03
8.367000000000000000e+03
9.185000000000000000e+03
9.148000000000000000e+03
9.554000000000000000e+03
1.157000000000000000e+04
1.186800000000000000e+04
1.409900000000000000e+04
1.641100000000000000e+04
1.472000000000000000e+04
1.123600000000000000e+04
9.471000000000000000e+03
9.088000000000000000e+03
7.903000000000000000e+03
7.779000000000000000e+03
8.982000000000000000e+03
9.837000000000000000e+03
1.177600000000000000e+04
1.340900000000000000e+04
1.172400000000000000e+04
9.333000000000000000e+03
8.907000000000000000e+03
8.563000000000000000e+03
8.569000000000000000e+03
1.082900000000000000e+04
1.045500000000000000e+04
1.094000000000000000e+04
1.248300000000000000e+04
1.030200000000000000e+04
9.401000000000000000e+03
1.076500000000000000e+04
1.038400000000000000e+04
1.152700000000000000e+04
1.521700000000000000e+04
1.821900000000000000e+04
1.650500000000000000e+04
1.385100000000000000e+04
1.313500000000000000e+04
1.175800000000000000e+04
1.203100000000000000e+04
1.013000000000000000e+04
9.175000000000000000e+03
1.093800000000000000e+04
1.215900000000000000e+04
1.247000000000000000e+04
1.304600000000000000e+04
1.196100000000000000e+04
9.827000000000000000e+03
8.180000000000000000e+03
8.566000000000000000e+03
9.119000000000000000e+03
8.935000000000000000e+03
1.125100000000000000e+04
1.555200000000000000e+04
1.960300000000000000e+04
2.438400000000000000e+04
2.319200000000000000e+04
1.541200000000000000e+04
1.106400000000000000e+04
1.048400000000000000e+04
9.532000000000000000e+03
9.237000000000000000e+03
1.145500000000000000e+04
1.286000000000000000e+04
1.442400000000000000e+04
1.725000000000000000e+04
1.559900000000000000e+04
1.094000000000000000e+04
8.728000000000000000e+03
9.514000000000000000e+03
9.208000000000000000e+03
9.740000000000000000e+03
1.210400000000000000e+04
1.313000000000000000e+04
1.198700000000000000e+04
1.068200000000000000e+04
8.900000000000000000e+03
7.910000000000000000e+03
8.436000000000000000e+03
8.339000000000000000e+03
8.133000000000000000e+03
8.987000000000000000e+03
1.027000000000000000e+04
1.160500000000000000e+04
1.232000000000000000e+04
1.287100000000000000e+04
1.039200000000000000e+04
8.592000000000000000e+03
8.998000000000000000e+03
8.711000000000000000e+03
8.908000000000000000e+03
1.124900000000000000e+04
1.175000000000000000e+04
9.902000000000000000e+03
9.836000000000000000e+03
1.067500000000000000e+04
8.998000000000000000e+03
8.113000000000000000e+03
8.603000000000000000e+03
8.350000000000000000e+03
9.304000000000000000e+03
1.225400000000000000e+04
1.476600000000000000e+04
1.862600000000000000e+04
1.930400000000000000e+04
1.366400000000000000e+04
1.050600000000000000e+04
1.144000000000000000e+04
1.048500000000000000e+04
9.859000000000000000e+03
1.249900000000000000e+04
1.439000000000000000e+04
1.260400000000000000e+04
1.174300000000000000e+04
9.889000000000000000e+03
8.455000000000000000e+03
8.753000000000000000e+03
9.820000000000000000e+03
1.160700000000000000e+04
1.416700000000000000e+04
1.746400000000000000e+04
2.140600000000000000e+04
2.126400000000000000e+04
1.499400000000000000e+04
1.178500000000000000e+04
1.057000000000000000e+04
8.956000000000000000e+03
1.050700000000000000e+04
1.259000000000000000e+04
1.326400000000000000e+04
1.316400000000000000e+04
1.157400000000000000e+04
1.194200000000000000e+04
1.229800000000000000e+04
1.113800000000000000e+04
1.167500000000000000e+04
1.148700000000000000e+04
9.503000000000000000e+03
1.231400000000000000e+04
1.379100000000000000e+04
1.187100000000000000e+04
1.285700000000000000e+04
1.278600000000000000e+04
1.044700000000000000e+04
8.762000000000000000e+03
8.508000000000000000e+03
8.081000000000000000e+03
8.129000000000000000e+03
8.731000000000000000e+03
1.025400000000000000e+04
1.151800000000000000e+04
1.192200000000000000e+04
1.173600000000000000e+04
9.749000000000000000e+03
8.488000000000000000e+03
8.618000000000000000e+03
8.570000000000000000e+03
8.697000000000000000e+03
9.463000000000000000e+03
9.976000000000000000e+03
1.050000000000000000e+04
1.332500000000000000e+04
1.266500000000000000e+04
1.026300000000000000e+04
8.833000000000000000e+03
9.305000000000000000e+03
9.479000000000000000e+03
1.047300000000000000e+04
1.351000000000000000e+04
1.616900000000000000e+04
1.645300000000000000e+04
1.428400000000000000e+04
1.096700000000000000e+04
9.036000000000000000e+03
9.772000000000000000e+03
9.951000000000000000e+03
1.076500000000000000e+04
1.733900000000000000e+04
2.421000000000000000e+04
2.309300000000000000e+04
1.607000000000000000e+04
1.067000000000000000e+04
8.921000000000000000e+03
9.398000000000000000e+03
8.762000000000000000e+03
8.581000000000000000e+03
1.024300000000000000e+04
1.061200000000000000e+04
1.095700000000000000e+04
1.227900000000000000e+04
1.311800000000000000e+04
1.125900000000000000e+04
8.905000000000000000e+03
8.952000000000000000e+03
9.620000000000000000e+03
1.085600000000000000e+04
1.495200000000000000e+04
1.675600000000000000e+04
1.360600000000000000e+04
1.051000000000000000e+04
8.784000000000000000e+03
7.895000000000000000e+03
8.088000000000000000e+03
8.480000000000000000e+03
9.730000000000000000e+03
1.139300000000000000e+04
1.305300000000000000e+04
1.445500000000000000e+04
1.836000000000000000e+04
2.081500000000000000e+04
1.862700000000000000e+04
1.235300000000000000e+04
1.008400000000000000e+04
1.166500000000000000e+04
1.043300000000000000e+04
1.077300000000000000e+04
1.330800000000000000e+04
1.291600000000000000e+04
9.649000000000000000e+03
7.785000000000000000e+03
7.442000000000000000e+03
8.108000000000000000e+03
8.199000000000000000e+03
8.082000000000000000e+03
1.062000000000000000e+04
1.281600000000000000e+04
1.249500000000000000e+04
1.152100000000000000e+04
1.166700000000000000e+04
1.188200000000000000e+04
1.107600000000000000e+04
8.848000000000000000e+03
9.107000000000000000e+03
1.134400000000000000e+04
1.346000000000000000e+04
1.929800000000000000e+04
2.644200000000000000e+04
2.618300000000000000e+04
1.706000000000000000e+04
1.101200000000000000e+04
9.559000000000000000e+03
8.861000000000000000e+03
8.473000000000000000e+03
9.193000000000000000e+03
1.139600000000000000e+04
1.372300000000000000e+04
1.518400000000000000e+04
1.527400000000000000e+04
1.214400000000000000e+04
9.173000000000000000e+03
9.385000000000000000e+03
1.171700000000000000e+04
1.254300000000000000e+04
1.391900000000000000e+04
1.981200000000000000e+04
2.556700000000000000e+04
2.521600000000000000e+04
1.818700000000000000e+04
1.223600000000000000e+04
9.783000000000000000e+03
8.690000000000000000e+03
8.159000000000000000e+03
7.901000000000000000e+03
8.834000000000000000e+03
1.059400000000000000e+04
1.149900000000000000e+04
1.163300000000000000e+04
9.814000000000000000e+03
8.266000000000000000e+03
7.671000000000000000e+03
