2.473700000000000000e+04
4.544600000000000000e+04
4.629200000000000000e+04
3.324200000000000000e+04
4.067500000000000000e+04
4.578300000000000000e+04
2.905600000000000000e+04
2.389800000000000000e+04
3.271200000000000000e+04
2.970500000000000000e+04
2.965700000000000000e+04
4.037300000000000000e+04
3.837400000000000000e+04
3.704100000000000000e+04
4.853800000000000000e+04
4.329100000000000000e+04
2.897900000000000000e+04
4.415400000000000000e+04
6.049800000000000000e+04
6.243900000000000000e+04
1.146160000000000000e+05
2.168270000000000000e+05
2.493400000000000000e+05
1.630780000000000000e+05
6.144700000000000000e+04
2.623200000000000000e+04
3.087700000000000000e+04
3.065800000000000000e+04
4.048300000000000000e+04
8.039600000000000000e+04
1.363890000000000000e+05
1.791790000000000000e+05
1.681660000000000000e+05
9.783200000000000000e+04
3.722400000000000000e+04
3.018600000000000000e+04
3.142900000000000000e+04
2.585900000000000000e+04
5.058600000000000000e+04
9.037700000000000000e+04
1.123890000000000000e+05
1.243400000000000000e+05
1.083520000000000000e+05
5.855000000000000000e+04
2.535000000000000000e+04
2.844100000000000000e+04
2.934200000000000000e+04
3.199400000000000000e+04
6.557400000000000000e+04
1.024090000000000000e+05
1.093530000000000000e+05
9.156900000000000000e+04
5.966100000000000000e+04
2.731700000000000000e+04
1.764700000000000000e+04
2.418100000000000000e+04
2.360300000000000000e+04
3.263800000000000000e+04
6.576400000000000000e+04
8.837600000000000000e+04
8.045100000000000000e+04
6.189200000000000000e+04
3.869100000000000000e+04
1.809000000000000000e+04
1.962600000000000000e+04
2.916700000000000000e+04
3.039700000000000000e+04
4.615200000000000000e+04
7.593100000000000000e+04
7.869100000000000000e+04
5.571500000000000000e+04
3.649900000000000000e+04
2.438100000000000000e+04
1.397500000000000000e+04
1.063600000000000000e+04
1.306700000000000000e+04
1.811500000000000000e+04
2.673200000000000000e+04
4.756100000000000000e+04
8.197800000000000000e+04
1.056850000000000000e+05
9.431100000000000000e+04
5.383500000000000000e+04
2.521100000000000000e+04
2.592700000000000000e+04
2.825400000000000000e+04
2.985900000000000000e+04
6.303600000000000000e+04
1.067000000000000000e+05
1.156870000000000000e+05
8.357100000000000000e+04
3.983200000000000000e+04
1.960000000000000000e+04
2.415000000000000000e+04
2.517500000000000000e+04
3.233200000000000000e+04
5.932100000000000000e+04
8.081200000000000000e+04
8.483900000000000000e+04
7.463100000000000000e+04
4.441700000000000000e+04
1.862000000000000000e+04
1.599100000000000000e+04
1.628900000000000000e+04
1.435300000000000000e+04
2.445800000000000000e+04
3.945700000000000000e+04
5.201400000000000000e+04
5.828600000000000000e+04
4.690100000000000000e+04
2.352600000000000000e+04
1.236500000000000000e+04
1.344200000000000000e+04
1.466800000000000000e+04
1.748100000000000000e+04
2.692600000000000000e+04
3.832200000000000000e+04
3.834500000000000000e+04
2.775900000000000000e+04
1.817300000000000000e+04
1.205900000000000000e+04
9.352000000000000000e+03
1.234800000000000000e+04
1.325600000000000000e+04
1.319600000000000000e+04
2.358400000000000000e+04
3.265600000000000000e+04
2.442300000000000000e+04
1.605800000000000000e+04
1.509900000000000000e+04
1.162400000000000000e+04
1.115900000000000000e+04
1.338800000000000000e+04
1.130700000000000000e+04
1.395200000000000000e+04
2.016200000000000000e+04
1.732300000000000000e+04
1.283500000000000000e+04
1.499500000000000000e+04
1.491100000000000000e+04
1.034900000000000000e+04
9.599000000000000000e+03
1.071700000000000000e+04
1.169000000000000000e+04
1.691600000000000000e+04
2.491600000000000000e+04
2.801600000000000000e+04
2.204600000000000000e+04
1.330900000000000000e+04
8.348000000000000000e+03
7.933000000000000000e+03
8.273000000000000000e+03
8.370000000000000000e+03
9.380000000000000000e+03
1.167000000000000000e+04
1.444200000000000000e+04
1.544800000000000000e+04
1.352900000000000000e+04
1.013000000000000000e+04
8.075000000000000000e+03
9.338000000000000000e+03
1.138100000000000000e+04
1.409400000000000000e+04
2.060400000000000000e+04
2.458200000000000000e+04
2.178700000000000000e+04
1.621200000000000000e+04
1.110500000000000000e+04
8.478000000000000000e+03
7.689000000000000000e+03
7.406000000000000000e+03
8.005000000000000000e+03
9.588000000000000000e+03
1.543600000000000000e+04
2.193500000000000000e+04
2.087400000000000000e+04
1.565300000000000000e+04
1.227500000000000000e+04
1.000000000000000000e+04
8.840000000000000000e+03
9.688000000000000000e+03
1.164100000000000000e+04
1.596400000000000000e+04
2.223100000000000000e+04
2.364100000000000000e+04
2.113500000000000000e+04
1.972400000000000000e+04
1.482600000000000000e+04
1.031100000000000000e+04
1.246200000000000000e+04
1.313600000000000000e+04
1.230600000000000000e+04
2.046600000000000000e+04
2.625600000000000000e+04
2.084400000000000000e+04
2.283200000000000000e+04
2.679200000000000000e+04
1.778500000000000000e+04
1.485200000000000000e+04
1.824700000000000000e+04
1.375300000000000000e+04
1.537600000000000000e+04
2.082700000000000000e+04
1.566600000000000000e+04
1.577500000000000000e+04
2.741200000000000000e+04
2.850100000000000000e+04
1.730200000000000000e+04
1.664700000000000000e+04
2.200700000000000000e+04
2.110500000000000000e+04
3.639900000000000000e+04
6.059000000000000000e+04
5.785900000000000000e+04
4.039800000000000000e+04
2.725100000000000000e+04
1.499600000000000000e+04
1.241800000000000000e+04
1.573100000000000000e+04
1.523500000000000000e+04
2.201200000000000000e+04
3.620700000000000000e+04
4.234600000000000000e+04
4.130700000000000000e+04
3.502400000000000000e+04
2.118500000000000000e+04
1.238900000000000000e+04
1.660900000000000000e+04
1.980700000000000000e+04
2.208400000000000000e+04
3.477700000000000000e+04
4.892200000000000000e+04
5.162500000000000000e+04
4.702300000000000000e+04
3.815600000000000000e+04
2.329700000000000000e+04
1.681300000000000000e+04
2.131400000000000000e+04
2.017300000000000000e+04
2.322000000000000000e+04
3.434900000000000000e+04
3.108800000000000000e+04
2.439300000000000000e+04
3.102200000000000000e+04
3.087800000000000000e+04
1.813200000000000000e+04
1.433100000000000000e+04
1.701400000000000000e+04
1.321200000000000000e+04
1.538900000000000000e+04
2.071800000000000000e+04
1.625800000000000000e+04
1.975100000000000000e+04
3.040600000000000000e+04
2.526300000000000000e+04
1.882400000000000000e+04
2.088100000000000000e+04
1.823400000000000000e+04
1.434700000000000000e+04
2.015300000000000000e+04
2.213100000000000000e+04
3.068600000000000000e+04
6.149700000000000000e+04
6.011500000000000000e+04
3.205600000000000000e+04
2.613100000000000000e+04
2.021200000000000000e+04
2.446300000000000000e+04
4.407800000000000000e+04
6.008800000000000000e+04
6.331200000000000000e+04
4.220200000000000000e+04
2.193700000000000000e+04
1.501100000000000000e+04
1.304100000000000000e+04
1.469700000000000000e+04
2.136800000000000000e+04
3.557800000000000000e+04
4.705000000000000000e+04
6.970400000000000000e+04
8.526200000000000000e+04
6.081800000000000000e+04
2.870900000000000000e+04
1.392200000000000000e+04
1.206400000000000000e+04
1.687300000000000000e+04
2.078700000000000000e+04
3.183100000000000000e+04
6.001500000000000000e+04
7.267800000000000000e+04
6.217100000000000000e+04
4.844100000000000000e+04
2.874300000000000000e+04
1.509900000000000000e+04
1.609700000000000000e+04
1.580700000000000000e+04
1.814800000000000000e+04
3.457200000000000000e+04
4.941000000000000000e+04
4.962900000000000000e+04
4.238500000000000000e+04
3.325200000000000000e+04
2.019200000000000000e+04
1.409200000000000000e+04
1.919000000000000000e+04
1.900800000000000000e+04
2.154700000000000000e+04
3.978400000000000000e+04
4.469400000000000000e+04
3.008300000000000000e+04
3.164200000000000000e+04
3.394100000000000000e+04
1.888700000000000000e+04
1.829400000000000000e+04
2.167700000000000000e+04
1.834700000000000000e+04
3.225400000000000000e+04
4.325000000000000000e+04
3.370900000000000000e+04
2.815900000000000000e+04
3.180500000000000000e+04
2.580200000000000000e+04
1.537800000000000000e+04
2.078200000000000000e+04
2.355600000000000000e+04
2.070700000000000000e+04
3.443800000000000000e+04
3.385800000000000000e+04
2.303800000000000000e+04
3.412200000000000000e+04
3.839300000000000000e+04
2.592000000000000000e+04
1.691400000000000000e+04
2.247600000000000000e+04
2.500400000000000000e+04
3.490400000000000000e+04
7.025000000000000000e+04
8.713200000000000000e+04
7.415900000000000000e+04
5.198000000000000000e+04
2.751300000000000000e+04
1.402700000000000000e+04
1.553000000000000000e+04
1.732500000000000000e+04
2.298900000000000000e+04
4.859800000000000000e+04
7.227700000000000000e+04
7.966200000000000000e+04
7.072500000000000000e+04
3.773000000000000000e+04
1.428100000000000000e+04
1.106900000000000000e+04
1.129400000000000000e+04
1.473200000000000000e+04
2.656800000000000000e+04
5.150500000000000000e+04
7.509300000000000000e+04
7.025400000000000000e+04
4.948800000000000000e+04
2.536300000000000000e+04
1.369800000000000000e+04
1.353500000000000000e+04
1.224100000000000000e+04
1.859700000000000000e+04
2.931300000000000000e+04
5.870800000000000000e+04
6.218900000000000000e+04
3.484800000000000000e+04
2.044200000000000000e+04
1.785900000000000000e+04
1.448500000000000000e+04
1.199600000000000000e+04
1.654500000000000000e+04
1.921500000000000000e+04
2.785800000000000000e+04
3.464100000000000000e+04
2.856700000000000000e+04
3.461400000000000000e+04
3.777300000000000000e+04
2.107700000000000000e+04
1.985800000000000000e+04
1.757800000000000000e+04
1.281900000000000000e+04
1.492900000000000000e+04
1.750500000000000000e+04
3.814500000000000000e+04
6.286900000000000000e+04
6.110500000000000000e+04
5.281100000000000000e+04
4.126300000000000000e+04
2.785500000000000000e+04
3.603800000000000000e+04
3.022900000000000000e+04
3.841900000000000000e+04
5.378900000000000000e+04
3.706000000000000000e+04
4.035600000000000000e+04
5.227300000000000000e+04
3.401700000000000000e+04
2.277900000000000000e+04
2.230700000000000000e+04
1.659200000000000000e+04
2.949100000000000000e+04
4.704800000000000000e+04
7.437900000000000000e+04
1.045680000000000000e+05
8.085700000000000000e+04
3.391500000000000000e+04
1.842700000000000000e+04
1.732900000000000000e+04
1.458300000000000000e+04
2.035100000000000000e+04
3.111800000000000000e+04
5.185600000000000000e+04
9.335100000000000000e+04
1.084990000000000000e+05
6.464800000000000000e+04
2.346100000000000000e+04
2.001300000000000000e+04
1.764500000000000000e+04
1.944400000000000000e+04
3.454800000000000000e+04
5.074700000000000000e+04
7.511200000000000000e+04
9.437300000000000000e+04
7.555000000000000000e+04
3.403700000000000000e+04
1.563900000000000000e+04
1.764000000000000000e+04
1.659600000000000000e+04
2.447000000000000000e+04
4.423900000000000000e+04
6.176700000000000000e+04
7.790400000000000000e+04
7.887500000000000000e+04
4.901500000000000000e+04
2.064800000000000000e+04
1.691400000000000000e+04
1.859500000000000000e+04
1.797200000000000000e+04
3.100100000000000000e+04
5.182000000000000000e+04
6.701000000000000000e+04
7.098500000000000000e+04
5.705900000000000000e+04
3.245100000000000000e+04
1.545300000000000000e+04
1.596800000000000000e+04
1.973000000000000000e+04
2.288500000000000000e+04
4.695800000000000000e+04
7.884800000000000000e+04
9.264600000000000000e+04
8.194000000000000000e+04
4.880400000000000000e+04
2.152400000000000000e+04
1.399800000000000000e+04
1.368100000000000000e+04
1.318000000000000000e+04
1.219600000000000000e+04
1.720400000000000000e+04
3.099200000000000000e+04
3.788600000000000000e+04
3.474700000000000000e+04
3.336700000000000000e+04
2.456400000000000000e+04
1.387600000000000000e+04
1.558600000000000000e+04
2.115000000000000000e+04
2.943000000000000000e+04
5.525400000000000000e+04
9.589800000000000000e+04
1.200620000000000000e+05
9.294700000000000000e+04
3.950500000000000000e+04
1.981500000000000000e+04
2.067100000000000000e+04
1.526600000000000000e+04
2.035900000000000000e+04
3.310900000000000000e+04
5.007100000000000000e+04
9.034800000000000000e+04
1.099310000000000000e+05
6.498000000000000000e+04
2.418600000000000000e+04
2.116900000000000000e+04
2.155600000000000000e+04
1.878700000000000000e+04
2.849600000000000000e+04
4.226500000000000000e+04
5.703700000000000000e+04
8.014200000000000000e+04
7.547900000000000000e+04
3.714400000000000000e+04
1.745100000000000000e+04
1.890300000000000000e+04
1.796200000000000000e+04
2.056300000000000000e+04
3.606200000000000000e+04
5.323900000000000000e+04
6.221600000000000000e+04
6.440900000000000000e+04
4.827300000000000000e+04
2.279500000000000000e+04
1.454000000000000000e+04
1.864400000000000000e+04
1.973900000000000000e+04
2.588200000000000000e+04
4.722800000000000000e+04
6.337200000000000000e+04
5.940600000000000000e+04
4.996400000000000000e+04
3.369500000000000000e+04
1.626900000000000000e+04
1.545100000000000000e+04
1.921600000000000000e+04
2.228700000000000000e+04
3.662700000000000000e+04
5.930000000000000000e+04
6.883400000000000000e+04
5.467800000000000000e+04
3.926100000000000000e+04
2.579400000000000000e+04
1.606200000000000000e+04
1.973400000000000000e+04
2.108700000000000000e+04
2.175900000000000000e+04
4.411900000000000000e+04
7.516200000000000000e+04
1.171660000000000000e+05
1.286580000000000000e+05
6.755100000000000000e+04
2.501900000000000000e+04
2.109800000000000000e+04
1.493300000000000000e+04
1.700100000000000000e+04
2.929500000000000000e+04
5.257800000000000000e+04
1.047850000000000000e+05
1.530710000000000000e+05
1.172370000000000000e+05
4.769600000000000000e+04
3.067700000000000000e+04
2.560200000000000000e+04
1.657900000000000000e+04
2.286100000000000000e+04
3.269200000000000000e+04
6.078100000000000000e+04
1.090090000000000000e+05
1.214290000000000000e+05
7.236700000000000000e+04
2.995900000000000000e+04
2.942900000000000000e+04
1.985600000000000000e+04
1.108800000000000000e+04
1.019900000000000000e+04
1.503900000000000000e+04
2.719000000000000000e+04
3.563800000000000000e+04
3.022900000000000000e+04
3.186700000000000000e+04
2.660800000000000000e+04
1.619500000000000000e+04
2.347500000000000000e+04
2.924900000000000000e+04
4.512500000000000000e+04
6.957100000000000000e+04
7.591400000000000000e+04
5.898800000000000000e+04
3.911700000000000000e+04
2.193000000000000000e+04
1.424400000000000000e+04
2.071900000000000000e+04
2.148700000000000000e+04
3.168400000000000000e+04
4.991200000000000000e+04
6.115300000000000000e+04
6.823600000000000000e+04
5.486400000000000000e+04
3.105400000000000000e+04
1.571400000000000000e+04
1.486400000000000000e+04
1.952500000000000000e+04
1.855100000000000000e+04
2.916000000000000000e+04
4.174800000000000000e+04
4.675700000000000000e+04
4.400400000000000000e+04
2.991800000000000000e+04
1.797600000000000000e+04
1.215100000000000000e+04
1.386100000000000000e+04
1.851400000000000000e+04
2.256200000000000000e+04
4.945900000000000000e+04
7.724000000000000000e+04
1.084740000000000000e+05
1.205870000000000000e+05
7.058600000000000000e+04
3.318900000000000000e+04
2.584600000000000000e+04
1.767100000000000000e+04
2.077200000000000000e+04
3.173000000000000000e+04
5.067300000000000000e+04
8.315900000000000000e+04
1.005230000000000000e+05
8.634500000000000000e+04
4.423500000000000000e+04
2.298700000000000000e+04
2.125200000000000000e+04
1.698500000000000000e+04
2.383900000000000000e+04
3.402500000000000000e+04
5.456500000000000000e+04
8.091000000000000000e+04
8.444500000000000000e+04
5.362500000000000000e+04
2.276500000000000000e+04
2.029900000000000000e+04
1.796300000000000000e+04
1.675200000000000000e+04
2.840300000000000000e+04
4.132100000000000000e+04
6.437100000000000000e+04
7.580600000000000000e+04
5.881100000000000000e+04
3.124300000000000000e+04
1.703000000000000000e+04
2.155200000000000000e+04
1.828200000000000000e+04
2.155200000000000000e+04
3.608300000000000000e+04
5.126900000000000000e+04
7.217600000000000000e+04
6.701200000000000000e+04
4.398000000000000000e+04
2.355500000000000000e+04
1.698400000000000000e+04
1.982800000000000000e+04
1.703900000000000000e+04
2.151900000000000000e+04
3.689300000000000000e+04
5.082700000000000000e+04
6.397700000000000000e+04
5.395300000000000000e+04
3.375400000000000000e+04
1.826100000000000000e+04
1.924000000000000000e+04
1.717200000000000000e+04
2.375600000000000000e+04
2.858100000000000000e+04
4.184700000000000000e+04
5.712500000000000000e+04
3.594100000000000000e+04
1.916100000000000000e+04
1.580900000000000000e+04
1.600400000000000000e+04
1.434500000000000000e+04
2.095300000000000000e+04
2.214500000000000000e+04
3.692600000000000000e+04
6.184300000000000000e+04
8.922400000000000000e+04
1.116830000000000000e+05
7.729100000000000000e+04
3.492600000000000000e+04
2.652700000000000000e+04
1.878900000000000000e+04
1.943100000000000000e+04
2.658000000000000000e+04
3.873100000000000000e+04
6.971600000000000000e+04
1.041900000000000000e+05
9.422600000000000000e+04
4.339000000000000000e+04
2.587100000000000000e+04
2.498000000000000000e+04
1.818100000000000000e+04
2.264900000000000000e+04
2.895900000000000000e+04
4.801300000000000000e+04
7.295800000000000000e+04
7.512900000000000000e+04
4.984400000000000000e+04
2.176200000000000000e+04
1.971300000000000000e+04
1.965000000000000000e+04
1.843000000000000000e+04
2.841400000000000000e+04
4.106200000000000000e+04
6.375300000000000000e+04
7.515600000000000000e+04
5.810500000000000000e+04
3.090900000000000000e+04
1.587000000000000000e+04
1.908300000000000000e+04
1.869700000000000000e+04
2.027400000000000000e+04
3.011600000000000000e+04
4.053200000000000000e+04
5.353100000000000000e+04
5.218000000000000000e+04
3.674000000000000000e+04
2.107900000000000000e+04
1.500100000000000000e+04
1.861900000000000000e+04
1.975000000000000000e+04
2.439100000000000000e+04
3.618400000000000000e+04
4.738300000000000000e+04
4.980500000000000000e+04
3.976700000000000000e+04
2.364200000000000000e+04
1.268600000000000000e+04
1.360200000000000000e+04
1.855700000000000000e+04
1.891800000000000000e+04
3.018100000000000000e+04
4.672500000000000000e+04
6.556600000000000000e+04
8.653900000000000000e+04
6.919600000000000000e+04
2.929700000000000000e+04
1.848700000000000000e+04
1.793300000000000000e+04
1.414700000000000000e+04
1.533000000000000000e+04
2.173400000000000000e+04
3.357300000000000000e+04
4.950000000000000000e+04
5.074100000000000000e+04
2.977000000000000000e+04
1.432400000000000000e+04
1.493300000000000000e+04
1.559300000000000000e+04
1.604000000000000000e+04
2.266700000000000000e+04
3.804900000000000000e+04
5.844200000000000000e+04
7.519000000000000000e+04
6.819900000000000000e+04
3.407000000000000000e+04
1.922500000000000000e+04
2.102000000000000000e+04
1.288600000000000000e+04
1.025300000000000000e+04
1.378800000000000000e+04
2.960100000000000000e+04
4.315600000000000000e+04
2.983300000000000000e+04
1.696600000000000000e+04
1.924400000000000000e+04
1.694400000000000000e+04
1.703900000000000000e+04
2.709200000000000000e+04
2.852000000000000000e+04
4.143200000000000000e+04
4.872300000000000000e+04
4.346300000000000000e+04
4.066600000000000000e+04
3.419900000000000000e+04
1.742500000000000000e+04
1.620800000000000000e+04
1.878100000000000000e+04
2.373200000000000000e+04
3.423300000000000000e+04
4.168500000000000000e+04
4.044500000000000000e+04
3.082700000000000000e+04
2.660200000000000000e+04
2.179300000000000000e+04
1.340300000000000000e+04
1.588800000000000000e+04
1.714100000000000000e+04
2.217300000000000000e+04
3.461600000000000000e+04
3.802900000000000000e+04
3.611400000000000000e+04
3.050200000000000000e+04
2.449600000000000000e+04
1.783400000000000000e+04
1.409200000000000000e+04
2.092500000000000000e+04
1.908200000000000000e+04
2.852400000000000000e+04
4.629600000000000000e+04
5.630000000000000000e+04
7.006800000000000000e+04
5.884300000000000000e+04
2.979200000000000000e+04
1.524000000000000000e+04
1.574900000000000000e+04
1.645900000000000000e+04
2.060000000000000000e+04
3.272600000000000000e+04
4.820900000000000000e+04
6.235700000000000000e+04
6.158500000000000000e+04
3.918800000000000000e+04
1.840800000000000000e+04
1.480300000000000000e+04
1.616400000000000000e+04
1.819600000000000000e+04
2.601300000000000000e+04
3.622800000000000000e+04
4.197900000000000000e+04
4.271700000000000000e+04
3.944000000000000000e+04
2.782300000000000000e+04
1.508000000000000000e+04
1.520300000000000000e+04
1.761100000000000000e+04
2.028100000000000000e+04
3.184700000000000000e+04
4.062500000000000000e+04
4.115900000000000000e+04
3.392400000000000000e+04
2.372200000000000000e+04
1.464700000000000000e+04
1.050200000000000000e+04
1.261100000000000000e+04
1.558600000000000000e+04
2.266900000000000000e+04
3.384400000000000000e+04
3.806200000000000000e+04
3.473700000000000000e+04
3.086400000000000000e+04
2.374800000000000000e+04
1.573700000000000000e+04
1.234800000000000000e+04
1.360300000000000000e+04
1.427600000000000000e+04
2.224000000000000000e+04
3.088700000000000000e+04
3.111800000000000000e+04
4.018200000000000000e+04
4.500900000000000000e+04
3.100500000000000000e+04
2.102700000000000000e+04
1.571000000000000000e+04
1.330100000000000000e+04
1.393300000000000000e+04
1.689500000000000000e+04
3.800700000000000000e+04
5.307400000000000000e+04
3.071100000000000000e+04
1.362700000000000000e+04
1.113500000000000000e+04
1.447700000000000000e+04
1.368800000000000000e+04
2.323100000000000000e+04
2.894600000000000000e+04
4.577600000000000000e+04
5.547000000000000000e+04
4.320700000000000000e+04
3.006900000000000000e+04
2.129900000000000000e+04
1.335600000000000000e+04
1.197600000000000000e+04
1.285500000000000000e+04
1.804700000000000000e+04
2.840000000000000000e+04
3.639800000000000000e+04
3.770700000000000000e+04
3.310900000000000000e+04
2.621900000000000000e+04
2.118800000000000000e+04
1.431300000000000000e+04
1.460100000000000000e+04
1.791500000000000000e+04
2.948600000000000000e+04
4.820600000000000000e+04
4.967900000000000000e+04
4.502300000000000000e+04
3.396500000000000000e+04
2.205400000000000000e+04
1.802700000000000000e+04
1.287200000000000000e+04
1.461400000000000000e+04
1.651300000000000000e+04
2.693800000000000000e+04
3.503900000000000000e+04
3.056200000000000000e+04
3.564500000000000000e+04
2.975800000000000000e+04
2.197200000000000000e+04
1.445900000000000000e+04
1.097000000000000000e+04
1.379800000000000000e+04
1.759400000000000000e+04
2.999100000000000000e+04
3.067700000000000000e+04
2.753700000000000000e+04
3.070500000000000000e+04
2.323900000000000000e+04
1.838100000000000000e+04
1.253200000000000000e+04
1.324000000000000000e+04
1.597400000000000000e+04
2.041100000000000000e+04
2.899700000000000000e+04
2.521700000000000000e+04
3.357300000000000000e+04
3.421100000000000000e+04
2.559500000000000000e+04
2.392000000000000000e+04
1.790000000000000000e+04
2.782500000000000000e+04
3.443500000000000000e+04
5.941400000000000000e+04
8.105100000000000000e+04
7.112400000000000000e+04
4.701900000000000000e+04
2.520000000000000000e+04
1.878800000000000000e+04
1.299100000000000000e+04
1.616100000000000000e+04
2.566700000000000000e+04
4.025900000000000000e+04
6.081800000000000000e+04
7.306400000000000000e+04
5.761600000000000000e+04
3.077600000000000000e+04
1.831000000000000000e+04
1.267900000000000000e+04
1.217900000000000000e+04
1.771000000000000000e+04
2.737700000000000000e+04
4.984700000000000000e+04
7.121500000000000000e+04
7.177000000000000000e+04
4.452300000000000000e+04
1.995100000000000000e+04
1.583300000000000000e+04
1.394100000000000000e+04
1.131200000000000000e+04
1.381800000000000000e+04
1.198900000000000000e+04
1.499200000000000000e+04
2.845100000000000000e+04
3.693700000000000000e+04
2.844500000000000000e+04
1.674300000000000000e+04
1.414400000000000000e+04
1.701500000000000000e+04
1.763500000000000000e+04
3.037400000000000000e+04
3.632100000000000000e+04
5.207500000000000000e+04
4.725700000000000000e+04
3.774400000000000000e+04
3.029400000000000000e+04
2.930100000000000000e+04
2.467300000000000000e+04
1.778400000000000000e+04
2.446100000000000000e+04
3.220000000000000000e+04
5.422500000000000000e+04
5.723800000000000000e+04
4.176800000000000000e+04
2.708500000000000000e+04
1.721600000000000000e+04
1.791900000000000000e+04
1.572800000000000000e+04
1.895800000000000000e+04
2.525700000000000000e+04
3.509800000000000000e+04
5.293300000000000000e+04
4.784500000000000000e+04
4.259300000000000000e+04
2.988800000000000000e+04
2.215200000000000000e+04
2.203500000000000000e+04
1.878700000000000000e+04
3.156900000000000000e+04
3.817500000000000000e+04
5.689500000000000000e+04
7.071300000000000000e+04
6.119800000000000000e+04
4.042200000000000000e+04
2.557600000000000000e+04
2.268900000000000000e+04
1.757700000000000000e+04
2.509600000000000000e+04
3.420400000000000000e+04
5.001700000000000000e+04
6.757900000000000000e+04
7.573300000000000000e+04
5.651700000000000000e+04
3.054800000000000000e+04
2.301900000000000000e+04
1.827100000000000000e+04
1.797700000000000000e+04
2.504600000000000000e+04
3.303200000000000000e+04
4.926300000000000000e+04
5.888800000000000000e+04
5.650300000000000000e+04
3.560800000000000000e+04
1.875100000000000000e+04
1.416500000000000000e+04
1.292300000000000000e+04
1.888700000000000000e+04
2.324500000000000000e+04
2.471600000000000000e+04
3.549900000000000000e+04
3.615900000000000000e+04
3.274200000000000000e+04
2.568900000000000000e+04
2.123600000000000000e+04
1.968600000000000000e+04
1.781500000000000000e+04
2.275200000000000000e+04
3.075600000000000000e+04
4.450900000000000000e+04
6.093300000000000000e+04
4.884600000000000000e+04
3.320500000000000000e+04
2.127500000000000000e+04
1.748000000000000000e+04
1.614400000000000000e+04
1.621600000000000000e+04
2.506800000000000000e+04
3.225700000000000000e+04
5.102200000000000000e+04
5.783900000000000000e+04
4.090500000000000000e+04
3.037000000000000000e+04
2.095100000000000000e+04
2.177700000000000000e+04
1.597800000000000000e+04
1.186500000000000000e+04
1.137500000000000000e+04
1.016900000000000000e+04
1.481600000000000000e+04
3.012800000000000000e+04
3.738500000000000000e+04
2.389800000000000000e+04
1.379300000000000000e+04
1.552100000000000000e+04
1.610100000000000000e+04
2.239400000000000000e+04
3.425600000000000000e+04
4.540100000000000000e+04
5.784200000000000000e+04
5.847500000000000000e+04
4.497900000000000000e+04
3.533100000000000000e+04
2.751500000000000000e+04
1.749800000000000000e+04
2.129200000000000000e+04
2.547600000000000000e+04
4.027300000000000000e+04
4.972300000000000000e+04
5.641900000000000000e+04
5.411000000000000000e+04
3.891400000000000000e+04
3.197200000000000000e+04
2.090000000000000000e+04
1.714800000000000000e+04
2.212300000000000000e+04
2.801500000000000000e+04
4.471100000000000000e+04
5.518400000000000000e+04
5.737000000000000000e+04
4.242900000000000000e+04
2.896900000000000000e+04
2.489700000000000000e+04
1.628500000000000000e+04
2.045300000000000000e+04
2.810000000000000000e+04
3.982300000000000000e+04
5.561700000000000000e+04
5.978500000000000000e+04
4.885400000000000000e+04
2.843100000000000000e+04
2.268600000000000000e+04
1.987500000000000000e+04
1.542600000000000000e+04
2.396600000000000000e+04
3.202800000000000000e+04
4.533400000000000000e+04
5.894500000000000000e+04
5.591000000000000000e+04
3.899000000000000000e+04
2.232500000000000000e+04
1.990800000000000000e+04
1.518300000000000000e+04
1.707400000000000000e+04
2.489000000000000000e+04
3.357800000000000000e+04
4.895300000000000000e+04
5.706900000000000000e+04
4.649500000000000000e+04
2.695100000000000000e+04
1.852300000000000000e+04
1.923800000000000000e+04
1.442400000000000000e+04
2.101700000000000000e+04
2.784600000000000000e+04
4.004400000000000000e+04
5.224300000000000000e+04
5.745000000000000000e+04
5.093400000000000000e+04
3.401300000000000000e+04
2.830800000000000000e+04
1.786100000000000000e+04
1.635700000000000000e+04
2.251100000000000000e+04
3.031400000000000000e+04
4.329000000000000000e+04
4.840900000000000000e+04
5.362300000000000000e+04
4.487000000000000000e+04
3.487700000000000000e+04
2.595800000000000000e+04
1.517600000000000000e+04
1.936900000000000000e+04
2.370100000000000000e+04
3.484200000000000000e+04
4.529900000000000000e+04
5.091100000000000000e+04
4.573000000000000000e+04
2.890100000000000000e+04
2.078700000000000000e+04
1.422800000000000000e+04
1.015000000000000000e+04
1.077000000000000000e+04
1.015200000000000000e+04
9.549000000000000000e+03
1.026200000000000000e+04
1.989500000000000000e+04
3.223100000000000000e+04
2.556400000000000000e+04
1.588600000000000000e+04
1.703600000000000000e+04
1.783700000000000000e+04
2.487000000000000000e+04
3.083400000000000000e+04
3.837300000000000000e+04
4.373700000000000000e+04
3.137000000000000000e+04
1.898900000000000000e+04
1.685300000000000000e+04
1.851300000000000000e+04
1.586200000000000000e+04
2.203100000000000000e+04
2.576100000000000000e+04
3.262200000000000000e+04
4.289900000000000000e+04
3.742400000000000000e+04
2.842500000000000000e+04
1.951600000000000000e+04
1.884900000000000000e+04
1.483400000000000000e+04
1.620200000000000000e+04
2.364500000000000000e+04
2.644100000000000000e+04
3.387200000000000000e+04
3.688500000000000000e+04
3.222400000000000000e+04
2.495900000000000000e+04
2.139700000000000000e+04
2.397700000000000000e+04
1.822500000000000000e+04
2.323400000000000000e+04
3.029800000000000000e+04
3.902800000000000000e+04
4.713100000000000000e+04
4.330000000000000000e+04
3.464800000000000000e+04
2.789200000000000000e+04
2.545300000000000000e+04
1.729300000000000000e+04
1.981600000000000000e+04
2.551600000000000000e+04
3.317400000000000000e+04
4.780700000000000000e+04
5.429700000000000000e+04
5.002400000000000000e+04
3.435100000000000000e+04
2.550900000000000000e+04
1.946400000000000000e+04
1.477900000000000000e+04
2.078200000000000000e+04
2.794200000000000000e+04
3.702100000000000000e+04
4.609200000000000000e+04
4.298700000000000000e+04
3.093100000000000000e+04
2.027800000000000000e+04
1.798600000000000000e+04
1.506900000000000000e+04
1.553700000000000000e+04
2.251300000000000000e+04
2.580300000000000000e+04
3.035900000000000000e+04
3.103000000000000000e+04
2.552000000000000000e+04
1.918400000000000000e+04
1.599600000000000000e+04
1.905100000000000000e+04
1.610300000000000000e+04
1.881500000000000000e+04
2.488800000000000000e+04
2.325100000000000000e+04
3.273500000000000000e+04
2.902900000000000000e+04
2.079500000000000000e+04
1.631800000000000000e+04
1.572300000000000000e+04
1.679900000000000000e+04
1.390500000000000000e+04
1.793300000000000000e+04
2.170400000000000000e+04
2.154000000000000000e+04
2.770400000000000000e+04
2.339000000000000000e+04
2.330000000000000000e+04
2.133000000000000000e+04
1.799300000000000000e+04
1.735700000000000000e+04
1.051900000000000000e+04
9.290000000000000000e+03
9.843000000000000000e+03
1.409300000000000000e+04
2.792800000000000000e+04
3.740300000000000000e+04
3.065900000000000000e+04
2.013000000000000000e+04
1.441500000000000000e+04
2.119900000000000000e+04
2.071200000000000000e+04
2.489900000000000000e+04
2.807100000000000000e+04
2.958200000000000000e+04
2.922100000000000000e+04
2.085900000000000000e+04
1.743500000000000000e+04
2.047600000000000000e+04
1.705500000000000000e+04
1.505300000000000000e+04
2.041700000000000000e+04
2.280700000000000000e+04
3.087000000000000000e+04
3.101500000000000000e+04
2.403100000000000000e+04
1.969900000000000000e+04
1.726900000000000000e+04
1.862900000000000000e+04
1.407900000000000000e+04
1.719900000000000000e+04
2.128800000000000000e+04
2.134800000000000000e+04
2.904000000000000000e+04
2.481500000000000000e+04
1.970900000000000000e+04
1.775900000000000000e+04
1.910200000000000000e+04
1.737900000000000000e+04
1.309200000000000000e+04
1.779300000000000000e+04
2.010200000000000000e+04
2.446200000000000000e+04
2.904400000000000000e+04
2.318100000000000000e+04
1.947600000000000000e+04
1.586000000000000000e+04
1.764000000000000000e+04
1.546800000000000000e+04
1.403100000000000000e+04
1.814600000000000000e+04
1.865300000000000000e+04
2.366800000000000000e+04
2.148000000000000000e+04
1.994300000000000000e+04
2.082800000000000000e+04
1.802500000000000000e+04
1.921200000000000000e+04
1.561800000000000000e+04
1.805200000000000000e+04
2.143100000000000000e+04
2.170200000000000000e+04
2.613500000000000000e+04
2.022100000000000000e+04
1.787300000000000000e+04
1.606200000000000000e+04
1.968200000000000000e+04
1.797000000000000000e+04
1.636200000000000000e+04
2.286400000000000000e+04
2.671300000000000000e+04
3.601800000000000000e+04
3.627500000000000000e+04
2.704900000000000000e+04
1.832100000000000000e+04
1.915200000000000000e+04
1.761800000000000000e+04
1.484300000000000000e+04
2.178300000000000000e+04
2.519900000000000000e+04
3.230900000000000000e+04
3.831300000000000000e+04
3.353300000000000000e+04
2.596400000000000000e+04
2.236500000000000000e+04
2.084100000000000000e+04
1.395000000000000000e+04
1.331500000000000000e+04
1.871700000000000000e+04
2.213500000000000000e+04
2.913200000000000000e+04
3.176700000000000000e+04
2.684300000000000000e+04
1.923900000000000000e+04
1.510800000000000000e+04
1.423900000000000000e+04
1.005600000000000000e+04
8.649000000000000000e+03
8.639000000000000000e+03
8.267000000000000000e+03
1.086000000000000000e+04
2.019600000000000000e+04
2.810700000000000000e+04
2.203500000000000000e+04
1.336800000000000000e+04
1.432900000000000000e+04
1.574900000000000000e+04
1.575400000000000000e+04
2.104000000000000000e+04
2.524300000000000000e+04
2.718000000000000000e+04
2.163500000000000000e+04
1.430800000000000000e+04
1.371200000000000000e+04
1.644500000000000000e+04
1.309500000000000000e+04
1.358100000000000000e+04
1.682400000000000000e+04
1.859600000000000000e+04
2.510300000000000000e+04
2.196300000000000000e+04
1.850900000000000000e+04
1.496200000000000000e+04
1.818100000000000000e+04
1.982100000000000000e+04
1.378600000000000000e+04
1.857200000000000000e+04
2.390300000000000000e+04
2.911100000000000000e+04
3.378600000000000000e+04
2.625800000000000000e+04
1.689600000000000000e+04
1.537800000000000000e+04
2.113600000000000000e+04
1.743800000000000000e+04
1.547800000000000000e+04
1.999800000000000000e+04
2.413100000000000000e+04
3.183300000000000000e+04
2.890000000000000000e+04
2.411600000000000000e+04
2.264200000000000000e+04
2.517500000000000000e+04
1.945200000000000000e+04
1.382100000000000000e+04
1.809900000000000000e+04
2.155200000000000000e+04
2.848800000000000000e+04
3.256100000000000000e+04
2.768900000000000000e+04
2.159100000000000000e+04
2.079300000000000000e+04
2.430800000000000000e+04
1.847000000000000000e+04
1.540100000000000000e+04
2.121200000000000000e+04
2.511700000000000000e+04
3.160200000000000000e+04
3.150700000000000000e+04
2.439600000000000000e+04
1.985700000000000000e+04
2.098100000000000000e+04
1.813100000000000000e+04
1.268400000000000000e+04
1.520300000000000000e+04
2.011000000000000000e+04
2.358400000000000000e+04
2.677800000000000000e+04
2.074700000000000000e+04
1.316000000000000000e+04
1.168900000000000000e+04
1.601800000000000000e+04
1.448600000000000000e+04
1.169900000000000000e+04
1.678200000000000000e+04
1.949700000000000000e+04
2.321500000000000000e+04
2.274500000000000000e+04
1.438700000000000000e+04
9.936000000000000000e+03
1.025900000000000000e+04
1.219000000000000000e+04
1.121400000000000000e+04
1.154700000000000000e+04
1.601600000000000000e+04
1.756700000000000000e+04
2.100600000000000000e+04
1.975300000000000000e+04
1.570300000000000000e+04
1.422800000000000000e+04
1.316400000000000000e+04
1.297000000000000000e+04
9.430000000000000000e+03
7.508000000000000000e+03
7.334000000000000000e+03
8.510000000000000000e+03
1.371000000000000000e+04
2.324000000000000000e+04
2.395100000000000000e+04
1.518800000000000000e+04
1.140000000000000000e+04
1.582100000000000000e+04
1.701900000000000000e+04
1.648300000000000000e+04
2.130100000000000000e+04
2.561500000000000000e+04
2.433500000000000000e+04
1.970300000000000000e+04
1.814200000000000000e+04
2.177300000000000000e+04
1.966800000000000000e+04
1.221800000000000000e+04
1.455900000000000000e+04
1.654700000000000000e+04
2.213600000000000000e+04
2.682300000000000000e+04
2.106300000000000000e+04
1.762300000000000000e+04
1.776300000000000000e+04
1.817000000000000000e+04
1.328300000000000000e+04
1.018800000000000000e+04
1.173400000000000000e+04
1.318700000000000000e+04
1.604100000000000000e+04
1.603000000000000000e+04
1.208400000000000000e+04
1.172200000000000000e+04
1.369700000000000000e+04
1.830900000000000000e+04
1.481700000000000000e+04
1.221700000000000000e+04
1.460200000000000000e+04
1.537800000000000000e+04
2.067200000000000000e+04
1.573200000000000000e+04
1.186800000000000000e+04
1.306700000000000000e+04
1.654900000000000000e+04
1.770000000000000000e+04
1.229300000000000000e+04
1.383600000000000000e+04
1.553200000000000000e+04
1.900900000000000000e+04
2.017700000000000000e+04
1.363500000000000000e+04
1.218500000000000000e+04
1.197100000000000000e+04
1.549000000000000000e+04
1.536600000000000000e+04
1.325500000000000000e+04
1.631100000000000000e+04
1.711300000000000000e+04
2.228100000000000000e+04
1.765200000000000000e+04
1.394800000000000000e+04
1.478600000000000000e+04
1.596200000000000000e+04
2.077400000000000000e+04
1.451000000000000000e+04
1.560700000000000000e+04
1.848300000000000000e+04
2.103800000000000000e+04
2.241000000000000000e+04
1.568500000000000000e+04
1.256400000000000000e+04
1.418700000000000000e+04
1.692800000000000000e+04
1.308000000000000000e+04
1.320600000000000000e+04
1.481800000000000000e+04
1.674300000000000000e+04
1.922700000000000000e+04
1.872600000000000000e+04
1.451400000000000000e+04
1.131500000000000000e+04
1.274700000000000000e+04
1.606200000000000000e+04
1.272800000000000000e+04
1.174500000000000000e+04
1.340400000000000000e+04
1.459700000000000000e+04
1.869700000000000000e+04
1.429700000000000000e+04
1.672500000000000000e+04
2.025800000000000000e+04
1.848500000000000000e+04
1.436800000000000000e+04
9.751000000000000000e+03
8.050000000000000000e+03
9.205000000000000000e+03
1.111100000000000000e+04
1.682100000000000000e+04
1.934500000000000000e+04
1.466000000000000000e+04
1.213100000000000000e+04
1.042500000000000000e+04
1.223900000000000000e+04
1.117200000000000000e+04
1.022500000000000000e+04
1.126700000000000000e+04
1.087200000000000000e+04
1.267200000000000000e+04
1.706700000000000000e+04
1.740500000000000000e+04
2.044100000000000000e+04
2.137600000000000000e+04
1.370700000000000000e+04
1.558000000000000000e+04
1.350700000000000000e+04
1.380100000000000000e+04
1.448100000000000000e+04
1.310700000000000000e+04
1.712100000000000000e+04
2.070300000000000000e+04
2.099600000000000000e+04
1.404700000000000000e+04
1.170600000000000000e+04
1.191500000000000000e+04
1.320100000000000000e+04
1.574100000000000000e+04
1.397400000000000000e+04
1.525200000000000000e+04
1.765800000000000000e+04
2.172600000000000000e+04
2.180400000000000000e+04
1.313600000000000000e+04
1.200300000000000000e+04
1.133800000000000000e+04
1.171100000000000000e+04
1.258100000000000000e+04
9.996000000000000000e+03
1.149300000000000000e+04
1.529300000000000000e+04
1.802800000000000000e+04
1.348600000000000000e+04
1.164900000000000000e+04
1.347900000000000000e+04
1.281600000000000000e+04
1.558700000000000000e+04
1.435400000000000000e+04
1.125100000000000000e+04
1.240200000000000000e+04
1.444800000000000000e+04
1.384100000000000000e+04
1.033400000000000000e+04
1.127500000000000000e+04
1.250000000000000000e+04
1.265700000000000000e+04
1.538700000000000000e+04
1.400700000000000000e+04
1.186700000000000000e+04
1.254300000000000000e+04
1.361800000000000000e+04
1.108400000000000000e+04
9.494000000000000000e+03
1.109000000000000000e+04
1.039600000000000000e+04
1.186000000000000000e+04
1.164700000000000000e+04
1.073700000000000000e+04
1.388800000000000000e+04
1.606700000000000000e+04
1.397700000000000000e+04
9.983000000000000000e+03
9.060000000000000000e+03
9.061000000000000000e+03
9.182000000000000000e+03
1.097400000000000000e+04
1.055700000000000000e+04
1.246500000000000000e+04
1.775400000000000000e+04
1.865200000000000000e+04
1.509600000000000000e+04
1.098500000000000000e+04
1.013700000000000000e+04
9.815000000000000000e+03
9.524000000000000000e+03
1.128300000000000000e+04
1.119900000000000000e+04
1.429300000000000000e+04
1.684800000000000000e+04
1.278000000000000000e+04
1.105300000000000000e+04
9.545000000000000000e+03
8.236000000000000000e+03
9.637000000000000000e+03
1.145800000000000000e+04
1.350600000000000000e+04
1.208800000000000000e+04
8.783000000000000000e+03
7.549000000000000000e+03
7.891000000000000000e+03
8.939000000000000000e+03
9.584000000000000000e+03
1.040200000000000000e+04
1.360300000000000000e+04
1.614400000000000000e+04
1.823400000000000000e+04
2.027300000000000000e+04
1.749300000000000000e+04
1.215300000000000000e+04
8.820000000000000000e+03
8.179000000000000000e+03
8.414000000000000000e+03
8.618000000000000000e+03
1.022600000000000000e+04
1.203300000000000000e+04
1.376000000000000000e+04
1.568900000000000000e+04
1.473000000000000000e+04
1.164500000000000000e+04
9.398000000000000000e+03
8.471000000000000000e+03
8.518000000000000000e+03
9.208000000000000000e+03
1.211500000000000000e+04
1.350700000000000000e+04
1.224400000000000000e+04
1.207600000000000000e+04
1.050600000000000000e+04
8.495000000000000000e+03
8.384000000000000000e+03
8.297000000000000000e+03
7.590000000000000000e+03
8.669000000000000000e+03
1.017900000000000000e+04
1.113600000000000000e+04
1.374200000000000000e+04
1.476900000000000000e+04
1.157600000000000000e+04
8.768000000000000000e+03
8.851000000000000000e+03
8.145000000000000000e+03
8.163000000000000000e+03
9.516000000000000000e+03
1.076500000000000000e+04
1.467900000000000000e+04
2.055700000000000000e+04
2.158400000000000000e+04
1.556800000000000000e+04
1.146700000000000000e+04
9.943000000000000000e+03
8.356000000000000000e+03
8.044000000000000000e+03
8.050000000000000000e+03
8.554000000000000000e+03
1.038500000000000000e+04
1.520800000000000000e+04
1.565000000000000000e+04
1.036100000000000000e+04
1.013200000000000000e+04
1.095500000000000000e+04
1.030100000000000000e+04
1.314400000000000000e+04
1.771100000000000000e+04
2.199600000000000000e+04
2.351200000000000000e+04
1.851600000000000000e+04
1.195700000000000000e+04
1.092000000000000000e+04
1.107200000000000000e+04
9.551000000000000000e+03
1.150700000000000000e+04
1.549200000000000000e+04
1.977100000000000000e+04
2.599000000000000000e+04
2.524600000000000000e+04
1.676600000000000000e+04
1.230600000000000000e+04
1.104100000000000000e+04
9.320000000000000000e+03
8.883000000000000000e+03
1.139400000000000000e+04
1.309200000000000000e+04
1.511900000000000000e+04
1.782300000000000000e+04
1.493800000000000000e+04
1.023800000000000000e+04
8.846000000000000000e+03
7.787000000000000000e+03
7.790000000000000000e+03
8.086000000000000000e+03
8.430000000000000000e+03
9.870000000000000000e+03
1.030400000000000000e+04
9.865000000000000000e+03
1.000600000000000000e+04
1.042600000000000000e+04
8.929000000000000000e+03
8.301000000000000000e+03
9.835000000000000000e+03
1.128000000000000000e+04
1.333500000000000000e+04
1.603500000000000000e+04
1.491800000000000000e+04
1.151700000000000000e+04
9.305000000000000000e+03
8.250000000000000000e+03
8.878000000000000000e+03
9.978000000000000000e+03
9.382000000000000000e+03
1.045700000000000000e+04
1.185400000000000000e+04
1.123500000000000000e+04
1.213400000000000000e+04
1.305700000000000000e+04
1.088200000000000000e+04
8.888000000000000000e+03
9.995000000000000000e+03
9.351000000000000000e+03
1.020000000000000000e+04
1.502500000000000000e+04
1.604700000000000000e+04
1.408500000000000000e+04
1.299200000000000000e+04
1.072600000000000000e+04
8.500000000000000000e+03
7.982000000000000000e+03
8.141000000000000000e+03
8.630000000000000000e+03
1.114500000000000000e+04
1.420500000000000000e+04
1.847200000000000000e+04
2.464500000000000000e+04
2.056300000000000000e+04
1.222200000000000000e+04
1.082800000000000000e+04
1.118200000000000000e+04
9.189000000000000000e+03
1.024900000000000000e+04
1.466400000000000000e+04
1.793600000000000000e+04
1.927000000000000000e+04
1.655100000000000000e+04
1.109400000000000000e+04
8.958000000000000000e+03
9.238000000000000000e+03
8.805000000000000000e+03
9.425000000000000000e+03
1.309200000000000000e+04
1.768600000000000000e+04
2.083400000000000000e+04
2.043900000000000000e+04
1.536500000000000000e+04
9.979000000000000000e+03
9.086000000000000000e+03
1.009200000000000000e+04
9.636000000000000000e+03
1.072100000000000000e+04
1.307600000000000000e+04
1.224300000000000000e+04
1.151400000000000000e+04
1.242100000000000000e+04
1.168100000000000000e+04
9.105000000000000000e+03
9.114000000000000000e+03
1.026100000000000000e+04
9.220000000000000000e+03
1.060800000000000000e+04
1.305100000000000000e+04
1.213200000000000000e+04
1.129700000000000000e+04
1.117000000000000000e+04
9.019000000000000000e+03
7.951000000000000000e+03
8.739000000000000000e+03
8.474000000000000000e+03
8.536000000000000000e+03
1.080900000000000000e+04
1.393100000000000000e+04
1.719600000000000000e+04
1.643000000000000000e+04
1.177600000000000000e+04
1.035100000000000000e+04
1.019600000000000000e+04
8.710000000000000000e+03
9.804000000000000000e+03
1.263800000000000000e+04
1.422500000000000000e+04
1.438600000000000000e+04
1.274000000000000000e+04
1.177100000000000000e+04
1.210300000000000000e+04
1.122600000000000000e+04
9.165000000000000000e+03
9.266000000000000000e+03
1.164200000000000000e+04
1.425000000000000000e+04
1.811800000000000000e+04
2.379200000000000000e+04
2.319700000000000000e+04
1.623700000000000000e+04
1.102700000000000000e+04
1.118300000000000000e+04
1.059900000000000000e+04
9.045000000000000000e+03
1.124600000000000000e+04
1.394100000000000000e+04
1.638500000000000000e+04
2.058600000000000000e+04
2.102400000000000000e+04
1.590200000000000000e+04
1.129400000000000000e+04
1.101400000000000000e+04
9.572000000000000000e+03
7.835000000000000000e+03
9.162000000000000000e+03
1.078200000000000000e+04
1.133400000000000000e+04
1.123600000000000000e+04
1.030100000000000000e+04
8.456000000000000000e+03
7.944000000000000000e+03
8.842000000000000000e+03
8.839000000000000000e+03
1.044900000000000000e+04
1.462200000000000000e+04
1.811400000000000000e+04
1.872000000000000000e+04
1.512000000000000000e+04
1.019100000000000000e+04
8.441000000000000000e+03
8.727000000000000000e+03
8.063000000000000000e+03
7.414000000000000000e+03
7.894000000000000000e+03
8.674000000000000000e+03
9.416000000000000000e+03
1.131600000000000000e+04
1.324300000000000000e+04
1.169300000000000000e+04
8.536000000000000000e+03
8.486000000000000000e+03
1.002200000000000000e+04
1.051400000000000000e+04
1.268100000000000000e+04
1.605500000000000000e+04
1.607700000000000000e+04
1.276900000000000000e+04
9.583000000000000000e+03
7.931000000000000000e+03
7.323000000000000000e+03
7.515000000000000000e+03
8.133000000000000000e+03
8.361000000000000000e+03
9.633000000000000000e+03
1.292600000000000000e+04
1.425000000000000000e+04
1.175500000000000000e+04
8.531000000000000000e+03
7.664000000000000000e+03
8.172000000000000000e+03
8.821000000000000000e+03
9.140000000000000000e+03
1.139200000000000000e+04
1.706400000000000000e+04
2.276800000000000000e+04
2.209500000000000000e+04
1.487100000000000000e+04
9.551000000000000000e+03
9.487000000000000000e+03
1.020300000000000000e+04
9.805000000000000000e+03
1.053100000000000000e+04
1.411600000000000000e+04
1.931100000000000000e+04
2.191800000000000000e+04
1.874900000000000000e+04
1.366800000000000000e+04
1.054000000000000000e+04
8.327000000000000000e+03
7.874000000000000000e+03
9.208000000000000000e+03
1.026500000000000000e+04
1.122300000000000000e+04
1.213300000000000000e+04
1.157000000000000000e+04
1.110200000000000000e+04
1.128000000000000000e+04
9.951000000000000000e+03
8.284000000000000000e+03
9.791000000000000000e+03
1.236500000000000000e+04
1.367100000000000000e+04
1.535700000000000000e+04
1.636000000000000000e+04
1.378100000000000000e+04
9.755000000000000000e+03
7.786000000000000000e+03
7.681000000000000000e+03
7.620000000000000000e+03
7.390000000000000000e+03
7.989000000000000000e+03
8.982000000000000000e+03
9.424000000000000000e+03
9.721000000000000000e+03
9.984000000000000000e+03
9.039000000000000000e+03
7.782000000000000000e+03
7.662000000000000000e+03
8.321000000000000000e+03
8.628000000000000000e+03
9.709000000000000000e+03
1.169300000000000000e+04
1.315900000000000000e+04
1.283800000000000000e+04
1.025900000000000000e+04
7.910000000000000000e+03
7.381000000000000000e+03
8.585000000000000000e+03
9.672000000000000000e+03
1.036400000000000000e+04
1.336200000000000000e+04
1.707300000000000000e+04
1.611000000000000000e+04
1.124100000000000000e+04
8.424000000000000000e+03
7.931000000000000000e+03
7.520000000000000000e+03
7.699000000000000000e+03
8.583000000000000000e+03
9.791000000000000000e+03
1.178900000000000000e+04
1.448300000000000000e+04
1.554200000000000000e+04
1.342900000000000000e+04
9.712000000000000000e+03
8.710000000000000000e+03
9.455000000000000000e+03
8.768000000000000000e+03
8.866000000000000000e+03
1.162500000000000000e+04
1.431000000000000000e+04
1.308300000000000000e+04
9.577000000000000000e+03
7.918000000000000000e+03
7.531000000000000000e+03
7.947000000000000000e+03
9.532000000000000000e+03
1.070100000000000000e+04
1.239100000000000000e+04
1.903800000000000000e+04
2.595200000000000000e+04
2.396200000000000000e+04
1.542400000000000000e+04
1.035300000000000000e+04
9.695000000000000000e+03
8.938000000000000000e+03
7.564000000000000000e+03
7.055000000000000000e+03
7.299000000000000000e+03
7.848000000000000000e+03
8.625000000000000000e+03
9.809000000000000000e+03
9.985000000000000000e+03
8.482000000000000000e+03
8.247000000000000000e+03
1.073000000000000000e+04
1.180300000000000000e+04
1.237600000000000000e+04
1.659700000000000000e+04
1.964900000000000000e+04
1.639400000000000000e+04
1.137500000000000000e+04
9.259000000000000000e+03
8.565000000000000000e+03
7.452000000000000000e+03
7.598000000000000000e+03
8.774000000000000000e+03
1.035100000000000000e+04
1.298100000000000000e+04
1.571200000000000000e+04
1.582400000000000000e+04
1.448200000000000000e+04
1.222300000000000000e+04
8.824000000000000000e+03
7.860000000000000000e+03
9.171000000000000000e+03
1.059200000000000000e+04
1.224700000000000000e+04
1.501900000000000000e+04
1.587900000000000000e+04
1.284500000000000000e+04
9.292000000000000000e+03
7.951000000000000000e+03
8.273000000000000000e+03
8.523000000000000000e+03
8.096000000000000000e+03
8.823000000000000000e+03
1.080100000000000000e+04
1.130000000000000000e+04
9.663000000000000000e+03
7.760000000000000000e+03
7.053000000000000000e+03
7.515000000000000000e+03
8.012000000000000000e+03
8.378000000000000000e+03
1.001000000000000000e+04
1.351100000000000000e+04
1.682000000000000000e+04
1.734500000000000000e+04
1.358700000000000000e+04
9.408000000000000000e+03
7.654000000000000000e+03
8.084000000000000000e+03
8.367000000000000000e+03
8.080000000000000000e+03
8.407000000000000000e+03
9.505000000000000000e+03
1.027200000000000000e+04
9.656000000000000000e+03
8.098000000000000000e+03
7.288000000000000000e+03
7.645000000000000000e+03
8.295000000000000000e+03
9.443000000000000000e+03
1.145000000000000000e+04
1.509800000000000000e+04
1.907200000000000000e+04
2.016800000000000000e+04
1.732600000000000000e+04
1.219400000000000000e+04
8.677000000000000000e+03
8.952000000000000000e+03
9.788000000000000000e+03
