3.799830000000001746e+04
4.760950000000002183e+04
8.719269999999998254e+04
1.005512000000000116e+05
6.345870000000001164e+04
4.453759999999999854e+04
4.702509999999996944e+04
3.376919999999999709e+04
2.756810000000000218e+04
3.457419999999999709e+04
3.901430000000000291e+04
7.105470000000001164e+04
1.402836000000000058e+05
1.894742999999999302e+05
1.744246999999999534e+05
1.069520999999999622e+05
4.782640000000000146e+04
3.064109999999999491e+04
3.235640000000000873e+04
3.973769999999999709e+04
6.164930000000001746e+04
1.137415000000000146e+05
1.815778999999999069e+05
1.846032999999999010e+05
1.079436000000000058e+05
4.814760000000001310e+04
3.470990000000000146e+04
2.699419999999999709e+04
3.341329999999999563e+04
4.559149999999996362e+04
6.431549999999999272e+04
1.177321999999999534e+05
1.517112000000000698e+05
1.204670999999999767e+05
7.871949999999998545e+04
5.561069999999999709e+04
3.356850000000000000e+04
2.805409999999999854e+04
3.412629999999999563e+04
3.838379999999998836e+04
6.898550000000002910e+04
1.009741000000000058e+05
8.044180000000000291e+04
4.483120000000003347e+04
4.315480000000000291e+04
4.144150000000000000e+04
2.794400000000000364e+04
2.999190000000000146e+04
3.429450000000002183e+04
4.460380000000001019e+04
8.921289999999997963e+04
1.156162000000000116e+05
8.801829999999995925e+04
6.235199999999999272e+04
5.924540000000000146e+04
4.295480000000001019e+04
3.099599999999999636e+04
3.384390000000000146e+04
3.662730000000000291e+04
5.931999999999999272e+04
9.014340000000002328e+04
8.046800000000001455e+04
5.344719999999997526e+04
4.595869999999998981e+04
4.002319999999999709e+04
2.702219999999999709e+04
2.334459999999998763e+04
2.673689999999998690e+04
3.592980000000000291e+04
7.750969999999998254e+04
1.742905000000000291e+05
2.949698999999999651e+05
3.437486999999999534e+05
2.566870000000000582e+05
1.169139000000000087e+05
4.429320000000001892e+04
3.559640000000000146e+04
3.605900000000001455e+04
6.179589999999999418e+04
1.245491000000000495e+05
1.671603999999999942e+05
1.459747999999999884e+05
9.061750000000000000e+04
5.297479999999998836e+04
3.529620000000000437e+04
3.035200000000000364e+04
3.905030000000002474e+04
6.059450000000000000e+04
1.187577000000000698e+05
1.847483999999999942e+05
1.678453999999999651e+05
9.202369999999999709e+04
4.893480000000001019e+04
3.628699999999998545e+04
2.804770000000000800e+04
3.306050000000000728e+04
4.098299999999997817e+04
6.134350000000000728e+04
1.120031999999999971e+05
1.361779000000000233e+05
9.650340000000002328e+04
6.286170000000000437e+04
5.923429999999999563e+04
4.074810000000001310e+04
3.020320000000000073e+04
3.567820000000000437e+04
4.108279999999999563e+04
7.988159999999994761e+04
1.172366000000000204e+05
8.607909999999999127e+04
4.850209999999999854e+04
5.319470000000002619e+04
4.853859999999998399e+04
3.250969999999999709e+04
3.514299999999998545e+04
3.759450000000000000e+04
5.357869999999998254e+04
9.778990000000000873e+04
1.038721999999999389e+05
7.302860000000000582e+04
8.745219999999998254e+04
9.881910000000002037e+04
6.282230000000000291e+04
4.127429999999999563e+04
4.038619999999997526e+04
3.619660000000000582e+04
5.813759999999998399e+04
8.579700000000004366e+04
6.571000000000001455e+04
4.534630000000000291e+04
6.247800000000000000e+04
6.059839999999997235e+04
3.729490000000000146e+04
3.311550000000000000e+04
3.745210000000000582e+04
5.303510000000003492e+04
1.020672999999999884e+05
1.340822999999999593e+05
1.047334999999999563e+05
8.047000000000001455e+04
8.320330000000000291e+04
5.747189999999999418e+04
3.418530000000001019e+04
3.679250000000000000e+04
3.696940000000000146e+04
6.580340000000002328e+04
1.023206999999999971e+05
8.870430000000003201e+04
7.134200000000000000e+04
7.925900000000000000e+04
6.732650000000000000e+04
4.138099999999999272e+04
3.578480000000000291e+04
4.121050000000002910e+04
5.370920000000001892e+04
9.529740000000003783e+04
1.219574999999999127e+05
9.237629999999998836e+04
7.932599999999998545e+04
8.516229999999995925e+04
5.634929999999999563e+04
3.334390000000000873e+04
2.954930000000000291e+04
2.848709999999999854e+04
5.088430000000001746e+04
1.359303999999999942e+05
2.440640000000000000e+05
2.432791000000000058e+05
1.474769999999999709e+05
7.209660000000002037e+04
3.857579999999998836e+04
2.567350000000000000e+04
2.778870000000000073e+04
3.503950000000002183e+04
4.833869999999998254e+04
8.091050000000002910e+04
8.480110000000000582e+04
7.163790000000002328e+04
1.008078000000000320e+05
9.297199999999997090e+04
5.214839999999997963e+04
4.864089999999999418e+04
4.210540000000001601e+04
4.515629999999999563e+04
6.915309999999999127e+04
6.210690000000001601e+04
4.690580000000000291e+04
6.945869999999995343e+04
8.830179999999995925e+04
6.596850000000000000e+04
4.235430000000000291e+04
4.459209999999999854e+04
4.497520000000001164e+04
6.274590000000000146e+04
9.548400000000001455e+04
8.634440000000002328e+04
8.239219999999996799e+04
1.100484000000000378e+05
8.903210000000000582e+04
4.474180000000000291e+04
3.749920000000001164e+04
3.756180000000001019e+04
5.309900000000002910e+04
1.113151000000000204e+05
1.820649999999999709e+05
2.104055999999999767e+05
1.665955000000000873e+05
9.593400000000000000e+04
5.018460000000000582e+04
3.306969999999999709e+04
3.111709999999998763e+04
4.393150000000003638e+04
9.120940000000002328e+04
1.858480999999998603e+05
2.680200000000000000e+05
2.422930999999999767e+05
1.470493000000000175e+05
7.248910000000003492e+04
3.843070000000001164e+04
3.293239999999997963e+04
3.782859999999999127e+04
5.984209999999999854e+04
1.153853000000000175e+05
1.957987000000000116e+05
2.441274999999999709e+05
1.936956000000000058e+05
9.908120000000002619e+04
5.383330000000001019e+04
3.574629999999998836e+04
3.385340000000000873e+04
4.370369999999999709e+04
7.246210000000000582e+04
1.414534000000000233e+05
1.859749000000000233e+05
1.594232000000000407e+05
1.140172999999999884e+05
7.845260000000002037e+04
4.856809999999998399e+04
3.315880000000000291e+04
3.256810000000000582e+04
4.296920000000001164e+04
8.083659999999994761e+04
1.313611999999999825e+05
1.358842999999999884e+05
1.148626999999999971e+05
1.013978999999999942e+05
6.681190000000000873e+04
3.908690000000000146e+04
3.699799999999998545e+04
4.020400000000002183e+04
6.553910000000000582e+04
1.265190999999999622e+05
1.525053000000001048e+05
1.112727000000000262e+05
9.429250000000000000e+04
9.135739999999999418e+04
5.769529999999999563e+04
3.816209999999999127e+04
3.523540000000000146e+04
3.269579999999999563e+04
4.765599999999997817e+04
9.916260000000002037e+04
1.730598000000000466e+05
2.132560999999999185e+05
1.908996999999999534e+05
1.183555000000000146e+05
5.395250000000001455e+04
3.634209999999999127e+04
3.927820000000001892e+04
6.227259999999999854e+04
1.613847999999999593e+05
3.364800999999999185e+05
4.462093999999999651e+05
3.382627000000000116e+05
1.464566999999999825e+05
6.157689999999999418e+04
4.706629999999998836e+04
4.196850000000001455e+04
4.962870000000001892e+04
9.035250000000001455e+04
2.087606999999999243e+05
3.601125000000000000e+05
3.759619999999998836e+05
2.318805000000000873e+05
9.579980000000001746e+04
5.098739999999997963e+04
3.988100000000000728e+04
3.996500000000000728e+04
6.843090000000000873e+04
1.528648000000000757e+05
2.948422999999999302e+05
3.680851999999999534e+05
2.777108000000001048e+05
1.336005000000000291e+05
5.515619999999998981e+04
4.005300000000001455e+04
3.638399999999999272e+04
4.451120000000000437e+04
7.903810000000000582e+04
1.460296000000000058e+05
2.588089999999999127e+05
2.941696000000000931e+05
1.843047999999999884e+05
8.164429999999998836e+04
5.053719999999999709e+04
4.179580000000001746e+04
4.402920000000000437e+04
6.445169999999998981e+04
1.191070999999999622e+05
2.103743000000001048e+05
2.666923000000000466e+05
2.324549999999999709e+05
1.407080000000000000e+05
6.581819999999998254e+04
3.621840000000000146e+04
3.605730000000001746e+04
4.303060000000001310e+04
7.260360000000002037e+04
1.327974000000000815e+05
2.011435000000000582e+05
2.219517999999999884e+05
1.502491999999999825e+05
7.713730000000000291e+04
4.604440000000002328e+04
3.626369999999999709e+04
3.968119999999998254e+04
4.821319999999999709e+04
1.001329999999999854e+05
2.154203000000000466e+05
4.512391999999999534e+05
6.059731999999998370e+05
4.078534999999998836e+05
1.525519999999999709e+05
8.211669999999995343e+04
5.039129999999998108e+04
3.733389999999999418e+04
4.933949999999998545e+04
1.044459000000000233e+05
2.587708000000001339e+05
4.754412000000003027e+05
5.090647999999999884e+05
2.780315000000000000e+05
1.208555999999999476e+05
8.546689999999997963e+04
5.337139999999998690e+04
4.997039999999997963e+04
7.696250000000000000e+04
1.946725000000000582e+05
3.757946000000000931e+05
5.096532999999999884e+05
4.218449999999998836e+05
1.991486000000000058e+05
1.091779000000000087e+05
8.311070000000002619e+04
6.934339999999999418e+04
8.857239999999996508e+04
1.101583000000000175e+05
1.696353999999999942e+05
1.565166999999998952e+05
2.129337000000000407e+05
3.150932999999999302e+05
2.043043999999999651e+05
9.273180000000001746e+04
7.081860000000004948e+04
5.778370000000001892e+04
8.427910000000004948e+04
1.537971999999999243e+05
2.976717000000000698e+05
4.054243000000001048e+05
3.024491999999998952e+05
1.200912000000000116e+05
5.807180000000000291e+04
4.903330000000001019e+04
3.852139999999999418e+04
5.339089999999999418e+04
1.188090999999999622e+05
2.617409000000001106e+05
4.466516000000002095e+05
4.869227000000000116e+05
2.740110999999999767e+05
9.530830000000000291e+04
6.802739999999999418e+04
5.137350000000000000e+04
4.652500000000001455e+04
7.642119999999998254e+04
1.542371000000000058e+05
3.020485000000000000e+05
4.246826999999999534e+05
3.618475000000000000e+05
1.597322999999999884e+05
6.551489999999997235e+04
5.268289999999997963e+04
3.994070000000000437e+04
5.006480000000001019e+04
9.985120000000001164e+04
2.364599000000000815e+05
4.899821999999999534e+05
6.467096999999997206e+05
4.340320000000001164e+05
1.681362999999999593e+05
9.011419999999996799e+04
6.108419999999997526e+04
4.510520000000000437e+04
5.892759999999999854e+04
1.408189000000000815e+05
2.962573000000000466e+05
5.340946999999998370e+05
5.661083000000001630e+05
2.895599000000000815e+05
1.087652000000000116e+05
7.801480000000000291e+04
5.352620000000000437e+04
5.267889999999999418e+04
9.853060000000003492e+04
2.373511000000000058e+05
4.521518000000002212e+05
5.769558999999999069e+05
4.249639000000000815e+05
1.666700000000000000e+05
8.599389999999999418e+04
7.313429999999997381e+04
5.280610000000002037e+04
7.584639999999999418e+04
1.482794000000000233e+05
3.087043000000001630e+05
4.175448999999998487e+05
3.744646000000000349e+05
2.419228000000000175e+05
1.028439000000000087e+05
6.925760000000002037e+04
6.545129999999999563e+04
5.644459999999998399e+04
9.993749999999998545e+04
1.855751999999999534e+05
3.613846000000000931e+05
3.985702999999998719e+05
2.594117000000000407e+05
1.358297000000000698e+05
7.081500000000001455e+04
6.664869999999999709e+04
4.678709999999999854e+04
6.246019999999996799e+04
1.114460999999999913e+05
2.344510000000000582e+05
3.367299999999999418e+05
2.783288000000000466e+05
1.759095000000001164e+05
8.698130000000000291e+04
4.903749999999999272e+04
4.714699999999999272e+04
4.476640000000001601e+04
6.160100000000000000e+04
9.103610000000002037e+04
1.110786000000000349e+05
1.122928000000000175e+05
2.173760000000000291e+05
3.077986999999998952e+05
1.959408000000000466e+05
1.019127000000000262e+05
7.468930000000000291e+04
5.594490000000000873e+04
9.032709999999999127e+04
2.156066000000000058e+05
5.136149999999999418e+05
7.010512000000000698e+05
4.819570000000000000e+05
2.037186999999999534e+05
1.187270999999999622e+05
7.298769999999999709e+04
4.875239999999997235e+04
5.250939999999999418e+04
1.103734000000000087e+05
2.235792999999999593e+05
4.060332999999999884e+05
5.153439000000000815e+05
3.265272999999999302e+05
1.498889999999999418e+05
9.886999999999998545e+04
5.279560000000002037e+04
5.015440000000000146e+04
8.099359999999997672e+04
1.838030999999999476e+05
3.700814999999997090e+05
5.778991000000003260e+05
4.925277999999998719e+05
2.142095999999998894e+05
1.101079999999999854e+05
6.806790000000002328e+04
3.991529999999999563e+04
5.561889999999999418e+04
1.219421999999999680e+05
2.536793000000000175e+05
4.399434000000000815e+05
4.606732999999999884e+05
2.492928000000000175e+05
9.667680000000001746e+04
6.464809999999999854e+04
5.044809999999999854e+04
5.082939999999999418e+04
8.966980000000003201e+04
1.910493000000000175e+05
3.810170999999999185e+05
4.837989999999997672e+05
3.511788999999999069e+05
1.556532000000000116e+05
7.524369999999999709e+04
6.323019999999999709e+04
4.828640000000003056e+04
6.135520000000001164e+04
1.103187000000000262e+05
2.350492999999999593e+05
3.427123999999999651e+05
3.085729000000000233e+05
1.987448999999999942e+05
9.803809999999999127e+04
5.754370000000001164e+04
4.656120000000000437e+04
3.694319999999999709e+04
6.192940000000000146e+04
1.430751000000000931e+05
3.110933999999999651e+05
5.078057000000001281e+05
4.981521000000000931e+05
2.664616000000000349e+05
1.268001999999999825e+05
8.976450000000000000e+04
4.953880000000000291e+04
4.572940000000000146e+04
8.105859999999996217e+04
1.807715000000001164e+05
3.794997999999998137e+05
5.994553000000001630e+05
4.997658999999997322e+05
2.367768000000001048e+05
1.337680999999999767e+05
7.109920000000001164e+04
4.378120000000000437e+04
4.931600000000000000e+04
1.079001999999999971e+05
2.238888999999999069e+05
4.014181000000000349e+05
4.789929000000000815e+05
2.779041999999999534e+05
1.146310999999999331e+05
7.150569999999999709e+04
4.726089999999998690e+04
5.109859999999999127e+04
7.545589999999997963e+04
1.167582000000000990e+05
1.355197000000000990e+05
1.500779000000000524e+05
2.728870999999999767e+05
2.865722999999999884e+05
1.396633999999999942e+05
9.375830000000004657e+04
6.667300000000001455e+04
6.949450000000000000e+04
1.060108999999999796e+05
2.041406000000000349e+05
3.000492000000000698e+05
2.376858999999999942e+05
1.446453999999999069e+05
7.893019999999999709e+04
5.331469999999998981e+04
4.740540000000002328e+04
4.897830000000001019e+04
7.826560000000003492e+04
1.508282000000000116e+05
2.869390000000001164e+05
3.594959999999999418e+05
2.838855000000000000e+05
1.400162999999999593e+05
6.518900000000000728e+04
5.847109999999998399e+04
5.006740000000000146e+04
6.144900000000002910e+04
1.023606999999999825e+05
1.918315000000001455e+05
2.705640999999999767e+05
2.233296000000000349e+05
1.457761999999999825e+05
7.787020000000001164e+04
4.686279999999999563e+04
4.443799999999999272e+04
3.543809999999999127e+04
5.050040000000000146e+04
9.375960000000002037e+04
1.980174999999999709e+05
3.362582999999998137e+05
3.974083999999999651e+05
2.653954000000000233e+05
1.383613999999999360e+05
9.077540000000005239e+04
5.170450000000001455e+04
4.883060000000002765e+04
7.116429999999995925e+04
1.449255000000000000e+05
2.634423999999999651e+05
4.510461999999998370e+05
4.248583000000001048e+05
2.103823000000000175e+05
1.060789000000000233e+05
5.941539999999998690e+04
4.088010000000000582e+04
4.585620000000000437e+04
7.656680000000001746e+04
1.448090000000000291e+05
2.528748999999999651e+05
3.099739000000000233e+05
1.923071000000000058e+05
7.983189999999999418e+04
5.573849999999998545e+04
3.678759999999999127e+04
4.256520000000000437e+04
6.226389999999998690e+04
1.173708000000000175e+05
2.045524000000000233e+05
2.637693999999999069e+05
2.106261000000000349e+05
9.359840000000002328e+04
4.457299999999998545e+04
3.672559999999999127e+04
3.144939999999999782e+04
3.910670000000002619e+04
5.707159999999999854e+04
1.002849000000000087e+05
1.410329000000000233e+05
1.331613000000000175e+05
1.095047999999999884e+05
5.989019999999998254e+04
3.857989999999997963e+04
3.902700000000002183e+04
3.529940000000000873e+04
4.367479999999997381e+04
5.928019999999998254e+04
9.560780000000003201e+04
9.994420000000002619e+04
8.256779999999994470e+04
5.991889999999997963e+04
3.567060000000001310e+04
2.880559999999999491e+04
2.522579999999998836e+04
2.515309999999999491e+04
2.753950000000000000e+04
3.011229999999999200e+04
3.858199999999999272e+04
5.591349999999997090e+04
6.698899999999998545e+04
4.930979999999998108e+04
2.819350000000000364e+04
2.307769999999998981e+04
2.257980000000001019e+04
2.514010000000000218e+04
3.375119999999998981e+04
4.904059999999999127e+04
6.606139999999996508e+04
6.252700000000002183e+04
4.080729999999998836e+04
2.509100000000001091e+04
2.256490000000000146e+04
2.038069999999999345e+04
2.168679999999998836e+04
2.553670000000001892e+04
3.358719999999998981e+04
4.174960000000000582e+04
4.276379999999999563e+04
3.406789999999999418e+04
2.241369999999999709e+04
1.973210000000000218e+04
1.952090000000000509e+04
1.907059999999999854e+04
1.949809999999999491e+04
2.160869999999999709e+04
2.421360000000000218e+04
2.343800000000000728e+04
2.070609999999999491e+04
1.852310000000000582e+04
1.720620000000000073e+04
1.712239999999999782e+04
1.750270000000000437e+04
1.788389999999999418e+04
1.668110000000000582e+04
1.692829999999999563e+04
1.773950000000000000e+04
1.838560000000000582e+04
1.816480000000000291e+04
1.689919999999999709e+04
1.672920000000000437e+04
1.700469999999998981e+04
1.638409999999999854e+04
1.643830000000000291e+04
1.732620000000000800e+04
1.997689999999999418e+04
2.047019999999998981e+04
1.921259999999999854e+04
2.102210000000000582e+04
1.962960000000000582e+04
1.880739999999999418e+04
1.895689999999999418e+04
1.768659999999999491e+04
1.895579999999999927e+04
2.271509999999999491e+04
2.906269999999999345e+04
3.255959999999999491e+04
3.043409999999999854e+04
2.946080000000000655e+04
2.523120000000000073e+04
2.674750000000000364e+04
2.468560000000000218e+04
2.403999999999999636e+04
2.980500000000000728e+04
4.704600000000000728e+04
7.428630000000000291e+04
7.436309999999997672e+04
5.269100000000000728e+04
2.996530000000000655e+04
2.637420000000000437e+04
2.538840000000000146e+04
2.360910000000000946e+04
2.815619999999997526e+04
4.659440000000000873e+04
8.091100000000000000e+04
1.112703999999999942e+05
1.064232000000000116e+05
6.394729999999999563e+04
3.332220000000000437e+04
2.900229999999999927e+04
2.629320000000000073e+04
2.991720000000000800e+04
4.326280000000000291e+04
8.067519999999995343e+04
1.244385000000000437e+05
1.225185999999999913e+05
9.392760000000002037e+04
5.485590000000000873e+04
3.217839999999999418e+04
2.909149999999999636e+04
2.484149999999999636e+04
2.259319999999999345e+04
2.372529999999998472e+04
3.552819999999998981e+04
6.020500000000000728e+04
8.587730000000000291e+04
8.359929999999998836e+04
4.979869999999998254e+04
2.841289999999999418e+04
2.754749999999999272e+04
2.648180000000000655e+04
3.317959999999999127e+04
4.860990000000002328e+04
7.845409999999999127e+04
8.955670000000002619e+04
8.660730000000000291e+04
7.609219999999998254e+04
4.982360000000000582e+04
4.740579999999999563e+04
4.018809999999999854e+04
4.710370000000002619e+04
6.669360000000000582e+04
1.158810000000000146e+05
1.480098000000000175e+05
1.133972000000000407e+05
8.317639999999993597e+04
5.524940000000000146e+04
3.930960000000001310e+04
3.584840000000000873e+04
3.263920000000000073e+04
3.951939999999997963e+04
5.493649999999998545e+04
8.273490000000005239e+04
8.656780000000001746e+04
8.598209999999999127e+04
8.374560000000000582e+04
5.438759999999999854e+04
4.494550000000001455e+04
4.321469999999998254e+04
4.563099999999998545e+04
6.368840000000000873e+04
1.067501999999999680e+05
1.649758999999999942e+05
1.584340000000000582e+05
1.017234999999999709e+05
5.644130000000001746e+04
4.102069999999999709e+04
4.178909999999999854e+04
3.983319999999999709e+04
5.189250000000002910e+04
8.252830000000000291e+04
1.421021999999999825e+05
1.752430000000000291e+05
1.487921000000000058e+05
9.228019999999996799e+04
4.757839999999998690e+04
3.899340000000001601e+04
3.563350000000002183e+04
3.774450000000001455e+04
5.230550000000001455e+04
8.958119999999998254e+04
1.392415999999999767e+05
1.509175000000000873e+05
1.230898999999999942e+05
7.538889999999997963e+04
4.420560000000000582e+04
4.334819999999998981e+04
3.691159999999998399e+04
4.738740000000000873e+04
7.001079999999998836e+04
1.156982000000000116e+05
1.300427999999999884e+05
1.047881999999999971e+05
8.987619999999999709e+04
6.162860000000000582e+04
4.685639999999999418e+04
4.157689999999999418e+04
4.214159999999999127e+04
5.261309999999997672e+04
7.441269999999999709e+04
1.019641000000000058e+05
9.929789999999997963e+04
9.815410000000000582e+04
8.885480000000003201e+04
5.815129999999999563e+04
4.939119999999998254e+04
4.186849999999998545e+04
4.363099999999997817e+04
4.960470000000001164e+04
6.461310000000001310e+04
7.913659999999999127e+04
8.430549999999998545e+04
1.024779000000000378e+05
8.222160000000003492e+04
4.771089999999999418e+04
3.648610000000000582e+04
2.600650000000000000e+04
2.518409999999998763e+04
3.407430000000000291e+04
4.974760000000000582e+04
7.492270000000004075e+04
1.011140000000000000e+05
8.922140000000000873e+04
4.664639999999998690e+04
3.024190000000001601e+04
3.025700000000000728e+04
3.573120000000000437e+04
5.078219999999999709e+04
8.994490000000000873e+04
1.680597000000000698e+05
2.286061000000000058e+05
1.851812000000000116e+05
8.749279999999997381e+04
4.447120000000001164e+04
3.488179999999999563e+04
3.549550000000002183e+04
4.746529999999997381e+04
7.210750000000002910e+04
1.301672999999999884e+05
2.154887999999999593e+05
2.320842999999999884e+05
1.414796000000000640e+05
6.458410000000001310e+04
4.449399999999999272e+04
3.743239999999999418e+04
4.654790000000000146e+04
6.719160000000000582e+04
1.095785000000000291e+05
1.891573000000000757e+05
2.304786999999999825e+05
1.837057999999999010e+05
9.058910000000002037e+04
4.826779999999999563e+04
4.116200000000001455e+04
3.942180000000000291e+04
4.882600000000000000e+04
7.088500000000001455e+04
1.206921999999999534e+05
1.907072000000000407e+05
2.190580000000000000e+05
1.475078000000000175e+05
7.255080000000000291e+04
4.668480000000001746e+04
3.793000000000000728e+04
4.112879999999999563e+04
5.254399999999997817e+04
7.890160000000002037e+04
1.336655000000000000e+05
1.744323000000000175e+05
1.639564000000000524e+05
1.021858999999999796e+05
5.765680000000002474e+04
4.669889999999999418e+04
4.158180000000000291e+04
4.461290000000000146e+04
6.126050000000000728e+04
9.758939999999999418e+04
1.435879999999999709e+05
1.541655999999999476e+05
1.223693000000000466e+05
7.942139999999999418e+04
5.152899999999999272e+04
4.652770000000001892e+04
4.309710000000000582e+04
5.304130000000001019e+04
7.330230000000001746e+04
1.273644999999999418e+05
1.803137000000000698e+05
2.076464000000000815e+05
1.638483000000000466e+05
8.249849999999995634e+04
5.791250000000001455e+04
4.299930000000001019e+04
5.021460000000000582e+04
7.109510000000000582e+04
1.308989000000000233e+05
2.319417999999999884e+05
2.967592999999998719e+05
2.322168999999999651e+05
1.040820000000000146e+05
5.451239999999999418e+04
4.093179999999998108e+04
4.090930000000001746e+04
5.143749999999999272e+04
7.100649999999998545e+04
1.192548000000000320e+05
1.535831999999999243e+05
1.472881999999999534e+05
1.197541000000000349e+05
7.130079999999997381e+04
4.045099999999999272e+04
3.025440000000000146e+04
2.961070000000000437e+04
3.451890000000000146e+04
5.047230000000000291e+04
7.650079999999998836e+04
9.167210000000004948e+04
9.637339999999997963e+04
8.079199999999998545e+04
4.674030000000001019e+04
3.223680000000000291e+04
3.490750000000000000e+04
4.228380000000000291e+04
6.324749999999998545e+04
9.879300000000001455e+04
1.275659000000000087e+05
1.148539000000000378e+05
1.087960000000000437e+05
7.944020000000002619e+04
5.856249999999997817e+04
4.898269999999998981e+04
3.966820000000001164e+04
5.029650000000000728e+04
6.444459999999999127e+04
9.777780000000001746e+04
1.060650000000000000e+05
1.151940000000000146e+05
1.142673000000000029e+05
7.335439999999997963e+04
4.835429999999995925e+04
3.981429999999999563e+04
4.382790000000001601e+04
5.924559999999996944e+04
8.355819999999996799e+04
1.077553999999999505e+05
1.053263000000000029e+05
1.113158000000000175e+05
9.352150000000001455e+04
5.969589999999999418e+04
4.632830000000001019e+04
4.359549999999996362e+04
6.176249999999999272e+04
8.816680000000000291e+04
1.546414000000000524e+05
2.471295000000000873e+05
2.937119000000000233e+05
2.081350999999999185e+05
1.013638999999999796e+05
5.430680000000001019e+04
3.836969999999999709e+04
4.183679999999998836e+04
5.182910000000002037e+04
9.052590000000003783e+04
1.668268999999999651e+05
2.694590000000000000e+05
2.667331999999999534e+05
1.395773000000000175e+05
6.213249999999999272e+04
3.989059999999997672e+04
3.741890000000000146e+04
4.792619999999998981e+04
7.075419999999998254e+04
1.348473999999999651e+05
2.281304000000000524e+05
2.708463999999999069e+05
1.826153000000000466e+05
8.109989999999997963e+04
4.812750000000001455e+04
3.853899999999999272e+04
4.549070000000001164e+04
6.099130000000001746e+04
1.012728999999999942e+05
1.829204000000000815e+05
2.592128000000000175e+05
2.420498999999999651e+05
1.306403999999999796e+05
5.664619999999998254e+04
4.090279999999999563e+04
4.038740000000000146e+04
5.308180000000001746e+04
7.683219999999996799e+04
1.409800999999999476e+05
2.120232000000000990e+05
2.284890999999999767e+05
1.626162000000000407e+05
8.034350000000001455e+04
4.698680000000000291e+04
4.046269999999998981e+04
4.268530000000000291e+04
5.581860000000000582e+04
7.891320000000004075e+04
1.358909000000000233e+05
1.701012999999999884e+05
1.547948000000000466e+05
1.119828000000000466e+05
5.773869999999998981e+04
3.439659999999999854e+04
2.642860000000001310e+04
2.351390000000000509e+04
2.523579999999999927e+04
3.264159999999999491e+04
5.499629999999998108e+04
8.555809999999996217e+04
9.840300000000002910e+04
7.299690000000000873e+04
4.033179999999998836e+04
3.143739999999999054e+04
3.684450000000000728e+04
4.599540000000000146e+04
7.907840000000000873e+04
1.562666000000000058e+05
2.497529999999999418e+05
2.611733000000000757e+05
1.663776999999999243e+05
7.216469999999999709e+04
4.635459999999997672e+04
3.967089999999999418e+04
4.551050000000002910e+04
6.780929999999998836e+04
1.113141999999999971e+05
1.874521999999999534e+05
2.429817000000000116e+05
2.091134000000000233e+05
1.102856999999999389e+05
5.320590000000001601e+04
3.969569999999999709e+04
3.748960000000001310e+04
5.022900000000000728e+04
7.556869999999999709e+04
1.336807999999999884e+05
2.054491999999999825e+05
2.219042000000000698e+05
1.561270000000000000e+05
7.511470000000004075e+04
4.605799999999998545e+04
4.095319999999998981e+04
4.627170000000001164e+04
6.323800000000000000e+04
9.995529999999998836e+04
1.605552000000000407e+05
1.896031000000000058e+05
1.683710000000000000e+05
1.070512999999999593e+05
5.673690000000000873e+04
4.224280000000001019e+04
3.817430000000000291e+04
4.606300000000001455e+04
6.765969999999999709e+04
1.051499999999999418e+05
1.415613000000000757e+05
1.407922000000000698e+05
1.146034000000000087e+05
7.850930000000000291e+04
4.772939999999999418e+04
3.654770000000000437e+04
3.347909999999999854e+04
3.909490000000000146e+04
4.930859999999996217e+04
7.195169999999999709e+04
9.225510000000000582e+04
1.445878999999999360e+05
1.626206000000000349e+05
9.931170000000002619e+04
5.427300000000000000e+04
4.050829999999997381e+04
4.641360000000002037e+04
6.442040000000003056e+04
1.005108000000000466e+05
1.641487999999999302e+05
2.079731000000000349e+05
1.909014999999999418e+05
1.116356000000000204e+05
5.240339999999997963e+04
3.626139999999998690e+04
3.594050000000002910e+04
4.990840000000000146e+04
7.439200000000000000e+04
1.253415000000000728e+05
1.937495000000000000e+05
2.299395000000000000e+05
1.664426000000000058e+05
7.595010000000000582e+04
4.461800000000000728e+04
3.401870000000001164e+04
4.273279999999998836e+04
6.176790000000001601e+04
9.683869999999999709e+04
1.521896000000000058e+05
2.018842999999999884e+05
2.097671999999998952e+05
1.400666000000000058e+05
6.282250000000000728e+04
3.429859999999999127e+04
2.453950000000000364e+04
2.249380000000000655e+04
2.601799999999998909e+04
3.418980000000001019e+04
4.912110000000000582e+04
6.970639999999997963e+04
8.140400000000001455e+04
6.114160000000003492e+04
3.525929999999999563e+04
2.906900000000000364e+04
3.455310000000000582e+04
4.923509999999999127e+04
7.129290000000002328e+04
1.162440000000000146e+05
1.607195000000000582e+05
1.543089999999999709e+05
1.061483000000000175e+05
5.803459999999999854e+04
4.049799999999997817e+04
3.985850000000000728e+04
5.283969999999998254e+04
6.950909999999997672e+04
1.009400999999999622e+05
1.389318000000000175e+05
1.441795000000000873e+05
1.155317000000000262e+05
6.969999999999998545e+04
4.042140000000000146e+04
3.419459999999999127e+04
3.839440000000002328e+04
4.595340000000001601e+04
6.225689999999997963e+04
1.006639000000000087e+05
1.295321999999999680e+05
1.217418999999999942e+05
9.190889999999999418e+04
5.513320000000001164e+04
3.685090000000000873e+04
3.673969999999999709e+04
4.365910000000001310e+04
5.719169999999998254e+04
9.053160000000002037e+04
1.523121000000000349e+05
2.025865000000000291e+05
1.770672999999999884e+05
9.821010000000000582e+04
4.814290000000000146e+04
3.611199999999998545e+04
3.641350000000001455e+04
4.179319999999998981e+04
6.304850000000000728e+04
1.064043000000000029e+05
1.684873000000000757e+05
2.116656999999999534e+05
1.613802999999999884e+05
7.580890000000000873e+04
4.151790000000000146e+04
3.718170000000001164e+04
4.245870000000000437e+04
5.707749999999999272e+04
9.375989999999996508e+04
1.493708000000000466e+05
2.067959999999999709e+05
1.981221000000000058e+05
1.150143000000000175e+05
5.328589999999999418e+04
3.804570000000002619e+04
3.455320000000000437e+04
4.122100000000001455e+04
6.222120000000001892e+04
9.994889999999996508e+04
1.381172000000000116e+05
1.496556000000000058e+05
1.147215999999999913e+05
6.214089999999998690e+04
3.834970000000000437e+04
3.416809999999999127e+04
3.570300000000000728e+04
4.790950000000000728e+04
6.703129999999998836e+04
1.035562000000000262e+05
1.321947000000000407e+05
1.236043999999999942e+05
8.283900000000000000e+04
4.683959999999999127e+04
3.815200000000000000e+04
3.544540000000000146e+04
3.914119999999996071e+04
5.098809999999999127e+04
7.415030000000000291e+04
9.627450000000001455e+04
9.229049999999998545e+04
8.336430000000000291e+04
6.391500000000000000e+04
4.000019999999998981e+04
3.028189999999999782e+04
2.517920000000000800e+04
2.299070000000001164e+04
2.592200000000001091e+04
3.247350000000001455e+04
4.731490000000000873e+04
6.825839999999999418e+04
7.511660000000003492e+04
5.225970000000001164e+04
2.824430000000000291e+04
2.367709999999999854e+04
2.970129999999999927e+04
4.394070000000000437e+04
7.804710000000003492e+04
1.434125999999999185e+05
2.211973000000000757e+05
2.220316999999999534e+05
1.337121999999999825e+05
6.647019999999999709e+04
4.198209999999997672e+04
3.584599999999999272e+04
4.165960000000001310e+04
5.832809999999996944e+04
9.600910000000000582e+04
1.607510999999999476e+05
2.125927000000001281e+05
1.724351999999999534e+05
8.887209999999999127e+04
4.659220000000000437e+04
3.203730000000000655e+04
3.015410000000000946e+04
3.961930000000001019e+04
7.136639999999997963e+04
1.211069000000000233e+05
1.697108999999999942e+05
1.703606000000000349e+05
1.061652000000000116e+05
5.641070000000000437e+04
3.897940000000001601e+04
3.363920000000000437e+04
4.049140000000000873e+04
5.741480000000003201e+04
9.655989999999997963e+04
1.384235000000000000e+05
1.460120000000000000e+05
1.051224000000000233e+05
5.686119999999999709e+04
3.602279999999999563e+04
2.898310000000000946e+04
2.937160000000000218e+04
3.982859999999999854e+04
5.954830000000001019e+04
9.385489999999996508e+04
1.252749999999999854e+05
1.234765999999999622e+05
8.530429999999997381e+04
5.010699999999997817e+04
3.772600000000000000e+04
3.243980000000000291e+04
3.832420000000000437e+04
5.323150000000000728e+04
8.307529999999998836e+04
1.224568000000000466e+05
1.362434000000000524e+05
1.092195000000000000e+05
6.641969999999999709e+04
4.089980000000001019e+04
3.259540000000000873e+04
2.995510000000001310e+04
3.581610000000000582e+04
5.094710000000001310e+04
8.781609999999999127e+04
1.247255999999999767e+05
1.409200000000000582e+05
1.170908000000000175e+05
6.848610000000003492e+04
4.149729999999999563e+04
2.893899999999999272e+04
2.942330000000000291e+04
3.740669999999999709e+04
5.822969999999997526e+04
8.901169999999999709e+04
1.292655999999999767e+05
1.365973999999999942e+05
9.296650000000000000e+04
5.864899999999999272e+04
3.754450000000000000e+04
3.257190000000001601e+04
3.976809999999999127e+04
5.695100000000002183e+04
8.831029999999998836e+04
1.189903000000000029e+05
1.341832000000000698e+05
1.111223999999999651e+05
6.536349999999999272e+04
3.782380000000000291e+04
2.763769999999999709e+04
2.071710000000000218e+04
1.963719999999999709e+04
2.147960000000000218e+04
2.602870000000000800e+04
3.880449999999998545e+04
6.049830000000000291e+04
6.913820000000001164e+04
4.972530000000001746e+04
3.187500000000000000e+04
3.040279999999999927e+04
3.701760000000001310e+04
5.255280000000000291e+04
8.517340000000002328e+04
1.149951999999999971e+05
1.191409999999999709e+05
9.504310000000002037e+04
5.747070000000001164e+04
3.875089999999998690e+04
3.295280000000000291e+04
3.350199999999999272e+04
4.376249999999998545e+04
6.304170000000000437e+04
9.473199999999995634e+04
1.113450999999999913e+05
1.015316999999999680e+05
7.185719999999996799e+04
4.387049999999999272e+04
3.224420000000000437e+04
2.685240000000000509e+04
3.094450000000001091e+04
3.794950000000002183e+04
5.523890000000000873e+04
7.920619999999998254e+04
8.325530000000000291e+04
8.129199999999995634e+04
6.103780000000001019e+04
3.874160000000002037e+04
3.175329999999998836e+04
2.962629999999999927e+04
3.490839999999999418e+04
4.719349999999997817e+04
6.977879999999997381e+04
9.204750000000002910e+04
1.223187000000000698e+05
1.140201999999999680e+05
7.176290000000002328e+04
4.706660000000000582e+04
3.162550000000000364e+04
3.227490000000000873e+04
4.281359999999995489e+04
6.914510000000000582e+04
1.059905000000000000e+05
1.455041999999999825e+05
1.542284000000000233e+05
1.037626999999999389e+05
6.189020000000001164e+04
3.905439999999999418e+04
2.973660000000000946e+04
3.629139999999998690e+04
5.231109999999999127e+04
8.316059999999994761e+04
1.163689000000000087e+05
1.405750000000000582e+05
1.149497999999999447e+05
6.776950000000000000e+04
4.598730000000001019e+04
3.335480000000001746e+04
3.752570000000000437e+04
5.211800000000000000e+04
7.311379999999998836e+04
1.012779999999999709e+05
1.206527000000000116e+05
1.095887000000000553e+05
7.493109999999997672e+04
4.910900000000002183e+04
3.702659999999998399e+04
3.216090000000000146e+04
3.963529999999999563e+04
5.344249999999999272e+04
7.728030000000003201e+04
1.027014000000000378e+05
1.023460999999999476e+05
8.135510000000000582e+04
5.472819999999999709e+04
4.189629999999997381e+04
3.550120000000000437e+04
3.222209999999999854e+04
3.816280000000000291e+04
4.881649999999999272e+04
6.696920000000001164e+04
7.637179999999998836e+04
7.663660000000002037e+04
6.641830000000000291e+04
4.783899999999998545e+04
3.658640000000002328e+04
2.755109999999999854e+04
2.086670000000000073e+04
2.002419999999999345e+04
1.934519999999998618e+04
2.537770000000001164e+04
4.242289999999999418e+04
6.400990000000000873e+04
6.472220000000001164e+04
4.467790000000000873e+04
3.360029999999998836e+04
3.224750000000000728e+04
3.717900000000000728e+04
5.473809999999998399e+04
8.550589999999993597e+04
1.212189000000000378e+05
1.337826999999999825e+05
1.078591000000000640e+05
6.866250000000002910e+04
4.318170000000000437e+04
3.258150000000001091e+04
3.329979999999999563e+04
4.574579999999999563e+04
6.819910000000002037e+04
9.463740000000003783e+04
1.146878000000000175e+05
1.096045000000000291e+05
7.994340000000003783e+04
5.125319999999998981e+04
3.624590000000000146e+04
2.951330000000000655e+04
3.368400000000000000e+04
4.618739999999997235e+04
7.202370000000001164e+04
9.618639999999997963e+04
1.042398999999999796e+05
8.743920000000004075e+04
5.695409999999999854e+04
4.072260000000000582e+04
3.479890000000001601e+04
3.752260000000002037e+04
4.917950000000002183e+04
7.323259999999994761e+04
1.002990999999999622e+05
1.069133999999999651e+05
9.326940000000000873e+04
6.243870000000001892e+04
4.441760000000002765e+04
3.825529999999998108e+04
3.439109999999999127e+04
4.086649999999999272e+04
5.546569999999998981e+04
7.984809999999996217e+04
9.668669999999999709e+04
8.962150000000000000e+04
6.633940000000000873e+04
4.712739999999999418e+04
4.227750000000000000e+04
3.807569999999998254e+04
3.864489999999999418e+04
4.525500000000000728e+04
6.354780000000001019e+04
8.672550000000001455e+04
8.749240000000000873e+04
7.432620000000005530e+04
5.707000000000000000e+04
4.163899999999999272e+04
3.244830000000000655e+04
2.708539999999999782e+04
2.906769999999999345e+04
3.977400000000001455e+04
6.217669999999998981e+04
8.946100000000000000e+04
1.128334000000000087e+05
1.201509000000000378e+05
8.998440000000000873e+04
5.649749999999998545e+04
3.750809999999997672e+04
3.108870000000000437e+04
3.798819999999998981e+04
5.219009999999999854e+04
7.341350000000001455e+04
9.676770000000002619e+04
1.203269000000000233e+05
1.148396999999999971e+05
8.082620000000001164e+04
5.065450000000000728e+04
3.382780000000001019e+04
3.274489999999998690e+04
4.532289999999999418e+04
6.447130000000002474e+04
8.257940000000002328e+04
1.089474999999999854e+05
1.203620000000000291e+05
9.082919999999999709e+04
5.588449999999997817e+04
3.514320000000000437e+04
2.444140000000000146e+04
2.113930000000000291e+04
2.014740000000000146e+04
2.273950000000000364e+04
3.183159999999999127e+04
4.700400000000000728e+04
6.221329999999999563e+04
5.373990000000003056e+04
3.806609999999999127e+04
3.685069999999998981e+04
3.711829999999998836e+04
4.494269999999999709e+04
6.109830000000001019e+04
8.278260000000002037e+04
9.447669999999999709e+04
7.983390000000002328e+04
5.449269999999999709e+04
4.199029999999998108e+04
3.982900000000002910e+04
3.585209999999998399e+04
4.186680000000002474e+04
5.805840000000002328e+04
8.527159999999996217e+04
1.027973000000000320e+05
9.281110000000002037e+04
6.871939999999999418e+04
4.693200000000000728e+04
3.979079999999998836e+04
3.676080000000000291e+04
3.929930000000001019e+04
4.768820000000001892e+04
6.399169999999999709e+04
8.284919999999996799e+04
9.088940000000005239e+04
8.215780000000004657e+04
6.106800000000002910e+04
4.270089999999999418e+04
3.568460000000001310e+04
3.399849999999999272e+04
3.678030000000003201e+04
4.704950000000000728e+04
6.505029999999998108e+04
8.626759999999997672e+04
1.050947000000000262e+05
1.041733999999999796e+05
7.735950000000000000e+04
5.010180000000001746e+04
3.652580000000000291e+04
3.405080000000001019e+04
4.102569999999999709e+04
6.025520000000000437e+04
8.238839999999997963e+04
9.842910000000000582e+04
1.076718000000000175e+05
8.901260000000000582e+04
5.904820000000001892e+04
4.356309999999997672e+04
3.779230000000001019e+04
3.984100000000002183e+04
5.265909999999998399e+04
7.668999999999995634e+04
9.747290000000002328e+04
1.070000000000000291e+05
9.167779999999997381e+04
6.034510000000000582e+04
4.334670000000001164e+04
3.803330000000000291e+04
3.737000000000000000e+04
4.495189999999998690e+04
6.360369999999998254e+04
8.447070000000001164e+04
9.539370000000001164e+04
8.154069999999998254e+04
5.495780000000000291e+04
4.154370000000000437e+04
4.013439999999999418e+04
3.738580000000000291e+04
3.550819999999999709e+04
4.268079999999998836e+04
5.595850000000000728e+04
6.954479999999994470e+04
6.261179999999996653e+04
4.813459999999999127e+04
4.151579999999999563e+04
3.760969999999998254e+04
3.366970000000001892e+04
2.990040000000000146e+04
2.904959999999999127e+04
3.510589999999998690e+04
4.842420000000001164e+04
5.535920000000001892e+04
5.017849999999998545e+04
4.861439999999998690e+04
4.153740000000000146e+04
2.906329999999999563e+04
2.248510000000000218e+04
1.992030000000001019e+04
1.808120000000000800e+04
1.924929999999999200e+04
2.803350000000001455e+04
4.839259999999998399e+04
6.535620000000000437e+04
5.783300000000000728e+04
3.648989999999999418e+04
2.808079999999998472e+04
3.160770000000000800e+04
3.447090000000001601e+04
4.337069999999999709e+04
6.223760000000000582e+04
8.060420000000001164e+04
1.013178999999999505e+05
1.103670999999999476e+05
8.962079999999995925e+04
5.729850000000000728e+04
3.782569999999998981e+04
3.143369999999998981e+04
3.524739999999999418e+04
4.982690000000003056e+04
7.145680000000001746e+04
9.229390000000002328e+04
1.020738000000000029e+05
9.026360000000000582e+04
6.388709999999999854e+04
4.536620000000000437e+04
3.563300000000000000e+04
3.414120000000001164e+04
4.190610000000002037e+04
5.945520000000002619e+04
8.242130000000000291e+04
9.919770000000004075e+04
9.302849999999994179e+04
6.478469999999998254e+04
4.293730000000002474e+04
3.458520000000000437e+04
3.261780000000002110e+04
3.586820000000000437e+04
4.843439999999998690e+04
6.819780000000003201e+04
8.110970000000002619e+04
7.848809999999996217e+04
6.235810000000002037e+04
4.347459999999999127e+04
3.900450000000000728e+04
3.698070000000000437e+04
3.532700000000000728e+04
4.318780000000001746e+04
5.782979999999996653e+04
7.737560000000000582e+04
8.424230000000001746e+04
7.139250000000001455e+04
5.267430000000001746e+04
4.469060000000002037e+04
4.331240000000000146e+04
3.802090000000001601e+04
4.297530000000000291e+04
5.401709999999999854e+04
7.298390000000000873e+04
8.941569999999999709e+04
8.124919999999998254e+04
5.828080000000002474e+04
4.321259999999998399e+04
4.153320000000000437e+04
3.739459999999999854e+04
3.516809999999999127e+04
4.088600000000000000e+04
5.662259999999995489e+04
7.391990000000003783e+04
7.677149999999998545e+04
6.697990000000000873e+04
5.105609999999998399e+04
4.190180000000001019e+04
3.697960000000002037e+04
3.271910000000000218e+04
3.569139999999998690e+04
4.642059999999999854e+04
5.964859999999998399e+04
7.541759999999997672e+04
8.558010000000002037e+04
7.632069999999996799e+04
5.957940000000000146e+04
4.613099999999997090e+04
3.532019999999999709e+04
3.171520000000001164e+04
3.661410000000001310e+04
4.795929999999999563e+04
6.292389999999999418e+04
7.906520000000001164e+04
8.148929999999997381e+04
6.662490000000000873e+04
4.770659999999999854e+04
3.083179999999999563e+04
2.546259999999999491e+04
2.204670000000000437e+04
1.898889999999999418e+04
1.961099999999999272e+04
2.357150000000000000e+04
3.849550000000000728e+04
5.501180000000000291e+04
5.232410000000001310e+04
3.692659999999999127e+04
2.725479999999997744e+04
2.724960000000000218e+04
3.313099999999998545e+04
3.843059999999999854e+04
4.735170000000001892e+04
5.296610000000000582e+04
4.476820000000001892e+04
4.251200000000000000e+04
3.992909999999998399e+04
3.262990000000000509e+04
3.028640000000001237e+04
3.136419999999999709e+04
3.437540000000000146e+04
4.488279999999999563e+04
5.987539999999999418e+04
6.948089999999999418e+04
6.399540000000000146e+04
4.596790000000001601e+04
3.406160000000000582e+04
3.291989999999999418e+04
3.383320000000000437e+04
3.621059999999999127e+04
4.377819999999999709e+04
5.653720000000000437e+04
6.669040000000002328e+04
6.511010000000000582e+04
5.073859999999999854e+04
3.667930000000001746e+04
3.339150000000000728e+04
3.789490000000000146e+04
3.730990000000000146e+04
4.015899999999999272e+04
5.372460000000000582e+04
6.661219999999999709e+04
8.675689999999997963e+04
8.999319999999998254e+04
6.856760000000000582e+04
5.605879999999996653e+04
4.674839999999999418e+04
3.755560000000001310e+04
3.491489999999999418e+04
4.411200000000000728e+04
5.773199999999999272e+04
7.455240000000006694e+04
9.289140000000000873e+04
8.499239999999999418e+04
6.892529999999998836e+04
5.664760000000001310e+04
3.916329999999999563e+04
3.248680000000000291e+04
3.787989999999997235e+04
4.658690000000003783e+04
6.067229999999999563e+04
6.963959999999999127e+04
6.091019999999999709e+04
5.499999999999999272e+04
5.318190000000000873e+04
4.054469999999998981e+04
3.445750000000000000e+04
4.028139999999999418e+04
4.340539999999999418e+04
5.534579999999998108e+04
6.520090000000001601e+04
6.206930000000001019e+04
5.237030000000000291e+04
4.046769999999998254e+04
3.986440000000000146e+04
3.823689999999999418e+04
3.245229999999999927e+04
3.314890000000001601e+04
3.984770000000002619e+04
5.117430000000000291e+04
5.706720000000001892e+04
5.280070000000000437e+04
4.479700000000000000e+04
4.121460000000000582e+04
4.292639999999999418e+04
3.751649999999999272e+04
3.346289999999998690e+04
3.680019999999998981e+04
4.396609999999999127e+04
5.170320000000000437e+04
5.374359999999999854e+04
4.839769999999999709e+04
3.794749999999999272e+04
3.390290000000000146e+04
2.998390000000000146e+04
2.427019999999999345e+04
2.136669999999999345e+04
1.977140000000000146e+04
2.045629999999999927e+04
3.008279999999999200e+04
4.875239999999999418e+04
5.799649999999999272e+04
4.740729999999999563e+04
3.316440000000000146e+04
3.010159999999998399e+04
3.018240000000000509e+04
3.312730000000001019e+04
4.033069999999999709e+04
5.098559999999999854e+04
6.303370000000001892e+04
6.366399999999997817e+04
5.535069999999998981e+04
4.605690000000000873e+04
3.396659999999998399e+04
2.710339999999999782e+04
2.711739999999999782e+04
3.081400000000001819e+04
3.871629999999998836e+04
5.200499999999998545e+04
5.789169999999999709e+04
5.288019999999999709e+04
4.802629999999997381e+04
3.858359999999999854e+04
2.877030000000000291e+04
2.509199999999998909e+04
2.502879999999999563e+04
2.924590000000000509e+04
3.989670000000003347e+04
4.646669999999998254e+04
4.420950000000000728e+04
4.154700000000001455e+04
3.880919999999999709e+04
3.091200000000000364e+04
2.435879999999999927e+04
2.073750000000000728e+04
2.120350000000000000e+04
2.654530000000000291e+04
2.814690000000000146e+04
3.426630000000000291e+04
4.932960000000002765e+04
5.696480000000002474e+04
5.131030000000001746e+04
3.596189999999998690e+04
2.403509999999998763e+04
2.293129999999999927e+04
2.471699999999998909e+04
2.971979999999999563e+04
3.368509999999999854e+04
3.193719999999998618e+04
3.196829999999999563e+04
3.393079999999998836e+04
3.056630000000000291e+04
2.326060000000000582e+04
1.961640000000000509e+04
2.145049999999999272e+04
2.431469999999999709e+04
2.886849999999999636e+04
2.930900000000000000e+04
3.222100000000000728e+04
3.704359999999996944e+04
3.657600000000000728e+04
3.094629999999999927e+04
2.455380000000000291e+04
2.234140000000000509e+04
2.619860000000001310e+04
3.511150000000001455e+04
5.304970000000001164e+04
7.129460000000007858e+04
6.956369999999999709e+04
5.016710000000000582e+04
3.239300000000001091e+04
2.143479999999999200e+04
1.794550000000000000e+04
1.901499999999998545e+04
2.353639999999999418e+04
3.417589999999998690e+04
5.369099999999999272e+04
6.988019999999998254e+04
7.076689999999999418e+04
5.446099999999999272e+04
3.394140000000000873e+04
2.212310000000000218e+04
1.888959999999999491e+04
2.026460000000000218e+04
2.793280000000000291e+04
4.450470000000000437e+04
6.571850000000001455e+04
8.258090000000000873e+04
7.417839999999999418e+04
4.874650000000000728e+04
2.937600000000000364e+04
2.416979999999998836e+04
2.322299999999999636e+04
2.359939999999999418e+04
2.876990000000001237e+04
4.030040000000003056e+04
4.790630000000001019e+04
4.354339999999999418e+04
3.519440000000000146e+04
3.033419999999999345e+04
2.571009999999998763e+04
2.116600000000000000e+04
2.073279999999999200e+04
2.287809999999999854e+04
2.615589999999999782e+04
3.069130000000000655e+04
3.622479999999999563e+04
3.800470000000001164e+04
3.211689999999999782e+04
2.399910000000000218e+04
1.969209999999999854e+04
1.960669999999999345e+04
2.195430000000000291e+04
2.666689999999998327e+04
3.371729999999998836e+04
3.973109999999999854e+04
4.193080000000002474e+04
3.762140000000000873e+04
3.024369999999998981e+04
2.292229999999999927e+04
1.965200000000001091e+04
1.987239999999999054e+04
2.113860000000000218e+04
2.402700000000000728e+04
3.127710000000000582e+04
3.592860000000000582e+04
3.561569999999998981e+04
3.178030000000000291e+04
2.664590000000000509e+04
2.109740000000000146e+04
2.015429999999999927e+04
2.353809999999999854e+04
2.962589999999999418e+04
4.629159999999999854e+04
7.382379999999997381e+04
8.566279999999993015e+04
6.627020000000001164e+04
3.720650000000002183e+04
2.227799999999999636e+04
1.974600000000000000e+04
2.051529999999999927e+04
2.256569999999998981e+04
2.992240000000000509e+04
4.482540000000001601e+04
6.155640000000002328e+04
6.509100000000001455e+04
4.978539999999999418e+04
3.010279999999998836e+04
2.092199999999999636e+04
2.005959999999999854e+04
2.140509999999999854e+04
2.545839999999999054e+04
3.648969999999998981e+04
5.183940000000000146e+04
6.151170000000001164e+04
5.546769999999999709e+04
3.829380000000001019e+04
2.550900000000000000e+04
2.153889999999999418e+04
2.152980000000000291e+04
2.289239999999999782e+04
2.883839999999999782e+04
4.148429999999998108e+04
5.246779999999999563e+04
5.330920000000001164e+04
4.419939999999999418e+04
3.069899999999998181e+04
2.161390000000000509e+04
2.006369999999999345e+04
2.174849999999998909e+04
2.451059999999998399e+04
3.168779999999999200e+04
4.285129999999998108e+04
5.134630000000001019e+04
4.918919999999999709e+04
3.694489999999999418e+04
2.404120000000000437e+04
1.840820000000000437e+04
1.990389999999999782e+04
2.364959999999999854e+04
2.776670000000000437e+04
3.357819999999999709e+04
4.198899999999999272e+04
4.650729999999999563e+04
4.211010000000000582e+04
3.034319999999999345e+04
2.055239999999999782e+04
1.663219999999999345e+04
1.577629999999999927e+04
1.610800000000000364e+04
1.910490000000000146e+04
2.577670000000000800e+04
3.170860000000000218e+04
3.425279999999999563e+04
3.362339999999997963e+04
2.905260000000000218e+04
2.277750000000000728e+04
1.936200000000001091e+04
2.064929999999999563e+04
2.650770000000001528e+04
3.771829999999998836e+04
5.653720000000001164e+04
6.805499999999998545e+04
6.058190000000000146e+04
4.107950000000002183e+04
2.634529999999999927e+04
2.344979999999999563e+04
2.303300000000000000e+04
2.222019999999999345e+04
2.822980000000000291e+04
4.219399999999999272e+04
5.458680000000000291e+04
5.388669999999999709e+04
4.222100000000001455e+04
2.998810000000000582e+04
2.396529999999999927e+04
2.287030000000001382e+04
2.328789999999999782e+04
2.482519999999999345e+04
3.383850000000000000e+04
4.978449999999998545e+04
6.347599999999999272e+04
5.811859999999999854e+04
3.933080000000000291e+04
2.432630000000000291e+04
2.044889999999999782e+04
2.138789999999999782e+04
2.257559999999999854e+04
2.673949999999999636e+04
3.534670000000001164e+04
4.437690000000000146e+04
4.608900000000001455e+04
4.024179999999999563e+04
2.919500000000000728e+04
2.063330000000000291e+04
1.894300000000000000e+04
2.173249999999999272e+04
2.469270000000000073e+04
3.105050000000000364e+04
4.285770000000002619e+04
5.268449999999997817e+04
4.791749999999998545e+04
3.429950000000000000e+04
2.242840000000000873e+04
1.790380000000000291e+04
1.804879999999999927e+04
1.961979999999999200e+04
2.228450000000000000e+04
2.762320000000000437e+04
3.406259999999999127e+04
3.670100000000000000e+04
3.259140000000000509e+04
2.496749999999999272e+04
