1.631478309631347656e+00 9.727355119289671848e+02
7.780327081680297852e+00 9.730703198322654544e+02
1.330546426773071289e+01 9.731771071544804954e+02
1.884600806236267090e+01 9.727811244093610412e+02
2.436433124542236328e+01 9.731685368128402160e+02
2.988596558570861816e+01 9.731997593350364468e+02
3.531880807876586914e+01 9.731255261568575179e+02
4.096011972427368164e+01 9.733648241461047519e+02
4.644758033752441406e+01 9.734133832235808086e+02
5.195869851112365723e+01 9.734872077386947922e+02
5.752911210060119629e+01 9.732997572325317606e+02
6.395944690704345703e+01 9.735232553168965524e+02
6.953430509567260742e+01 9.737287553509730742e+02
7.492984771728515625e+01 9.732869183022424977e+02
8.056529617309570312e+01 9.737853633609528288e+02
8.607915663719177246e+01 9.737305210799398765e+02
9.150464701652526855e+01 9.739370136237959059e+02
9.709675669670104980e+01 9.738892050998287004e+02
1.026669373512268066e+02 9.738588745424746094e+02
1.081560363769531250e+02 9.741168304302217393e+02
1.136844463348388672e+02 9.739203818260790513e+02
1.203355042934417725e+02 9.740403993092223800e+02
1.258914895057678223e+02 9.742286800450248165e+02
1.313759210109710693e+02 9.738607507690511511e+02
1.368077483177185059e+02 9.743327754763282655e+02
1.424811244010925293e+02 9.742829570280288181e+02
1.480224881172180176e+02 9.743104022394253434e+02
1.534588439464569092e+02 9.746147898246694012e+02
1.590349345207214355e+02 9.740119612245561029e+02
1.644705920219421387e+02 9.745745286108725622e+02
1.700800709724426270e+02 9.744700403034192959e+02
1.768113815784454346e+02 9.744021180613727893e+02
1.822378687858581543e+02 9.746963171158080286e+02
1.878451657295227051e+02 9.742616488455543049e+02
1.932959866523742676e+02 9.747055113971745186e+02
1.988434853553771973e+02 9.747461358150263777e+02
2.044224793910980225e+02 9.747439393626926858e+02
2.099745335578918457e+02 9.747604486589026465e+02
2.154991159439086914e+02 9.743798795012306755e+02
2.210214736461639404e+02 9.750904832990657951e+02
2.265032598972320557e+02 9.751078581427278777e+02
2.333479819297790527e+02 9.747527740321010015e+02
2.389853830337524414e+02 9.750597961601921497e+02
2.444285082817077637e+02 9.748418917784173345e+02
2.499655535221099854e+02 9.751408076294750344e+02
2.555306489467620850e+02 9.753125231209099866e+02
2.610969948768615723e+02 9.751049488837148829e+02
2.666214921474456787e+02 9.752736594975721118e+02
2.720426352024078369e+02 9.749437837648255254e+02
2.775927844047546387e+02 9.753963576832037461e+02
2.830849637985229492e+02 9.755057619328637202e+02
2.901059865951538086e+02 9.747885126718284710e+02
2.956229181289672852e+02 9.755014148775218246e+02
3.010873844623565674e+02 9.755793493725751659e+02
3.072657530307769775e+02 9.754416652613630276e+02
3.128457930088043213e+02 9.755970603879474083e+02
3.182725231647491455e+02 9.751377854666990288e+02
3.239208681583404541e+02 9.756690712021257923e+02
3.294034693241119385e+02 9.787912650262134093e+02
3.348785414695739746e+02 9.785892983219069947e+02
3.404445023536682129e+02 9.788417865852881050e+02
3.476707623004913330e+02 9.756111754001939289e+02
3.532824914455413818e+02 9.787235760885001810e+02
3.587722811698913574e+02 9.791910457638217622e+02
3.642801568508148193e+02 9.787028297439611606e+02
3.697699873447418213e+02 9.788497758147346985e+02
3.753278903961181641e+02 9.788266406866388252e+02
3.809179790019989014e+02 9.789994733326369669e+02
3.863445932865142822e+02 9.791907221373368202e+02
3.918354458808898926e+02 9.790135397697348481e+02
3.974453442096710205e+02 9.789850380646900021e+02
4.049604272842407227e+02 9.792524227284319522e+02
4.104399056434631348e+02 9.791464743400166526e+02
4.160340285301208496e+02 9.789680521897299741e+02
4.215676424503326416e+02 9.787490153194336244e+02
