6.861470000000002619e+04
6.219070000000001164e+04
9.287270000000001164e+04
1.325804999999999418e+05
1.092590999999999622e+05
6.872079999999998836e+04
5.900420000000000437e+04
4.606460000000002037e+04
4.328689999999998690e+04
7.842930000000001746e+04
1.183879999999999709e+05
1.301285000000000000e+05
9.696580000000001746e+04
5.358329999999998836e+04
4.743829999999998836e+04
5.802630000000001019e+04
6.317519999999998254e+04
6.575880000000001746e+04
5.402160000000002037e+04
7.210789999999997963e+04
1.266437000000000407e+05
1.199977000000000262e+05
7.008650000000001455e+04
5.898109999999998399e+04
5.265720000000002619e+04
4.821460000000000582e+04
8.018670000000005530e+04
9.607420000000004075e+04
1.047700999999999767e+05
1.630637000000000698e+05
1.941344999999998836e+05
1.377603999999999942e+05
7.599900000000000000e+04
4.918760000000002037e+04
4.170659999999998399e+04
4.946559999999997672e+04
5.334060000000000582e+04
7.101729999999998836e+04
1.251472000000000116e+05
1.807713000000001048e+05
1.826405999999999476e+05
1.175612000000000116e+05
5.709910000000000582e+04
4.264910000000000582e+04
3.410500000000000000e+04
4.203889999999999418e+04
6.500290000000000873e+04
6.952260000000000582e+04
1.039073000000000029e+05
1.522534999999999709e+05
1.208436999999999680e+05
5.788659999999999854e+04
4.109890000000000873e+04
4.233619999999999709e+04
4.222960000000002037e+04
4.506450000000002183e+04
5.544800000000000728e+04
8.069500000000000000e+04
1.067709000000000233e+05
1.030852999999999738e+05
8.151239999999999418e+04
7.733959999999997672e+04
7.586930000000000291e+04
5.207449999999999272e+04
4.037449999999998545e+04
4.957980000000000291e+04
5.886810000000002765e+04
9.340619999999998254e+04
1.359694999999999418e+05
1.242194000000000087e+05
8.400329999999998836e+04
6.411359999999999854e+04
5.697400000000002183e+04
4.820700000000000728e+04
4.092410000000000582e+04
4.680809999999999127e+04
7.291180000000000291e+04
1.068609000000000233e+05
1.238962999999999738e+05
1.079498999999999796e+05
8.150710000000002037e+04
7.042409999999999127e+04
6.601140000000002328e+04
6.977879999999998836e+04
7.446899999999998545e+04
7.142279999999997381e+04
1.470348000000000175e+05
2.672040000000000582e+05
2.319425999999999767e+05
1.088310000000000000e+05
7.137490000000000873e+04
6.053339999999999418e+04
5.694059999999999127e+04
9.205209999999999127e+04
1.357750000000000000e+05
1.862256000000000640e+05
1.632127000000000407e+05
9.419139999999997963e+04
1.391695999999999476e+05
1.691849000000000233e+05
9.363619999999996799e+04
6.961319999999999709e+04
6.344030000000002474e+04
5.262980000000000291e+04
8.608740000000000873e+04
1.317366999999999243e+05
2.013572999999999302e+05
2.172217000000000698e+05
1.267976000000000204e+05
5.916050000000001455e+04
4.207489999999999418e+04
3.404909999999999127e+04
4.295080000000002474e+04
4.593740000000000873e+04
8.746799999999994179e+04
1.963722999999999593e+05
2.351695000000000000e+05
1.532547000000000116e+05
6.696820000000002619e+04
4.246090000000000146e+04
3.674919999999999709e+04
3.285739999999999418e+04
4.271300000000000000e+04
5.296499999999998545e+04
9.892959999999996217e+04
2.002325999999999476e+05
2.430706999999999534e+05
1.801951999999999534e+05
1.369822000000000116e+05
1.355579000000000233e+05
9.800870000000006985e+04
4.962210000000000582e+04
3.980180000000001019e+04
5.551469999999999709e+04
1.135859000000000378e+05
1.748838000000000466e+05
1.505364000000000815e+05
8.506300000000000000e+04
7.456620000000001164e+04
9.772380000000003201e+04
9.552859999999999127e+04
6.044970000000000437e+04
4.946869999999998254e+04
1.048448999999999796e+05
1.874089999999999418e+05
2.146472999999999593e+05
1.423011000000000058e+05
7.310830000000000291e+04
6.154229999999998836e+04
6.359830000000001019e+04
8.599679999999995925e+04
8.080739999999997963e+04
6.954269999999999709e+04
1.379186999999999534e+05
1.952538999999999360e+05
1.623823000000000175e+05
9.648299999999998545e+04
6.350029999999998108e+04
6.932280000000001746e+04
6.291940000000000146e+04
7.012989999999999418e+04
1.011912999999999884e+05
1.190488999999999796e+05
1.839636000000000640e+05
2.218813999999999651e+05
1.406262000000000116e+05
6.983990000000000873e+04
5.442080000000000291e+04
3.648309999999999854e+04
3.873560000000002037e+04
4.805069999999998981e+04
7.144260000000000582e+04
1.273984000000000087e+05
1.598878999999999651e+05
1.374569000000000524e+05
8.123329999999998836e+04
6.319419999999998981e+04
7.156630000000000291e+04
5.063259999999999127e+04
4.015679999999999563e+04
5.510180000000002474e+04
8.407739999999997963e+04
1.485179000000000233e+05
1.909421999999999825e+05
1.336967000000000116e+05
7.100810000000000582e+04
8.596219999999998254e+04
7.475209999999999127e+04
4.435730000000000291e+04
4.791549999999998545e+04
7.278090000000000873e+04
1.185162999999999593e+05
1.030238000000000175e+05
1.195086000000000204e+05
2.020435000000000000e+05
1.729757999999999302e+05
9.940750000000001455e+04
6.929039999999997963e+04
5.646680000000001019e+04
6.704760000000006403e+04
6.570259999999999127e+04
1.699229000000000233e+05
3.133932000000000698e+05
2.438698000000000175e+05
1.329476000000000640e+05
1.521117000000000116e+05
1.683372999999999593e+05
1.191661999999999971e+05
6.734610000000000582e+04
5.232450000000001455e+04
1.019693000000000175e+05
2.210949000000000233e+05
2.773134000000001979e+05
1.936818999999999942e+05
1.334375000000000000e+05
1.491779000000000524e+05
1.403255000000000000e+05
9.396190000000002328e+04
5.995929999999999563e+04
7.004600000000000000e+04
1.455108999999999069e+05
2.420825999999999185e+05
2.275176000000000058e+05
1.240489999999999709e+05
7.435899999999995634e+04
7.629250000000002910e+04
8.039439999999999418e+04
8.200409999999999127e+04
8.300490000000002328e+04
1.176992000000000698e+05
2.369738999999999942e+05
2.994911000000001513e+05
1.876421000000000058e+05
7.818440000000000873e+04
5.392689999999998690e+04
4.339129999999999563e+04
3.813730000000001746e+04
4.511559999999998399e+04
8.751700000000002910e+04
2.409212999999999593e+05
3.996502999999999302e+05
3.269540000000001746e+05
1.396079000000000233e+05
6.555890000000000873e+04
4.891500000000002183e+04
4.025569999999998254e+04
5.225229999999998836e+04
5.797130000000001746e+04
9.692039999999999418e+04
2.425322000000000116e+05
3.519327999999999302e+05
2.276738999999999651e+05
9.234059999999999127e+04
8.747849999999998545e+04
6.584389999999997963e+04
4.636429999999998836e+04
5.458479999999997381e+04
7.318360000000000582e+04
1.696475000000000000e+05
3.016861000000001513e+05
3.028209999999999418e+05
1.918926999999999825e+05
1.108858999999999942e+05
8.046829999999995925e+04
5.724499999999999272e+04
4.939830000000003201e+04
5.627940000000000873e+04
1.055745000000000000e+05
2.538003999999999942e+05
4.126781999999998370e+05
3.635217000000000116e+05
2.014497000000000698e+05
1.412329999999999418e+05
1.115540999999999913e+05
6.086309999999999854e+04
4.390780000000003201e+04
5.620049999999998545e+04
1.402132000000000116e+05
2.793937999999999302e+05
3.397536000000000349e+05
2.360350000000000000e+05
1.219873000000000175e+05
1.185876000000000058e+05
1.045892000000000407e+05
8.474859999999997672e+04
9.117920000000001164e+04
1.264350000000000000e+05
1.843540000000000000e+05
1.413480000000000291e+05
2.388806999999999825e+05
5.032024000000000233e+05
4.077107999999998137e+05
1.843185999999999767e+05
1.252294999999999854e+05
1.128899999999999854e+05
1.463773999999999942e+05
2.025577999999999593e+05
4.321871000000001513e+05
5.163047000000000116e+05
2.475967000000000116e+05
9.991200000000002910e+04
7.662780000000004657e+04
5.232900000000000728e+04
8.041130000000001746e+04
1.752452000000000116e+05
2.199284000000000815e+05
2.119243999999999651e+05
3.148296999999999534e+05
2.906916999999998370e+05
1.179924000000000233e+05
5.315369999999999709e+04
3.787150000000001455e+04
3.860269999999999709e+04
5.387460000000002037e+04
1.444736999999999825e+05
3.302794000000000815e+05
4.449741000000002095e+05
3.777238999999999069e+05
1.899339999999999418e+05
8.622789999999997963e+04
7.070289999999999418e+04
5.510370000000001892e+04
5.228460000000000582e+04
5.435439999999999418e+04
1.059836999999999825e+05
2.049354000000001106e+05
4.322740000000001164e+05
5.471711999999998370e+05
3.150439000000001397e+05
1.221855000000000000e+05
9.216599999999995634e+04
5.958459999999999854e+04
4.877489999999997963e+04
4.424780000000000291e+04
8.392089999999999418e+04
2.002262000000000990e+05
3.666575999999999767e+05
3.921049000000000815e+05
2.185323000000000466e+05
9.848359999999997672e+04
5.690180000000003201e+04
3.621980000000000291e+04
3.951060000000000582e+04
5.733299999999999272e+04
1.107351000000000349e+05
2.374032999999999302e+05
4.099790000000001164e+05
3.565085000000000582e+05
2.048531000000000058e+05
1.527115000000000582e+05
9.263659999999996217e+04
7.465030000000000291e+04
7.195110000000000582e+04
9.399340000000002328e+04
1.776013000000000175e+05
3.911020000000001746e+05
4.857295000000001164e+05
2.689565000000000582e+05
1.630745000000000291e+05
1.376412999999999593e+05
9.719260000000000582e+04
1.058145999999999767e+05
1.264830000000000146e+05
1.551260000000000291e+05
2.517220999999999476e+05
3.512651999999999534e+05
2.205105999999999476e+05
7.601189999999996508e+04
6.644339999999997963e+04
1.247944999999999854e+05
1.478077000000000407e+05
1.109667999999999738e+05
1.188140999999999913e+05
1.847449999999999709e+05
3.809150999999998603e+05
3.868837000000001863e+05
1.722146000000000931e+05
6.380660000000002765e+04
6.224869999999998981e+04
1.017058000000000175e+05
1.393567000000000407e+05
1.547468999999999360e+05
1.356957999999999593e+05
1.785578999999999069e+05
1.573160000000000582e+05
3.145452000000000698e+05
5.051915000000000000e+05
2.808255000000001164e+05
1.408826000000000640e+05
1.142466000000000640e+05
9.296969999999999709e+04
1.313943999999999942e+05
1.819018000000000175e+05
3.734544000000000233e+05
4.378428999999997905e+05
2.272100000000000000e+05
9.964659999999999127e+04
8.505070000000002619e+04
5.543929999999998836e+04
5.573110000000000582e+04
5.761250000000001455e+04
9.179619999999996799e+04
2.244990000000000291e+05
4.365837999999998137e+05
4.221617000000001281e+05
1.868239000000000524e+05
1.039375999999999476e+05
7.561389999999995052e+04
5.629159999999998399e+04
6.342740000000001601e+04
6.916160000000000582e+04
1.121933999999999942e+05
2.392706999999999825e+05
3.910931000000000349e+05
2.652054000000000233e+05
1.054250999999999476e+05
9.441229999999997381e+04
8.295479999999997381e+04
6.882819999999999709e+04
6.709160000000000582e+04
1.418590000000000873e+05
2.347234000000001397e+05
3.735840999999998603e+05
3.782737999999999302e+05
2.225606000000000058e+05
1.631300999999998894e+05
1.060905999999999913e+05
7.592270000000001164e+04
5.585390000000000873e+04
8.148040000000002328e+04
1.648492000000000116e+05
3.366615000000000000e+05
4.468222999999999884e+05
3.233425999999999185e+05
1.994783000000000466e+05
1.298484000000000087e+05
8.573189999999997963e+04
5.738009999999999127e+04
5.436149999999999272e+04
9.128500000000001455e+04
1.992113999999999942e+05
2.963281999999999534e+05
2.112323999999999942e+05
1.093636999999999389e+05
7.300769999999999709e+04
6.007619999999997526e+04
6.809170000000001164e+04
7.439900000000001455e+04
8.361540000000000873e+04
1.297968000000000029e+05
2.954746999999997206e+05
5.030695999999998603e+05
4.511070000000000582e+05
2.146223999999999651e+05
1.205038000000000320e+05
8.585669999999998254e+04
7.185189999999999418e+04
1.109349999999999854e+05
1.527128000000000466e+05
1.945988000000000757e+05
2.749263000000001048e+05
4.284047999999998719e+05
3.344905000000000582e+05
1.588167000000000116e+05
1.295515999999999622e+05
7.341259999999999127e+04
8.366560000000002037e+04
1.068486999999999825e+05
1.830051999999999243e+05
2.611320000000000291e+05
4.511051000000002678e+05
4.564980000000001164e+05
1.830784000000000524e+05
1.080866000000000058e+05
7.641180000000003201e+04
5.196070000000001164e+04
6.245750000000000728e+04
1.343426000000000349e+05
2.805235999999998603e+05
4.027191000000000931e+05
2.939347000000001281e+05
4.984551999999999534e+05
6.574525999999999767e+05
3.568510000000001746e+05
2.402295000000000582e+05
1.286298999999999651e+05
9.171080000000000291e+04
9.955879999999995925e+04
2.695214000000001979e+05
4.076303999999999651e+05
3.137793999999999069e+05
1.965102000000000116e+05
1.376451000000000058e+05
1.125432000000000116e+05
7.068040000000000873e+04
6.567519999999996799e+04
8.265689999999996508e+04
1.692405000000000000e+05
3.617855000000000582e+05
5.384524000000000233e+05
3.573752000000001863e+05
1.437441999999999534e+05
1.003104999999999854e+05
7.106950000000001455e+04
5.738820000000001164e+04
6.689889999999997963e+04
1.078948000000000029e+05
2.684285000000000000e+05
4.942233999999999651e+05
4.389657999999998137e+05
1.965633999999999651e+05
8.526240000000000873e+04
9.504190000000005239e+04
8.784630000000001746e+04
9.608520000000001164e+04
8.878419999999995343e+04
1.470927999999999302e+05
3.469153000000001048e+05
6.278300000000001164e+05
5.310352999999996973e+05
2.061107000000001572e+05
1.211410000000000000e+05
8.038630000000004657e+04
6.691980000000000291e+04
6.793889999999999418e+04
9.016469999999998254e+04
2.019859999999999709e+05
4.899744999999999418e+05
7.533626000000002095e+05
5.097457999999999302e+05
1.920785999999999185e+05
1.138350000000000291e+05
5.880029999999998108e+04
4.943589999999997963e+04
5.843080000000000291e+04
1.278838000000000320e+05
2.896600999999999185e+05
5.274113000000001630e+05
4.504157000000000116e+05
1.675074000000000815e+05
7.197180000000000291e+04
4.991889999999999418e+04
4.643590000000000146e+04
4.950460000000000582e+04
9.921699999999998545e+04
2.141556999999999534e+05
3.954599999999999418e+05
4.762433000000001630e+05
2.731952999999998137e+05
8.840789999999997963e+04
4.797210000000000582e+04
3.782480000000001746e+04
4.119169999999998981e+04
4.936240000000001601e+04
9.563599999999995634e+04
2.031682999999999010e+05
3.513648000000002794e+05
2.822362000000001863e+05
1.158490000000000000e+05
5.892839999999997963e+04
5.111500000000001455e+04
4.356360000000000582e+04
5.024460000000001310e+04
7.639070000000001164e+04
1.664765999999999476e+05
3.626845000000001164e+05
5.129394999999998836e+05
3.185175000000000000e+05
1.279814999999999854e+05
9.556899999999998545e+04
7.366030000000001746e+04
6.994860000000000582e+04
1.071361999999999971e+05
1.628504000000000815e+05
1.964119999999999418e+05
2.275704999999999418e+05
2.280713999999999651e+05
5.107372999999999302e+05
4.155084000000000815e+05
1.690822000000000116e+05
1.113908999999999796e+05
6.193340000000000146e+04
6.956069999999998254e+04
1.554995999999998894e+05
3.862624999999998836e+05
6.133827000000003027e+05
5.729089000000000233e+05
2.441073999999999651e+05
1.131628000000000611e+05
7.153609999999999127e+04
4.804050000000000000e+04
4.759380000000001019e+04
9.247500000000000000e+04
1.978775000000000000e+05
4.266830000000000582e+05
5.766601000000004424e+05
3.499585000000000582e+05
1.257935000000000146e+05
8.101160000000003492e+04
5.193889999999999418e+04
6.279660000000002765e+04
7.601159999999996217e+04
1.788315999999999767e+05
3.215771999999999534e+05
5.099838000000002212e+05
4.383273999999997322e+05
1.706969000000000233e+05
7.240939999999999418e+04
4.893179999999998108e+04
4.542500000000000728e+04
6.418639999999998690e+04
1.138987999999999738e+05
2.484146999999999243e+05
4.518157000000000116e+05
5.165919000000000233e+05
2.836855000000001164e+05
8.731409999999999127e+04
5.337790000000000146e+04
4.753930000000001019e+04
4.737570000000001164e+04
8.176850000000001455e+04
1.257769000000000087e+05
2.552140000000000000e+05
3.934717999999999884e+05
2.976917000000001281e+05
1.242636000000000349e+05
5.406709999999999854e+04
4.630770000000002619e+04
4.373119999999999709e+04
5.771910000000002037e+04
9.429570000000004075e+04
1.643824999999999709e+05
3.514859000000000815e+05
4.521789999999999418e+05
2.731931999999999534e+05
1.150477999999999447e+05
5.074499999999997817e+04
4.273309999999999854e+04
4.232970000000000437e+04
5.986800000000000728e+04
8.726760000000000582e+04
2.126160000000000582e+05
4.144928999999999651e+05
4.524539999999998254e+05
2.307386999999999243e+05
7.471940000000003783e+04
4.236969999999998254e+04
3.599480000000000291e+04
4.571120000000000437e+04
6.255109999999996944e+04
1.440116000000000931e+05
3.454482000000000116e+05
5.512129000000001397e+05
4.572923999999999651e+05
1.708792000000000116e+05
7.312699999999998545e+04
4.873910000000002037e+04
4.404140000000001601e+04
5.450669999999999709e+04
9.803670000000001164e+04
2.288975000000000000e+05
4.154127999999999884e+05
4.356048000000001048e+05
2.288113999999999651e+05
7.839889999999999418e+04
6.070619999999999709e+04
5.358770000000001892e+04
5.949580000000000291e+04
1.076938999999999651e+05
1.388998000000000175e+05
1.606826999999998661e+05
1.567327999999999884e+05
3.174000999999998603e+05
4.820608999999998487e+05
2.414725999999999185e+05
1.240097999999999738e+05
8.876630000000001746e+04
6.149200000000000000e+04
1.064305999999999767e+05
1.723126999999999534e+05
3.164503999999999651e+05
3.101987999999999884e+05
1.755232999999999302e+05
9.686019999999999709e+04
5.638729999999998108e+04
5.977499999999998545e+04
4.544629999999998836e+04
7.160719999999999709e+04
1.215705999999999767e+05
2.275223999999999942e+05
3.477812999999999302e+05
2.867983000000001048e+05
1.570198000000000757e+05
7.140390000000002328e+04
4.892250000000000000e+04
4.370359999999999854e+04
5.015579999999999563e+04
8.064669999999999709e+04
1.510554000000000815e+05
2.766120000000000000e+05
3.342958000000001630e+05
2.045261999999999534e+05
9.540599999999998545e+04
4.934269999999999709e+04
5.695069999999998981e+04
5.159150000000000728e+04
6.698940000000000873e+04
1.083368999999999505e+05
2.773232999999999884e+05
4.664422999999999302e+05
6.102585000000004657e+05
3.781278000000000466e+05
1.692030000000000291e+05
1.026169000000000233e+05
5.928109999999998399e+04
6.546679999999999563e+04
7.523990000000000873e+04
1.548083000000000175e+05
3.322165999999997439e+05
5.226460000000001164e+05
4.715480000000000582e+05
2.220249999999999709e+05
1.454587999999999884e+05
7.609580000000000291e+04
7.937689999999996508e+04
7.178419999999998254e+04
1.267072999999999884e+05
2.376098999999999069e+05
4.588289999999999418e+05
5.433029000000002561e+05
3.075731999999999534e+05
1.334808999999999942e+05
9.258140000000008149e+04
5.132919999999999709e+04
6.347679999999999563e+04
6.392779999999998836e+04
1.314729999999999709e+05
2.500398999999999651e+05
3.873183000000001048e+05
3.198637000000001863e+05
1.478738000000000175e+05
8.443349999999997090e+04
6.168470000000004075e+04
4.751090000000000146e+04
5.785080000000001019e+04
9.923280000000000291e+04
2.250748999999999651e+05
3.851604999999998836e+05
4.377525000000001164e+05
2.305514999999999709e+05
7.577360000000000582e+04
5.196069999999998254e+04
4.336529999999999563e+04
4.162520000000001164e+04
6.954189999999997963e+04
1.267002000000000407e+05
2.402404000000000233e+05
3.469105999999999767e+05
2.915162000000000116e+05
1.324925999999999767e+05
5.181280000000002474e+04
5.264650000000001455e+04
4.538169999999999709e+04
5.627940000000000146e+04
8.162640000000002328e+04
9.422169999999995343e+04
1.097087999999999884e+05
1.213187000000000116e+05
2.812034000000001397e+05
3.428258999999999069e+05
2.026500000000000000e+05
1.022624000000000233e+05
5.817310000000002037e+04
7.751969999999998254e+04
8.926260000000002037e+04
1.935483999999999942e+05
3.296506000000001513e+05
4.055979999999999418e+05
2.919860000000000582e+05
1.336842000000000116e+05
5.717669999999998981e+04
4.580190000000000146e+04
5.216059999999999127e+04
8.040230000000000291e+04
1.585075000000000000e+05
3.181925999999999767e+05
4.861119000000000233e+05
4.485264999999998836e+05
2.434903999999999942e+05
1.027226000000000349e+05
4.566950000000000728e+04
4.803950000000000000e+04
5.859820000000001164e+04
9.975230000000000291e+04
1.844414999999999418e+05
3.191260000000000000e+05
3.549494999999998254e+05
2.238810999999999767e+05
9.495039999999997963e+04
4.792640000000000873e+04
3.244269999999999345e+04
4.162400000000000000e+04
5.823420000000001892e+04
1.067031000000000349e+05
2.148255000000000582e+05
2.984983000000000466e+05
2.329289000000000233e+05
1.161344999999999709e+05
4.917100000000000728e+04
3.357539999999999418e+04
2.797650000000001091e+04
3.433339999999999418e+04
5.467940000000000873e+04
1.281649000000000378e+05
2.305574999999999709e+05
2.432297000000000116e+05
1.492114999999999709e+05
7.461269999999996799e+04
4.273739999999999418e+04
3.259769999999998981e+04
3.062670000000000800e+04
3.763310000000001310e+04
5.988100000000001455e+04
1.302106999999999825e+05
1.913252999999999593e+05
1.611794999999999709e+05
9.809470000000005530e+04
6.442680000000001746e+04
3.864559999999999127e+04
3.481410000000000582e+04
4.082270000000000437e+04
5.076300000000000000e+04
1.155453999999999505e+05
2.342026999999998661e+05
3.810359000000000815e+05
4.471756999999997788e+05
2.475430000000000000e+05
8.630840000000000873e+04
5.068959999999999127e+04
3.701800000000000000e+04
4.159830000000001019e+04
7.402189999999999418e+04
1.614420000000001164e+05
3.399818000000001048e+05
5.168446999999999534e+05
4.610592000000000116e+05
1.963205999999999185e+05
7.575550000000000000e+04
5.726600000000002910e+04
3.775860000000000582e+04
4.717120000000001164e+04
8.236560000000004948e+04
1.894636000000000349e+05
3.513444000000001397e+05
3.814849999999997672e+05
2.396670999999999185e+05
8.705819999999996799e+04
4.845450000000002183e+04
3.841920000000000437e+04
3.688139999999998690e+04
4.381810000000000582e+04
5.328910000000001310e+04
9.212249999999997090e+04
1.289741000000000495e+05
2.280390000000000291e+05
3.147961999999999534e+05
1.917344999999999709e+05
7.534850000000000000e+04
5.327500000000001455e+04
4.811679999999999563e+04
5.763630000000000291e+04
1.009921999999999971e+05
1.558035000000000000e+05
1.648890999999999767e+05
1.555860000000001164e+05
1.050526000000000640e+05
5.490129999999998836e+04
4.592310000000000582e+04
4.552999999999997817e+04
5.211740000000000873e+04
7.904950000000001455e+04
1.512458000000000757e+05
1.874708999999999651e+05
1.479933000000000175e+05
1.022882000000000262e+05
5.645509999999999854e+04
3.398000000000000728e+04
3.683489999999998690e+04
3.965249999999998545e+04
5.729199999999997090e+04
1.009282000000000116e+05
1.532850000000000582e+05
1.565685000000000873e+05
1.474652999999999884e+05
1.384207000000000116e+05
7.497029999999998836e+04
5.049150000000000000e+04
5.313109999999999127e+04
5.045659999999999854e+04
8.728759999999999127e+04
1.532843999999999651e+05
1.943451000000000349e+05
1.652168999999999942e+05
1.123224999999999127e+05
7.383820000000002619e+04
4.388160000000000582e+04
5.019819999999998981e+04
6.321019999999998981e+04
5.896009999999999127e+04
1.016763999999999942e+05
1.690910000000000000e+05
1.567067000000000407e+05
1.107947999999999884e+05
9.758150000000002910e+04
6.278079999999999563e+04
4.966399999999999272e+04
6.706269999999999709e+04
6.415510000000000582e+04
6.834889999999997963e+04
1.195143000000000029e+05
1.289487000000000116e+05
8.946199999999998545e+04
1.049821999999999971e+05
1.057676000000000204e+05
5.600740000000000873e+04
4.945490000000000873e+04
5.805170000000000437e+04
5.331530000000002474e+04
8.799450000000001455e+04
1.386012999999999593e+05
1.159753999999999505e+05
1.044221999999999825e+05
1.639505000000000000e+05
1.221348999999999796e+05
6.531139999999998690e+04
6.740720000000001164e+04
5.212940000000000146e+04
5.626339999999999418e+04
9.873009999999999127e+04
1.072490999999999913e+05
7.347669999999999709e+04
1.034184000000000233e+05
1.397051999999999825e+05
7.870610000000003492e+04
5.837329999999999563e+04
6.354490000000000146e+04
4.326190000000000146e+04
4.956830000000002474e+04
8.589090000000005239e+04
8.304480000000003201e+04
8.802889999999999418e+04
1.804168000000000757e+05
1.719073000000000466e+05
9.226409999999996217e+04
8.504059999999997672e+04
5.704330000000001746e+04
7.304039999999997963e+04
8.492140000000002328e+04
2.029995999999999767e+05
2.402421999999999825e+05
1.604352999999999593e+05
1.164006999999999971e+05
1.220936999999999534e+05
8.403929999999993015e+04
7.421860000000003492e+04
9.521559999999999127e+04
1.037984000000000087e+05
2.102702000000000116e+05
2.241683000000000175e+05
1.628803000000000175e+05
1.530213999999999942e+05
9.156410000000002037e+04
4.407339999999999418e+04
3.896880000000001746e+04
4.414580000000002474e+04
4.769460000000002037e+04
8.706600000000000000e+04
1.516925000000000582e+05
1.359197999999999884e+05
1.118697999999999738e+05
1.141674000000000233e+05
6.329480000000001746e+04
3.584780000000000291e+04
4.255770000000000437e+04
5.118609999999999854e+04
6.461839999999997963e+04
1.087547000000000116e+05
1.175383000000000320e+05
7.909789999999999418e+04
9.666119999999998254e+04
1.008053999999999942e+05
5.246120000000001164e+04
4.251660000000002037e+04
5.202010000000001310e+04
4.710050000000001455e+04
6.526089999999999418e+04
1.077443000000000466e+05
8.874959999999996217e+04
6.335359999999999854e+04
1.013002999999999447e+05
8.786150000000005821e+04
4.371050000000001455e+04
4.896219999999999709e+04
4.809990000000000873e+04
4.155490000000000146e+04
5.770790000000000146e+04
6.073490000000000146e+04
4.647959999999999854e+04
7.755780000000001746e+04
1.079734999999999854e+05
6.973310000000000582e+04
4.755300000000001455e+04
5.089289999999999418e+04
4.300719999999997526e+04
5.193240000000001601e+04
7.132289999999997963e+04
6.564870000000001164e+04
7.533900000000001455e+04
1.323751999999999825e+05
1.414605999999999476e+05
7.510969999999999709e+04
7.222619999999999709e+04
6.638509999999997672e+04
5.815419999999998254e+04
9.304810000000003492e+04
9.634089999999999418e+04
6.408349999999997817e+04
5.658479999999998836e+04
7.446699999999998545e+04
6.605740000000000873e+04
5.505209999999999127e+04
7.256239999999997963e+04
6.396759999999997672e+04
9.704420000000001164e+04
1.650822000000000990e+05
1.574016000000000640e+05
9.748589999999996508e+04
7.890720000000002619e+04
7.097669999999999709e+04
4.932349999999998545e+04
5.006600000000001455e+04
5.848739999999998690e+04
4.767920000000000437e+04
7.918559999999999127e+04
1.132073000000000029e+05
8.500480000000003201e+04
8.150629999999998836e+04
1.032629000000000233e+05
7.234729999999997381e+04
6.054829999999999563e+04
5.403529999999999563e+04
5.206310000000000582e+04
6.326469999999997526e+04
1.023302999999999738e+05
2.323527999999999593e+05
2.355406999999999825e+05
1.257080000000000146e+05
9.220230000000001746e+04
9.183589999999997963e+04
6.392450000000001455e+04
6.170460000000000582e+04
6.435450000000000728e+04
6.137339999999998690e+04
1.098071999999999971e+05
1.081264000000000087e+05
1.406608999999999360e+05
1.947132000000000407e+05
1.278699000000000087e+05
5.896470000000001164e+04
4.896179999999999563e+04
3.602200000000000000e+04
3.478540000000000146e+04
4.841529999999998836e+04
5.537120000000001164e+04
7.968269999999996799e+04
1.524595000000000291e+05
1.741598999999999360e+05
9.984559999999999127e+04
5.178900000000001455e+04
4.684140000000000146e+04
3.682709999999999854e+04
3.459679999999998836e+04
4.888599999999999272e+04
7.007209999999997672e+04
1.340463999999999651e+05
2.302058999999999942e+05
2.106571999999998952e+05
1.051090000000000000e+05
8.581750000000000000e+04
7.199200000000001455e+04
7.250400000000001455e+04
1.242085999999999913e+05
1.557366999999999825e+05
2.010030000000000873e+05
1.745891000000000349e+05
9.674849999999998545e+04
6.020960000000001310e+04
6.158790000000002328e+04
7.245330000000000291e+04
7.287400000000001455e+04
9.898240000000003783e+04
1.557750000000000000e+05
2.150401000000000349e+05
2.278672999999999593e+05
1.564965999999999185e+05
7.769059999999997672e+04
4.235190000000001601e+04
4.832850000000000728e+04
5.811969999999998254e+04
6.226070000000000437e+04
1.008676999999999534e+05
1.574309999999999418e+05
1.988063999999999360e+05
2.059225999999999185e+05
1.475445000000000291e+05
6.595040000000000873e+04
4.329939999999999418e+04
4.698050000000000000e+04
4.582120000000000437e+04
5.278519999999999709e+04
7.866150000000000000e+04
1.098716999999999971e+05
1.163456000000000204e+05
1.207783999999999942e+05
1.060529000000000087e+05
5.397040000000000873e+04
4.355850000000000728e+04
4.566989999999999418e+04
5.060060000000001310e+04
7.479719999999995343e+04
1.116998000000000757e+05
1.214410000000000000e+05
9.048799999999998545e+04
9.057380000000000291e+04
8.004900000000000000e+04
5.040700000000000000e+04
4.857850000000000000e+04
4.170460000000002037e+04
5.156489999999999418e+04
8.326780000000004657e+04
9.111579999999998836e+04
7.084030000000000291e+04
7.183989999999999418e+04
9.515639999999999418e+04
7.594289999999997963e+04
7.184480000000000291e+04
5.381689999999999418e+04
5.549419999999999709e+04
5.117040000000003056e+04
7.694819999999998254e+04
1.368166000000000349e+05
1.368055999999999767e+05
1.387930000000000582e+05
1.355605999999999767e+05
8.052230000000001746e+04
5.531780000000000291e+04
7.061950000000000000e+04
7.614089999999997963e+04
1.280462000000000116e+05
1.932418000000000175e+05
2.482620000000000291e+05
2.402860000000000291e+05
1.370668999999999942e+05
5.456260000000004220e+04
4.517759999999999854e+04
5.857140000000000146e+04
8.458329999999998836e+04
1.133045999999999913e+05
1.568025999999999767e+05
2.077927999999999593e+05
2.118975000000000000e+05
1.532319000000000815e+05
7.767950000000001455e+04
4.219780000000000291e+04
5.070650000000001455e+04
6.367280000000000291e+04
8.000160000000000582e+04
1.161581000000000204e+05
1.848369999999999418e+05
2.297411999999999825e+05
1.900726999999999534e+05
1.108778999999999942e+05
5.414120000000000437e+04
4.205140000000000146e+04
5.230319999999999709e+04
5.493829999999998836e+04
6.969080000000000291e+04
1.005571000000000204e+05
1.189776000000000349e+05
1.073875000000000437e+05
9.360769999999998254e+04
8.135330000000003201e+04
5.262409999999999854e+04
5.959850000000000728e+04
7.163320000000002619e+04
6.292960000000000582e+04
7.918919999999998254e+04
1.107263999999999651e+05
1.225491999999999971e+05
9.953820000000002619e+04
8.233819999999999709e+04
6.487089999999998690e+04
4.728840000000003056e+04
6.379369999999998981e+04
6.456010000000002765e+04
7.702229999999998836e+04
1.129334000000000087e+05
1.144035000000000437e+05
8.798569999999999709e+04
6.437450000000000000e+04
6.736090000000002328e+04
5.829020000000001892e+04
5.317369999999998981e+04
6.906349999999997090e+04
6.718400000000001455e+04
1.190683000000000466e+05
1.935683999999999069e+05
2.579552999999999302e+05
3.258640999999999767e+05
2.099931999999999243e+05
7.661300000000002910e+04
4.558039999999999418e+04
4.650949999999997817e+04
5.650080000000000291e+04
7.519189999999997963e+04
1.404187000000000407e+05
2.186730999999999476e+05
3.084844999999999418e+05
3.202066000000000349e+05
1.627722000000000116e+05
6.949610000000000582e+04
6.057519999999998254e+04
5.930209999999999854e+04
6.750689999999997963e+04
8.467430000000009022e+04
1.362568999999999942e+05
1.916979999999999418e+05
2.292211999999999825e+05
1.809267000000000407e+05
7.783979999999998836e+04
4.085179999999998836e+04
3.408359999999999127e+04
3.380740000000001601e+04
3.107129999999999200e+04
3.537159999999999854e+04
6.716669999999998254e+04
1.094864000000000233e+05
1.380624999999999709e+05
1.770286999999999825e+05
1.378444999999999709e+05
6.674760000000002037e+04
6.283610000000001310e+04
7.888389999999993597e+04
7.603049999999997090e+04
1.033244999999999854e+05
1.309466999999999680e+05
1.242566000000000349e+05
1.198518000000000029e+05
9.257150000000001455e+04
4.700800000000000000e+04
5.018520000000002619e+04
7.055059999999996217e+04
8.423329999999998836e+04
1.071539999999999854e+05
1.410952000000000116e+05
1.531008000000000175e+05
1.409582000000000407e+05
1.217119000000000087e+05
7.648790000000002328e+04
4.190180000000001746e+04
5.298909999999999854e+04
6.168179999999998108e+04
7.901919999999999709e+04
1.276675999999999913e+05
1.707399999999999709e+05
1.826838000000000757e+05
1.566363999999999942e+05
1.061286000000000058e+05
5.593250000000001455e+04
5.184109999999999127e+04
6.894869999999999709e+04
6.570209999999999127e+04
9.735699999999998545e+04
1.442193999999999942e+05
1.824164999999999127e+05
2.063161000000000640e+05
1.590498999999999069e+05
7.970049999999998545e+04
4.517970000000001164e+04
6.062909999999999127e+04
8.707360000000002037e+04
1.030921000000000058e+05
1.376175999999999767e+05
1.985498000000000757e+05
2.628833000000000466e+05
2.419732000000000407e+05
1.321773000000000175e+05
5.218070000000001164e+04
4.085979999999999563e+04
5.213090000000000146e+04
7.154570000000001164e+04
1.045796000000000204e+05
1.829329999999999418e+05
2.604948000000000175e+05
2.679960999999999185e+05
1.933800000000000291e+05
8.636680000000000291e+04
4.267420000000002619e+04
4.211550000000000000e+04
5.326059999999998399e+04
6.236919999999996799e+04
8.246330000000004657e+04
1.297523000000000029e+05
1.601190000000000582e+05
1.551007999999999884e+05
1.210195000000000000e+05
6.123209999999999127e+04
3.905160000000001310e+04
4.583070000000000437e+04
5.782440000000000873e+04
7.003530000000000291e+04
9.698469999999998254e+04
1.251118999999999360e+05
1.247110999999999476e+05
1.286691000000000058e+05
1.135335000000000291e+05
6.067250000000000000e+04
5.176009999999999127e+04
6.054769999999999709e+04
6.147240000000002328e+04
7.915960000000003492e+04
1.004435000000000291e+05
9.937479999999998836e+04
7.552290000000002328e+04
7.854439999999997963e+04
7.316650000000001455e+04
5.135830000000001019e+04
4.539030000000000291e+04
3.662959999999999854e+04
3.481920000000000437e+04
4.614049999999999272e+04
8.333750000000004366e+04
9.222379999999998836e+04
1.053220999999999913e+05
1.273101999999999534e+05
1.009763000000000175e+05
5.957380000000001019e+04
8.110239999999997963e+04
9.111940000000002328e+04
1.150264000000000087e+05
1.679653000000000175e+05
2.211302999999999884e+05
3.061310000000000000e+05
2.624977999999999884e+05
1.141717999999999884e+05
6.127699999999999272e+04
6.327550000000003638e+04
7.651229999999995925e+04
9.005739999999999418e+04
1.204686000000000349e+05
1.776150000000000000e+05
2.327761000000000349e+05
2.563318000000000757e+05
1.698677000000000407e+05
6.781370000000001164e+04
4.983590000000000873e+04
5.754779999999999563e+04
8.034749999999998545e+04
9.800169999999998254e+04
1.404093999999999942e+05
1.980723000000000175e+05
2.208992000000000116e+05
1.821961999999999825e+05
9.420440000000003783e+04
5.578250000000000728e+04
5.962510000000000582e+04
6.739910000000002037e+04
8.964680000000003201e+04
1.067072999999999884e+05
1.641126000000000058e+05
2.209125000000000000e+05
2.083005999999999476e+05
1.324430000000000000e+05
5.762740000000000146e+04
4.147459999999999127e+04
4.532390000000000146e+04
5.948859999999999127e+04
7.578309999999999127e+04
9.256139999999999418e+04
1.303641000000000204e+05
1.407426999999999825e+05
1.235108000000000175e+05
7.958510000000004948e+04
4.314029999999998836e+04
5.123790000000000146e+04
5.867660000000001310e+04
7.470980000000001746e+04
1.008198000000000466e+05
1.378642999999999884e+05
1.773939000000000815e+05
1.636825999999999767e+05
1.166573000000000466e+05
6.365630000000000291e+04
4.330649999999998545e+04
5.374479999999998108e+04
5.696210000000001310e+04
8.290400000000000000e+04
1.227937000000000116e+05
1.792529999999999418e+05
2.825130000000000582e+05
2.683747000000000116e+05
1.279274999999999854e+05
5.770619999999999709e+04
5.613490000000000146e+04
6.320310000000002037e+04
6.963970000000002619e+04
9.298559999999997672e+04
1.238678000000000175e+05
1.877771000000000640e+05
2.787069000000001397e+05
2.455867999999999884e+05
1.092265999999999476e+05
6.783989999999997963e+04
7.140290000000000873e+04
7.677890000000003783e+04
1.002060999999999331e+05
1.346163999999999651e+05
1.965245999999999767e+05
2.594373999999999942e+05
2.619176000000000640e+05
1.652183999999999360e+05
7.518069999999998254e+04
4.824050000000000728e+04
3.425400000000000728e+04
3.289769999999999709e+04
3.976540000000000873e+04
4.936280000000001746e+04
6.998810000000003492e+04
9.188290000000003783e+04
1.338198999999999651e+05
1.367497999999999302e+05
7.130720000000002619e+04
5.439950000000002183e+04
7.711039999999999418e+04
1.008225999999999767e+05
1.135954000000000087e+05
1.592900000000000582e+05
1.887895999999999476e+05
1.615480999999999767e+05
1.258020000000000146e+05
7.035939999999999418e+04
5.166350000000000000e+04
6.930839999999999418e+04
7.570980000000000291e+04
1.092278000000000175e+05
1.394099000000000233e+05
1.990317999999999593e+05
2.326909000000000815e+05
1.689857000000000407e+05
8.564239999999999418e+04
4.564000000000002183e+04
6.255170000000000437e+04
7.053320000000002619e+04
7.777569999999999709e+04
1.091021999999999825e+05
1.318293999999999651e+05
1.764846000000000349e+05
1.584269000000000233e+05
8.926779999999997381e+04
5.003889999999999418e+04
4.675570000000000437e+04
6.327119999999999709e+04
5.464420000000000437e+04
7.296630000000001746e+04
8.996460000000002037e+04
1.068271000000000349e+05
2.180023000000000175e+05
2.549143000000000175e+05
1.441694999999999709e+05
6.498169999999996799e+04
5.029399999999999272e+04
5.148129999999999563e+04
6.098909999999998399e+04
9.083480000000000291e+04
1.027715000000000437e+05
1.650282999999999884e+05
2.930170000000000582e+05
2.670992999999999884e+05
1.358891999999999534e+05
6.774990000000000873e+04
4.596729999999999563e+04
4.023699999999998545e+04
5.805849999999999272e+04
7.967130000000000291e+04
1.115425000000000291e+05
2.090577000000000407e+05
2.787795000000001164e+05
1.880198999999999651e+05
9.132760000000000582e+04
6.616919999999999709e+04
4.981150000000000728e+04
6.522660000000000582e+04
9.837640000000000873e+04
1.373577000000000407e+05
2.030669999999999418e+05
2.919374999999998836e+05
2.667568999999999069e+05
1.358135000000000291e+05
7.937350000000002910e+04
6.566770000000001164e+04
5.859650000000000000e+04
9.152029999999997381e+04
1.217421000000000058e+05
1.521653999999999942e+05
2.215580999999999767e+05
2.812895000000000000e+05
2.222015000000000873e+05
1.084119000000000233e+05
6.737300000000001455e+04
5.783390000000000873e+04
6.542739999999999418e+04
9.531640000000000873e+04
1.141718999999999942e+05
1.329957999999999884e+05
1.448602999999999593e+05
1.305293000000000175e+05
8.665839999999997963e+04
5.163410000000001310e+04
4.616720000000000437e+04
3.634550000000000000e+04
3.506710000000000582e+04
4.202719999999998981e+04
4.786070000000000437e+04
5.566699999999997817e+04
6.851300000000000000e+04
1.060910999999999331e+05
1.101280000000000291e+05
6.259810000000000582e+04
4.877750000000000000e+04
4.679769999999998254e+04
7.287560000000003492e+04
1.198473000000000320e+05
1.417525000000000000e+05
2.604781999999999534e+05
3.497287999999999884e+05
2.289749999999999127e+05
9.298600000000000000e+04
5.753080000000001746e+04
4.485509999999998399e+04
4.946359999999999127e+04
8.218840000000003783e+04
1.155409999999999563e+05
1.839229000000000524e+05
2.899730999999999767e+05
2.759074999999999418e+05
1.461118000000000175e+05
6.779809999999999127e+04
4.708159999999998399e+04
3.725360000000002037e+04
5.499910000000001310e+04
8.507669999999996799e+04
1.419105000000000000e+05
2.260806999999999825e+05
2.453976999999999534e+05
1.522655000000000873e+05
7.149480000000000291e+04
5.947999999999997090e+04
5.269739999999999418e+04
6.421630000000001746e+04
9.612729999999995925e+04
1.412791999999999243e+05
2.134080000000000291e+05
2.432650000000000000e+05
2.030505000000000000e+05
1.153724000000000233e+05
5.775330000000000291e+04
5.018259999999996217e+04
4.329139999999998690e+04
5.324700000000000728e+04
9.258590000000000873e+04
1.282109000000000087e+05
1.685562000000000116e+05
1.810610999999999767e+05
1.274483999999999651e+05
5.845680000000001019e+04
5.690410000000001310e+04
6.843040000000002328e+04
5.948940000000000146e+04
8.040429999999998836e+04
1.031932999999999884e+05
1.378131000000000058e+05
1.693781000000000640e+05
1.432316999999999825e+05
9.617330000000004657e+04
5.443460000000001310e+04
5.266209999999998399e+04
6.911429999999997381e+04
6.403209999999999854e+04
1.007564000000000087e+05
1.443961000000000640e+05
2.074501999999999825e+05
3.207537000000000116e+05
2.829714000000000233e+05
1.350079999999999709e+05
6.758689999999996508e+04
4.700590000000000146e+04
4.238070000000001164e+04
5.243639999999998690e+04
6.757300000000000000e+04
9.197040000000002328e+04
1.501044000000000524e+05
1.940137999999999302e+05
1.404554000000000233e+05
8.753820000000002619e+04
7.196439999999995052e+04
4.915360000000000582e+04
5.827140000000000873e+04
7.559569999999998254e+04
1.039259000000000087e+05
1.551402999999999593e+05
2.064276000000000058e+05
2.011838999999999651e+05
1.213080999999999913e+05
6.679699999999998545e+04
4.452379999999998836e+04
3.228439999999999782e+04
4.019019999999998981e+04
3.849030000000000291e+04
4.930270000000000437e+04
6.821039999999999418e+04
8.196790000000000873e+04
9.918990000000002328e+04
7.636129999999998836e+04
4.148580000000001019e+04
4.296859999999999127e+04
4.961970000000000437e+04
7.086599999999995634e+04
1.005956000000000349e+05
1.396365999999999767e+05
1.624423999999999942e+05
1.297105000000000146e+05
7.413559999999996217e+04
4.393830000000000291e+04
5.152879999999998836e+04
4.930029999999998108e+04
5.757170000000001164e+04
9.059670000000001164e+04
1.105608999999999796e+05
1.365278999999999651e+05
1.399493000000000175e+05
9.618559999999996217e+04
4.958879999999998108e+04
3.607339999999999418e+04
3.808779999999999563e+04
3.549330000000000291e+04
5.556980000000001019e+04
8.271150000000001455e+04
9.486609999999999127e+04
1.235352000000000116e+05
1.300966999999999680e+05
8.202460000000000582e+04
4.164170000000000437e+04
4.635559999999999854e+04
5.101419999999998254e+04
5.339100000000002183e+04
8.809870000000002619e+04
1.196883999999999796e+05
1.798395000000000582e+05
2.394374000000000233e+05
1.730360000000000582e+05
7.813969999999998254e+04
5.191590000000000873e+04
4.701419999999999709e+04
4.409519999999999709e+04
6.739640000000000873e+04
1.114458000000000029e+05
1.522825999999999767e+05
2.237667000000000698e+05
2.420890000000000000e+05
1.424742000000000116e+05
6.499459999999999854e+04
5.686719999999998981e+04
5.314569999999999709e+04
5.691829999999999563e+04
7.615749999999997090e+04
1.156352000000000553e+05
1.514945999999999767e+05
1.846139000000000524e+05
1.643573000000000175e+05
8.504009999999996217e+04
6.190669999999996799e+04
6.076050000000001455e+04
5.131040000000000873e+04
5.916569999999999709e+04
8.365770000000001164e+04
1.257885999999999767e+05
1.473608999999999942e+05
1.413034999999999709e+05
1.040708999999999796e+05
5.437990000000000873e+04
4.651940000000000146e+04
4.386959999999998399e+04
4.483990000000000873e+04
5.135410000000002765e+04
6.380050000000000728e+04
8.332920000000002619e+04
8.016359999999996217e+04
7.608399999999995634e+04
6.161729999999998836e+04
4.574200000000001455e+04
5.220140000000000146e+04
4.502619999999998981e+04
3.457209999999999854e+04
3.766600000000000000e+04
4.971780000000000291e+04
5.121340000000000873e+04
5.349919999999999709e+04
8.517980000000000291e+04
9.710429999999997381e+04
6.784080000000000291e+04
4.687779999999999563e+04
3.673049999999998545e+04
2.995999999999998909e+04
3.772379999999999563e+04
5.647200000000000728e+04
6.826400000000000000e+04
7.491919999999999709e+04
8.034450000000000000e+04
6.284999999999996362e+04
4.009359999999999854e+04
4.710390000000001601e+04
4.943719999999998981e+04
6.260050000000002910e+04
1.011414999999999854e+05
1.540438000000000175e+05
2.108068999999999942e+05
1.735888000000000466e+05
8.221119999999998254e+04
5.046599999999998545e+04
4.470460000000000582e+04
5.433169999999998254e+04
8.365450000000002910e+04
1.219335000000000146e+05
1.698037000000000116e+05
2.083541000000000349e+05
2.015242999999999884e+05
1.256908999999999651e+05
6.005000000000002910e+04
5.059420000000000437e+04
4.391800000000000728e+04
5.265959999999999127e+04
8.224769999999999709e+04
1.116617999999999738e+05
1.371644000000000524e+05
1.452222000000000116e+05
1.175938000000000175e+05
6.766960000000000582e+04
4.806360000000001310e+04
5.078449999999999272e+04
4.032060000000000582e+04
4.951960000000001310e+04
7.372160000000002037e+04
9.361880000000001746e+04
1.110571000000000058e+05
1.027057000000000407e+05
6.844280000000000291e+04
3.840989999999999418e+04
3.670749999999999272e+04
4.243949999999998545e+04
3.795119999999999709e+04
4.720889999999998690e+04
6.465709999999999127e+04
6.598559999999999127e+04
7.109389999999997963e+04
8.867109999999997672e+04
7.992170000000002619e+04
5.140419999999998254e+04
4.605080000000001746e+04
4.520750000000000728e+04
3.890200000000000728e+04
5.486770000000001892e+04
7.206869999999998254e+04
6.793870000000001164e+04
7.674309999999999127e+04
8.480030000000001746e+04
5.877720000000000437e+04
4.196569999999999709e+04
4.448680000000001746e+04
3.846079999999999563e+04
4.642850000000000728e+04
7.079739999999999418e+04
8.219609999999997672e+04
9.793269999999999709e+04
9.736269999999999709e+04
5.951370000000000437e+04
3.427779999999999563e+04
3.527210000000001310e+04
3.652039999999997963e+04
4.201419999999999709e+04
6.561769999999999709e+04
9.076519999999999709e+04
1.175611999999999825e+05
1.495825000000000000e+05
1.320177999999999884e+05
7.822539999999997963e+04
5.614429999999997381e+04
4.450280000000002474e+04
3.837740000000000873e+04
6.029690000000000873e+04
7.757379999999998836e+04
1.034933000000000320e+05
1.478817000000000116e+05
1.425556000000000058e+05
8.412949999999998545e+04
3.986959999999999127e+04
2.992429999999998472e+04
3.195889999999998690e+04
2.948530000000000655e+04
2.712479999999999927e+04
2.979540000000000146e+04
3.592009999999997672e+04
5.930180000000000291e+04
9.389239999999997963e+04
9.181989999999997963e+04
5.283849999999999272e+04
3.982870000000001164e+04
5.131480000000002474e+04
5.751440000000002328e+04
8.826860000000000582e+04
1.176124000000000233e+05
1.102961999999999825e+05
1.034985000000000291e+05
9.250969999999998254e+04
6.019939999999998690e+04
4.820579999999998108e+04
4.790910000000000582e+04
3.995359999999999127e+04
5.934619999999998981e+04
8.701360000000002037e+04
9.159240000000000873e+04
9.512430000000000291e+04
9.098190000000002328e+04
6.096700000000000728e+04
3.974979999999999563e+04
4.342020000000001892e+04
3.634029999999998836e+04
3.400519999999999709e+04
5.280509999999999854e+04
6.288680000000000291e+04
7.433709999999999127e+04
9.150179999999995925e+04
7.987299999999994179e+04
5.034400000000000728e+04
3.659850000000000000e+04
3.972780000000001019e+04
4.678810000000000582e+04
5.571839999999997963e+04
8.246650000000002910e+04
1.275272999999999593e+05
1.733572999999999884e+05
1.709335000000000000e+05
1.128033999999999651e+05
7.033709999999999127e+04
6.173529999999999563e+04
4.524390000000000873e+04
5.017039999999999418e+04
7.956800000000000000e+04
9.761209999999996217e+04
1.569377999999999302e+05
2.081228999999999651e+05
1.436252000000000407e+05
6.692059999999999127e+04
5.666309999999998399e+04
5.501440000000002328e+04
5.754610000000000582e+04
8.890390000000000873e+04
1.307904000000000378e+05
1.778921000000000931e+05
2.051338000000000466e+05
1.626094000000000233e+05
8.626209999999999127e+04
4.654249999999999272e+04
4.526720000000000437e+04
3.733199999999999272e+04
3.790900000000000000e+04
5.950079999999999563e+04
6.921260000000003492e+04
7.827670000000002619e+04
9.353480000000003201e+04
7.988250000000002910e+04
5.931869999999997526e+04
5.372569999999998254e+04
4.263700000000001455e+04
3.416890000000000146e+04
4.618199999999999272e+04
5.881829999999999563e+04
7.032679999999997381e+04
8.287269999999999709e+04
7.700949999999998545e+04
5.211109999999997672e+04
3.413090000000000146e+04
3.457020000000000437e+04
3.334319999999999709e+04
3.051919999999998981e+04
4.369199999999998545e+04
6.494650000000000000e+04
8.290200000000000000e+04
1.009368000000000175e+05
9.902019999999995343e+04
6.686819999999998254e+04
3.816810000000000582e+04
3.084379999999999563e+04
3.060520000000000800e+04
3.071729999999998472e+04
3.214600000000000364e+04
3.841699999999999272e+04
5.409329999999999563e+04
8.634319999999999709e+04
1.156217999999999884e+05
8.933419999999995343e+04
4.695210000000000582e+04
4.921009999999999854e+04
5.684249999999999272e+04
5.516469999999998981e+04
8.165099999999998545e+04
1.116759000000000669e+05
1.161626999999999680e+05
1.010166999999999680e+05
7.427030000000000291e+04
6.007679999999999563e+04
6.019750000000001455e+04
4.887430000000001019e+04
5.692319999999998981e+04
8.920220000000001164e+04
1.079857000000000116e+05
1.290354999999999563e+05
1.472350999999999476e+05
1.163275000000000146e+05
6.350000000000001455e+04
4.675759999999998399e+04
4.350129999999998108e+04
3.632850000000000728e+04
5.244719999999999709e+04
7.582710000000000582e+04
9.305089999999999418e+04
1.127581000000000058e+05
1.110204000000000378e+05
7.538810000000000582e+04
5.026800000000000000e+04
4.817769999999998254e+04
3.668989999999997963e+04
3.319919999999999709e+04
4.984660000000000582e+04
6.334869999999998254e+04
7.350819999999999709e+04
8.159250000000000000e+04
6.377680000000001019e+04
3.597239999999999418e+04
3.401379999999998836e+04
3.474000000000000728e+04
3.321690000000000873e+04
4.652990000000000146e+04
6.587990000000000873e+04
7.688659999999997672e+04
8.337859999999999127e+04
8.039419999999999709e+04
5.862170000000001164e+04
3.719210000000000582e+04
3.853000000000001455e+04
4.176810000000000582e+04
4.047459999999999127e+04
6.289789999999999418e+04
9.499769999999999709e+04
1.073376000000000058e+05
1.109779999999999854e+05
9.589619999999999709e+04
5.563890000000000146e+04
3.869849999999999272e+04
4.447700000000000000e+04
4.615619999999999709e+04
6.312699999999998545e+04
9.018829999999998836e+04
1.052122000000000407e+05
1.300880000000000437e+05
1.385577000000000116e+05
9.533629999999998836e+04
6.174010000000004220e+04
5.927890000000000146e+04
4.279420000000001164e+04
3.451549999999999272e+04
5.033230000000000291e+04
5.793060000000001310e+04
6.951290000000000873e+04
9.520070000000004075e+04
9.142339999999996508e+04
6.383269999999998254e+04
5.371550000000001455e+04
4.713689999999998690e+04
3.480709999999999127e+04
4.208730000000000291e+04
6.844249999999997090e+04
9.186059999999997672e+04
1.019599000000000233e+05
9.825130000000006112e+04
7.341249999999998545e+04
4.659920000000001164e+04
4.281320000000001892e+04
3.937920000000001164e+04
3.029620000000000437e+04
3.061369999999999345e+04
3.442829999999999563e+04
3.381040000000000873e+04
5.429049999999999272e+04
7.950259999999999127e+04
6.640049999999997090e+04
3.837059999999999854e+04
4.489640000000000146e+04
6.295090000000000146e+04
6.863159999999999127e+04
8.186830000000000291e+04
1.140101999999999534e+05
1.334352999999999593e+05
1.113842000000000553e+05
6.777480000000003201e+04
4.828690000000001601e+04
4.841420000000001164e+04
4.111760000000000582e+04
4.154019999999998981e+04
6.310529999999999563e+04
8.481630000000001746e+04
9.942180000000003201e+04
1.099509999999999854e+05
9.106029999999997381e+04
5.652870000000001164e+04
4.432700000000000000e+04
4.162290000000000146e+04
3.358290000000000146e+04
3.489770000000000437e+04
4.511169999999998254e+04
5.884900000000002183e+04
8.233320000000001164e+04
8.988919999999998254e+04
6.610350000000000000e+04
4.392940000000001601e+04
4.106789999999997963e+04
4.254439999999997963e+04
4.694900000000000728e+04
5.203129999999998836e+04
