1.542948007583618164e+00,7.459915722768761270e+02
3.673832416534423828e+00,7.459384278692230055e+02
5.168930530548095703e+00,7.459993288589893154e+02
6.898084878921508789e+00,7.460888399787530716e+02
8.530494689941406250e+00,7.459230038999563703e+02
1.014262294769287109e+01,7.459773562515193817e+02
1.175829553604125977e+01,7.459043560817982552e+02
1.480991196632385254e+01,7.459786372121147906e+02
1.631740093231201172e+01,7.459111583991819998e+02
1.800360321998596191e+01,7.459248322069091728e+02
1.960890197753906250e+01,7.458903380770536842e+02
2.102114129066467285e+01,7.459698123653837456e+02
2.273063039779663086e+01,7.459218965294364807e+02
2.436000084877014160e+01,7.460056974793893687e+02
2.579828166961669922e+01,7.460071880812415657e+02
2.750259256362915039e+01,7.459533827075412091e+02
2.912767696380615234e+01,7.459328067465778531e+02
3.082898998260498047e+01,7.459849254091913053e+02
3.228535747528076172e+01,7.460472614611460358e+02
3.395872092247009277e+01,7.459936541958657017e+02
3.532345366477966309e+01,7.460140653213629776e+02
3.686767005920410156e+01,7.459207787570431947e+02
3.858495640754699707e+01,7.459224431901121761e+02
4.005145311355590820e+01,7.459913025882508464e+02
4.178192901611328125e+01,7.460229844460626509e+02
4.341703581809997559e+01,7.460960513645039782e+02
4.484439516067504883e+01,7.460869545033417580e+02
4.713377594947814941e+01,7.458945002328529199e+02
4.892901182174682617e+01,7.458743136851546751e+02
5.064554071426391602e+01,7.459237748886730515e+02
5.231792688369750977e+01,7.460377573907223905e+02
5.376000881195068359e+01,7.460661773049135945e+02
5.547498655319213867e+01,7.459699535975147455e+02
5.711672782897949219e+01,7.459362915765294701e+02
5.871449494361877441e+01,7.459980024597375632e+02
6.042445898056030273e+01,7.460432983079967926e+02
6.213754057884216309e+01,7.461001995099761643e+02
6.380762076377868652e+01,7.460592434295639350e+02
6.542778730392456055e+01,7.460385736781703372e+02
6.708820509910583496e+01,7.460192186088971766e+02
6.854865646362304688e+01,7.460236132859710096e+02
7.028772449493408203e+01,7.460478707678227011e+02
7.199985766410827637e+01,7.460929401472302516e+02
7.368429541587829590e+01,7.460884029293687263e+02
7.517791557312011719e+01,7.460565075288952812e+02
7.692057704925537109e+01,7.459321667281003556e+02
7.857496500015258789e+01,7.460457835179014410e+02
8.022279524803161621e+01,7.461214524981805880e+02
8.168959760665893555e+01,7.461576805640324892e+02
8.340004920959472656e+01,7.460668497503861545e+02
8.507842159271240234e+01,7.460380699770950059e+02
8.657783174514770508e+01,7.460416736613408375e+02
8.833018875122070312e+01,7.460669588425876100e+02
8.983794355392456055e+01,7.461638244394655430e+02
9.153042912483215332e+01,7.461158855928874800e+02
9.326945400238037109e+01,7.460867616170875181e+02
9.494998478889465332e+01,7.460298937628746216e+02
9.667566823959350586e+01,7.460567838686580444e+02
9.839790725708007812e+01,7.461581982183689661e+02
1.000789179801940918e+02,7.461840003474336527e+02
1.018201837539672852e+02,7.461084346300877996e+02
1.035418720245361328e+02,7.460561426647265080e+02
1.053243653774261475e+02,7.460095815975414553e+02
1.069207725524902344e+02,7.460754961798318163e+02
1.086390197277069092e+02,7.461138780348949240e+02
1.101496372222900391e+02,7.461508417871029906e+02
1.118693356513977051e+02,7.460282714378236051e+02
1.133877930641174316e+02,7.460259695698820224e+02
1.149314496517181396e+02,7.460251874594060837e+02
1.166758627891540527e+02,7.460464653316389558e+02
1.183140583038330078e+02,7.461370595121583165e+02
1.200302448272705078e+02,7.461505487358607525e+02
1.217355222702026367e+02,7.460609128538153527e+02
1.234883606433868408e+02,7.460596317682930021e+02
1.251902427673339844e+02,7.460868591186242611e+02
1.269256424903869629e+02,7.461436606762559904e+02
1.286452898979187012e+02,7.462256000862230394e+02
1.304256644248962402e+02,7.461338986804098568e+02
1.321488633155822754e+02,7.460546702007692375e+02
1.336495821475982666e+02,7.461068157552604134e+02
1.353862745761871338e+02,7.460829366489758740e+02
1.369420018196105957e+02,7.461282867565722654e+02
1.385056555271148682e+02,7.460112322871158312e+02
1.402499744892120361e+02,7.459474145942466521e+02
1.419587829113006592e+02,7.460130831809916572e+02
1.435142681598663330e+02,7.460514675291343565e+02
1.452683596611022949e+02,7.460184164945891325e+02
1.468096072673797607e+02,7.460911695514390658e+02
1.483756465911865234e+02,7.460990242240163752e+02
1.500966982841491699e+02,7.459507671330876519e+02
1.516701407432556152e+02,7.459945884668497911e+02
1.532422473430633545e+02,7.459679503994323113e+02
1.548202583789825439e+02,7.459790982584289623e+02
1.563858032226562500e+02,7.461222208927692918e+02
1.581603903770446777e+02,7.460929156346147693e+02
1.598997032642364502e+02,7.460177626374753572e+02
1.616699326038360596e+02,7.459832578755781469e+02
1.634689884185791016e+02,7.459397262261952619e+02
1.652513928413391113e+02,7.460962364844186823e+02
1.669468879699707031e+02,7.460446442793569304e+02
1.687316732406616211e+02,7.460437043876686403e+02
1.703170719146728516e+02,7.460225457954787771e+02
1.719024531841278076e+02,7.460309267927492556e+02
1.734257361888885498e+02,7.460206694731532480e+02
1.752398190498352051e+02,7.460986834959591079e+02
1.769978899955749512e+02,7.460572050853418204e+02
1.787398619651794434e+02,7.460285241682936430e+02
1.805242049694061279e+02,7.460764013514703947e+02
1.821156964302062988e+02,7.460287610468434423e+02
1.838993411064147949e+02,7.461362384499889231e+02
1.857290356159210205e+02,7.460693968254721540e+02
1.874674308300018311e+02,7.460422542886987003e+02
1.892483749389648438e+02,7.459663178749254939e+02
1.910402870178222656e+02,7.459575341700348190e+02
1.928405401706695557e+02,7.460220896181102717e+02
1.944344112873077393e+02,7.461224946226024031e+02
1.962295320034027100e+02,7.459961408783378829e+02
1.978678765296936035e+02,7.459703890989264892e+02
1.996816797256469727e+02,7.459914674237134022e+02
2.014553439617156982e+02,7.460235611815442098e+02
2.032194390296936035e+02,7.460610797212893885e+02
2.048378851413726807e+02,7.461080097357207705e+02
2.064556982517242432e+02,7.460352286873122694e+02
2.082889974117279053e+02,7.460548585207201313e+02
2.099096078872680664e+02,7.459992044776246303e+02
2.117689864635467529e+02,7.460626036938792822e+02
2.133758366107940674e+02,7.460994881579051707e+02
2.151902163028717041e+02,7.460263498578246981e+02
2.168067557811737061e+02,7.459876123401502355e+02
2.186693463325500488e+02,7.460138531220316054e+02
2.204400112628936768e+02,7.460367877370772476e+02
2.222674546241760254e+02,7.460538304811577746e+02
2.240410816669464111e+02,7.460495540358879225e+02
2.257875537872314453e+02,7.460559423503548260e+02
2.273464255332946777e+02,7.460150962227728542e+02
2.291999890804290771e+02,7.460035919263078767e+02
2.310288701057434082e+02,7.461559000820716392e+02
2.328449938297271729e+02,7.460709839373031400e+02
2.346579470634460449e+02,7.460001658776907334e+02
2.364887340068817139e+02,7.460464416130106429e+02
2.383214259147644043e+02,7.459433239980172630e+02
2.401515474319458008e+02,7.460995527995457905e+02
2.417904717922210693e+02,7.460669703010626108e+02
2.436322920322418213e+02,7.459911170564234908e+02
2.454334650039672852e+02,7.460068082177198221e+02
2.470745735168457031e+02,7.459677872288655180e+02
2.488739461898803711e+02,7.460518434126539660e+02
2.504917690753936768e+02,7.461029685645626159e+02
2.523280513286590576e+02,7.459965251552107475e+02
2.539691057205200195e+02,7.459601387622626589e+02
2.558134508132934570e+02,7.460284364328407491e+02
2.576693034172058105e+02,7.460109650853836456e+02
2.593419220447540283e+02,7.460758438932186891e+02
2.610290439128875732e+02,7.459881114287325090e+02
2.627052507400512695e+02,7.459168550338189334e+02
2.643551192283630371e+02,7.459619215621969488e+02
2.660303609371185303e+02,7.460575258628363144e+02
2.678979499340057373e+02,7.461621654189597166e+02
2.695678904056549072e+02,7.460955461422630606e+02
2.712543551921844482e+02,7.460345241445647844e+02
2.731496911048889160e+02,7.460160429641465498e+02
2.750360345840454102e+02,7.459605389196660781e+02
2.768701748847961426e+02,7.461036787994564747e+02
2.785530412197113037e+02,7.460305300338732195e+02
2.804410755634307861e+02,7.460291766292315288e+02
2.823601174354553223e+02,7.460690657276628599e+02
2.842473635673522949e+02,7.461174298426360565e+02
2.859559497833251953e+02,7.461139820800350435e+02
2.877714855670928955e+02,7.461557976580320428e+02
2.896769194602966309e+02,7.461391136138452111e+02
2.915695707798004150e+02,7.461650332256671163e+02
2.932687408924102783e+02,7.462094439699659461e+02
2.949841706752777100e+02,7.461756271321032727e+02
2.968797283172607422e+02,7.461718331129304715e+02
2.987919027805328369e+02,7.462007252423184127e+02
3.006634283065795898e+02,7.461027741182186901e+02
3.035390467643737793e+02,7.460270275686924606e+02
3.054591479301452637e+02,7.460834130311181980e+02
3.073546311855316162e+02,7.461372263407362198e+02
3.092713379859924316e+02,7.460567359368105826e+02
3.109980282783508301e+02,7.461012870347076387e+02
3.129216876029968262e+02,7.460787398477755232e+02
3.146431016921997070e+02,7.461696985837363627e+02
3.163798971176147461e+02,1.699354435558179603e+03
3.183290078639984131e+02,7.459763429948641260e+02
3.200677509307861328e+02,7.459494428461150619e+02
3.220018711090087891e+02,7.460236974120444984e+02
3.239692101478576660e+02,7.460620630384582910e+02
3.258998682498931885e+02,7.460322727014824977e+02
3.278392519950866699e+02,7.459860702225681734e+02
3.295874104499816895e+02,7.459600390127923220e+02
3.314974136352539062e+02,7.459494924957485864e+02
3.334497368335723877e+02,7.460818882988992300e+02
3.354042654037475586e+02,7.460384717907310232e+02
3.371296482086181641e+02,7.460172140596669124e+02
3.391179499626159668e+02,7.459996989685560038e+02
3.410515520572662354e+02,7.460139676094144079e+02
3.428162620067596436e+02,7.460382241262855132e+02
3.447391932010650635e+02,7.460120698120500720e+02
3.466604456901550293e+02,7.459531534473028387e+02
3.485759050846099854e+02,7.460264382774892056e+02
3.505045995712280273e+02,7.459708226314897956e+02
3.524694840908050537e+02,7.460071127179118093e+02
3.542657592296600342e+02,7.461031356486132609e+02
3.562152533531188965e+02,7.459652600668274545e+02
3.579905695915222168e+02,7.459712776900396420e+02
3.599724056720733643e+02,7.459121210221430829e+02
3.619510591030120850e+02,7.460083914365236524e+02
3.639884831905364990e+02,7.459761078351041306e+02
3.659679441452026367e+02,7.460106292839145681e+02
3.679510271549224854e+02,7.460200599252831353e+02
3.697315063476562500e+02,7.460084313959297333e+02
3.715444545745849609e+02,7.460361175967524332e+02
3.733538401126861572e+02,7.459147952223056564e+02
3.753005573749542236e+02,7.458747850984151455e+02
3.772883203029632568e+02,7.459451886857656291e+02
3.792717857360839844e+02,7.460324436526410636e+02
3.812743406295776367e+02,7.460832530844280654e+02
3.832786071300506592e+02,7.460097387295985527e+02
3.852919771671295166e+02,7.460135272127598682e+02
3.871319401264190674e+02,7.459523737355832509e+02
3.889709560871124268e+02,7.460321680246145206e+02
3.909898667335510254e+02,7.460066488200219510e+02
3.928175945281982422e+02,7.459166983689436847e+02
3.949001441001892090e+02,7.458894775352672468e+02
3.969307661056518555e+02,7.459714476828070246e+02
3.987815392017364502e+02,7.460617557322045741e+02
4.006383969783782959e+02,7.459560075325298385e+02
4.024811792373657227e+02,7.458781104261917108e+02
4.044902217388153076e+02,7.458952182517923575e+02
4.063104035854339600e+02,7.459134389419774607e+02
4.083295123577117920e+02,7.460122711887399873e+02
4.103982689380645752e+02,7.460397299179139736e+02
4.124398450851440430e+02,7.459975787333841026e+02
4.144505062103271484e+02,7.460243362161849063e+02
4.165176715850830078e+02,7.460302479048807527e+02
4.185890130996704102e+02,7.460333602367967387e+02
4.204570927619934082e+02,7.459916923756870801e+02
4.224889945983886719e+02,7.459358856509921907e+02
4.245577149391174316e+02,7.459206216534959140e+02
4.264266347885131836e+02,7.459853256610541621e+02
4.284937553405761719e+02,7.458926887363070364e+02
4.305300059318542480e+02,7.458824449333557141e+02
4.325998871326446533e+02,7.459234229108373029e+02
4.346695892810821533e+02,7.459398093826536069e+02
4.365777280330657959e+02,7.460267501286248262e+02
4.384705028533935547e+02,7.459243387633673592e+02
4.405504114627838135e+02,7.459359730753546955e+02
4.426585226058959961e+02,7.458650682706593216e+02
4.447618331909179688e+02,7.459284013745151469e+02
4.466674287319183350e+02,7.460725131001752288e+02
4.487697799205780029e+02,7.459662182643921824e+02
4.509015297889709473e+02,7.460044523498652325e+02
4.530035748481750488e+02,7.458977844046914925e+02
4.549227073192596436e+02,7.460406568019649285e+02
4.570477318763732910e+02,7.460516166606222441e+02
4.591554858684539795e+02,7.459047756935322013e+02
4.610947425365447998e+02,7.460111436284608999e+02
4.630192360877990723e+02,7.459344797093975785e+02
4.649347875118255615e+02,7.460921307375535889e+02
4.670167093276977539e+02,7.460210836023072716e+02
4.691375114917755127e+02,7.460455552769948326e+02
4.712655167579650879e+02,7.459696269332687280e+02
4.732090094089508057e+02,7.460726261632482874e+02
4.751592013835906982e+02,7.460734784968465192e+02
4.773035497665405273e+02,7.459272172221124038e+02
4.792514226436614990e+02,7.459499079304539464e+02
4.814073629379272461e+02,7.458866855166909318e+02
4.835815057754516602e+02,7.459947696340416314e+02
4.857076082229614258e+02,7.460432044283019195e+02
4.878274924755096436e+02,7.460080199132421512e+02
4.899908857345581055e+02,7.459732185039712249e+02
4.919297981262207031e+02,7.460393432249833268e+02
4.941066141128540039e+02,7.461130075086992974e+02
4.962276599407196045e+02,7.459323624650048714e+02
4.983875577449798584e+02,7.460004669986058161e+02
5.003723592758178711e+02,7.459632934144849514e+02
5.025327327251434326e+02,7.460569689429914888e+02
5.045315384864807129e+02,7.460083754989141198e+02
5.067337679862976074e+02,7.460229766704945860e+02
5.089345054626464844e+02,7.459160630619907124e+02
5.109234964847564697e+02,7.461240254811820023e+02
5.130894556045532227e+02,7.461074363925907846e+02
5.153096446990966797e+02,7.459863958644140212e+02
5.175082125663757324e+02,7.460212551878247496e+02
5.196889884471893311e+02,7.459819594334092017e+02
5.216937701702117920e+02,7.460769543967262507e+02
5.237130079269409180e+02,7.460888302288410614e+02
5.258948850631713867e+02,7.460866826265886402e+02
5.280664324760437012e+02,7.459793008052073446e+02
5.301017258167266846e+02,7.460906227543644036e+02
5.321248660087585449e+02,7.461141723398874319e+02
5.343649768829345703e+02,7.460168980062280752e+02
5.365669262409210205e+02,7.460523650463577496e+02
5.388119246959686279e+02,7.460134029449484387e+02
5.410019516944885254e+02,7.460744575379948174e+02
5.432696452140808105e+02,7.460580123251415898e+02
5.453318741321563721e+02,7.460767182363987331e+02
5.473877503871917725e+02,7.459935705426490813e+02
5.494408359527587891e+02,7.461513831011418461e+02
5.515040149688720703e+02,7.461306114584423312e+02
5.537975180149078369e+02,7.460209051978692969e+02
5.559936826229095459e+02,7.458803411035305544e+02
5.580554432868957520e+02,7.460611790117447981e+02
5.601182289123535156e+02,7.461048334485058149e+02
5.623614044189453125e+02,7.460528619890046684e+02
5.646745839118957520e+02,7.460384077353585326e+02
5.669390742778778076e+02,7.460915882643457735e+02
5.690316011905670166e+02,7.461506668326071576e+02
5.712915945053100586e+02,7.460283195901538420e+02
5.735839400291442871e+02,7.460137669421925466e+02
5.756643321514129639e+02,7.460610428384972010e+02
5.777596974372863770e+02,7.461249548876828612e+02
5.800458874702453613e+02,7.460581927891498708e+02
5.821216127872467041e+02,7.460997624395815819e+02
5.844290819168090820e+02,7.459342051361705899e+02
5.866301152706146240e+02,7.461319800592144702e+02
5.889058494567871094e+02,7.461633762294212602e+02
5.910245518684387207e+02,7.460713592877436895e+02
5.933510632514953613e+02,7.458596412011778511e+02
5.956519415378570557e+02,7.461077706516114176e+02
5.979592826366424561e+02,7.461666783033382444e+02
6.002833614349365234e+02,7.460930697304563637e+02
6.043790445327758789e+02,7.458789920738381625e+02
6.067470083236694336e+02,7.459626996671287316e+02
6.088954792022705078e+02,7.459453828707736420e+02
6.111986072063446045e+02,7.458806748026778450e+02
6.133158235549926758e+02,7.459131161311515825e+02
6.156960101127624512e+02,7.459794760041864947e+02
6.178456830978393555e+02,7.459515476472130331e+02
6.201876761913299561e+02,7.458700662563853712e+02
6.223402132987976074e+02,7.458262568162568869e+02
6.246379804611206055e+02,7.459467002830945148e+02
6.270037863254547119e+02,7.459788057958226091e+02
6.291753189563751221e+02,7.458588366390584952e+02
6.315357952117919922e+02,7.457383761484536535e+02
6.339069936275482178e+02,7.459340220675048840e+02
6.362379834651947021e+02,7.459989941707302705e+02
6.386080317497253418e+02,7.459245472353406967e+02
6.409791717529296875e+02,7.458297462249337286e+02
6.433797056674957275e+02,7.459776058786637805e+02
6.457406549453735352e+02,7.459796303508961728e+02
6.480913984775543213e+02,7.458698619965786065e+02
6.504603707790374756e+02,7.457706116537644903e+02
6.528391368389129639e+02,7.459797183964934675e+02
6.552019884586334229e+02,7.459826609774931967e+02
6.575986328125000000e+02,7.458500493428455229e+02
6.598017640113830566e+02,7.458136644481062376e+02
6.620294294357299805e+02,7.458864271112528286e+02
6.642320315837860107e+02,7.458208918034961243e+02
6.666590270996093750e+02,7.458071357950266247e+02
6.688818180561065674e+02,7.457012149985266660e+02
6.711157896518707275e+02,7.459169400743617189e+02
6.733515021800994873e+02,7.458764987736363992e+02
6.755979418754577637e+02,7.458328219828271131e+02
6.780288100242614746e+02,7.456901426227385627e+02
6.802980182170867920e+02,7.459112222539597497e+02
6.825516226291656494e+02,7.457704060022872454e+02
6.849898707866668701e+02,7.458012693705526317e+02
6.874178111553192139e+02,7.457258515140556483e+02
6.898849341869354248e+02,7.459168524763988444e+02
6.923504276275634766e+02,7.459298860198194916e+02
6.948035302162170410e+02,7.458642007139710586e+02
6.972940719127655029e+02,7.457622701866578154e+02
6.997225737571716309e+02,7.459666399626770499e+02
7.020096285343170166e+02,7.458752607825372252e+02
7.042798035144805908e+02,7.458134591369919235e+02
7.065144634246826172e+02,7.458359295124352002e+02
7.087705316543579102e+02,7.459357923930526795e+02
7.112990474700927734e+02,7.458422544530097866e+02
7.138205709457397461e+02,7.458408833338212389e+02
7.163404088020324707e+02,7.457671861173733987e+02
7.187953443527221680e+02,7.459254433693431565e+02
7.213003675937652588e+02,7.458777293320010813e+02
7.238231375217437744e+02,7.456491327161331810e+02
7.263287305831909180e+02,7.458863731565760418e+02
7.287962322235107422e+02,7.459305119119136407e+02
7.313375811576843262e+02,7.458709223733305862e+02
7.338604159355163574e+02,7.456299303334689057e+02
7.363777420520782471e+02,7.459102819330928469e+02
7.389340844154357910e+02,7.458682879459587411e+02
7.414798946380615234e+02,7.457783195005059724e+02
7.439995360374450684e+02,7.457355843599003720e+02
7.465320758819580078e+02,7.458654728195317603e+02
7.490780615806579590e+02,7.458191224164116875e+02
7.515896646976470947e+02,7.457149408901069592e+02
7.541058235168457031e+02,7.458119319262815452e+02
7.564777977466583252e+02,7.459129763941148212e+02
7.590037353038787842e+02,7.458764558012783255e+02
7.615503187179565430e+02,7.456263054016258138e+02
7.639390239715576172e+02,7.458517775821204623e+02
7.664242856502532959e+02,7.459866199715650055e+02
7.687742102146148682e+02,7.459335312427905365e+02
7.713000206947326660e+02,7.458745478894680900e+02
7.738618743419647217e+02,7.460096943747303158e+02
7.762616541385650635e+02,7.458943135411790308e+02
7.786703331470489502e+02,7.460014303726377420e+02
7.812589921951293945e+02,7.459484917515441111e+02
7.836629142761230469e+02,7.460328173724733460e+02
7.862736608982086182e+02,7.460249707882735493e+02
7.886299312114715576e+02,7.459940136032399778e+02
7.912193968296051025e+02,7.460161338824003678e+02
7.938292686939239502e+02,7.460469925690200625e+02
7.964657654762268066e+02,7.459815560706563247e+02
7.990790462493896484e+02,7.457372247738314854e+02
8.016879229545593262e+02,7.460250168021761965e+02
8.042879638671875000e+02,7.460005584355493511e+02
8.067353591918945312e+02,7.459598709846274005e+02
8.093693063259124756e+02,7.459504762771763353e+02
8.120054743289947510e+02,7.460523389853985918e+02
8.146228504180908203e+02,7.460019660526911593e+02
8.170318398475646973e+02,7.459314601562393818e+02
8.194716603755950928e+02,7.461385613651457334e+02
8.221174042224884033e+02,7.461464597505823804e+02
8.247666294574737549e+02,7.461145446739124054e+02
8.271594617366790771e+02,7.459849920186031795e+02
8.296268708705902100e+02,7.461797190215619366e+02
8.320704543590545654e+02,7.461678826507555868e+02
8.347494702339172363e+02,7.462203859324266659e+02
8.374177036285400391e+02,7.460921313957254597e+02
8.401202139854431152e+02,7.462008730987649869e+02
8.426418435573577881e+02,7.461745609648298796e+02
8.453656318187713623e+02,7.460633379469232977e+02
8.479887151718139648e+02,7.461713407049624038e+02
8.504691271781921387e+02,7.462290928685375775e+02
8.531692433357238770e+02,7.462018934632212677e+02
8.558691971302032471e+02,7.460381351460567885e+02
8.585705664157867432e+02,7.461858345923067191e+02
8.612677843570709229e+02,7.461632216018681447e+02
8.637779352664947510e+02,7.459876960111339486e+02
8.664934325218200684e+02,7.462525402704492308e+02
8.690095555782318115e+02,7.462362600104122521e+02
8.717117633819580078e+02,7.462460918962563028e+02
8.744091584682464600e+02,7.460860836546694372e+02
8.769620337486267090e+02,7.462614865831583302e+02
8.796919813156127930e+02,7.462979834542893514e+02
8.824800450801849365e+02,7.461706933630249523e+02
8.852537662982940674e+02,7.462087764692350902e+02
8.878094441890716553e+02,7.462687650952127569e+02
8.905494601726531982e+02,7.463136070230829091e+02
8.932469120025634766e+02,7.461260647149949818e+02
8.959826240539550781e+02,7.463627847430141173e+02
8.987688245773315430e+02,7.462968728136110030e+02
9.040145792961120605e+02,7.463379250115078776e+02
9.067775926589965820e+02,7.463165218690579650e+02
9.095304274559020996e+02,7.463449072979490211e+02
9.121149115562438965e+02,7.461719936537527929e+02
9.149157910346984863e+02,7.464274202945648540e+02
9.176702904701232910e+02,7.463432092307693893e+02
9.202843680381774902e+02,7.460729480198133388e+02
9.228851561546325684e+02,7.463712196396156742e+02
9.254976146221160889e+02,7.463472928285906391e+02
9.282949197292327881e+02,7.463654282231389061e+02
9.310615501403808594e+02,7.461665643958370993e+02
9.336850504875183105e+02,7.463597584573836912e+02
9.364797139167785645e+02,7.463083923345801622e+02
9.393040630817413330e+02,7.460587773403475467e+02
9.421492509841918945e+02,7.463786746962209691e+02
9.450019400119781494e+02,7.463691507897817701e+02
9.478176379203796387e+02,7.462072123564051935e+02
9.506378405094146729e+02,7.462482128448756384e+02
9.534924111366271973e+02,7.463646143522896637e+02
9.561519851684570312e+02,7.462888723657632681e+02
9.590112137794494629e+02,7.462179848813941589e+02
9.618855135440826416e+02,7.463951578167615253e+02
9.645264873504638672e+02,7.463883845348894965e+02
9.673830370903015137e+02,7.460777525783561259e+02
9.702576816082000732e+02,7.463337588575411701e+02
9.729205904006958008e+02,7.463756578933835044e+02
9.758092570304870605e+02,7.462710551497442566e+02
9.786853623390197754e+02,7.463120639753567502e+02
9.813860824108123779e+02,7.464221904072499001e+02
9.842990489006042480e+02,7.463460186614329359e+02
9.870019714832305908e+02,7.461683306262698352e+02
9.897158441543579102e+02,7.463879820435726060e+02
9.924483399391174316e+02,7.463079690889563835e+02
9.953697092533111572e+02,7.461233196490607043e+02
9.982597649097442627e+02,7.463853239701924167e+02
1.000971839427947998e+03,7.463798617712417354e+02
1.003889761447906494e+03,7.463210397676585899e+02
1.006792403459548950e+03,7.462382584038600726e+02
1.009711941719055176e+03,7.464108191767563767e+02
1.012461829423904419e+03,7.463564120084553224e+02
1.015217629909515381e+03,7.462600206580368649e+02
1.017975574254989624e+03,7.464204865665539046e+02
1.020919144153594971e+03,7.463833465078678273e+02
1.023869143009185791e+03,7.462051838275974660e+02
1.026632853746414185e+03,7.463975134014501691e+02
1.029573323249816895e+03,7.463722541679979940e+02
1.032364274501800537e+03,7.460824669735255839e+02
1.035151612281799316e+03,7.463481683396792050e+02
1.038121296405792236e+03,7.464162345818201629e+02
1.041101538419723511e+03,7.462221950210703199e+02
1.044099529743194580e+03,7.463196482672033198e+02
1.047069280624389648e+03,7.464198672254321991e+02
1.050069161653518677e+03,7.462634589209326350e+02
1.052867165803909302e+03,7.462666200028072581e+02
1.055672182798385620e+03,7.464089759696493047e+02
1.058673151016235352e+03,7.463608762733367712e+02
1.061722661972045898e+03,7.461992184854133257e+02
1.064520198345184326e+03,7.463458112189935036e+02
1.067318043470382690e+03,7.463475412036239049e+02
1.070371296882629395e+03,7.461717391373995270e+02
1.073367562294006348e+03,7.464150490346006563e+02
1.076399326562881470e+03,7.463402622590925830e+02
1.079461570978164673e+03,7.460838948462941289e+02
1.082325850486755371e+03,7.463263676701335498e+02
1.085397706270217896e+03,7.463626598776378387e+02
1.088429077625274658e+03,7.461515061274615164e+02
1.091519222259521484e+03,7.463048013449983955e+02
1.094579775094985962e+03,7.463614446648217609e+02
1.097448905944824219e+03,7.462422118145369723e+02
1.100549500703811646e+03,7.462526724616234333e+02
1.103607886314392090e+03,7.463259948117889735e+02
1.106680131673812866e+03,7.461761089589830362e+02
1.109760465383529663e+03,7.462689438465475860e+02
1.112667945384979248e+03,7.463686910565450034e+02
1.115803368091583252e+03,7.462214340899153058e+02
1.118908333539962769e+03,7.462548964994964535e+02
1.122009612560272217e+03,7.463595474201604247e+02
1.124935681104660034e+03,7.462311300049865395e+02
1.128095844507217407e+03,7.462289864013924898e+02
1.130999038219451904e+03,7.464066018024217328e+02
1.134119595766067505e+03,7.462078676833194777e+02
1.137242817401885986e+03,7.462819795751033780e+02
1.140403065204620361e+03,7.463482018676046437e+02
1.143327880859375000e+03,7.462606676136749684e+02
1.146287830591201782e+03,7.462808244271807325e+02
1.149450205087661743e+03,7.464109525700016547e+02
1.152600187301635742e+03,7.463223121895083523e+02
1.155780411481857300e+03,7.462695440765241983e+02
1.158957540988922119e+03,7.463565167054506446e+02
1.161929015636444092e+03,7.462562152783576721e+02
1.164885516405105591e+03,7.462993416183759336e+02
1.168025363445281982e+03,7.464662171267285657e+02
1.171225548505783081e+03,7.463026929554928302e+02
1.174409543752670288e+03,7.462321283611830722e+02
1.177619570255279541e+03,7.464274023999928431e+02
1.180809031248092651e+03,7.463360315935584595e+02
1.184039600849151611e+03,7.463389760322180564e+02
1.187228731632232666e+03,7.464488322449161615e+02
1.190427596092224121e+03,7.461965036484193661e+02
1.193427656888961792e+03,7.463093043717442470e+02
1.196439633369445801e+03,7.464122411217591662e+02
1.199459014177322388e+03,7.463169558908145973e+02
1.206329616308212280e+03,7.462803288053814867e+02
1.209598327159881592e+03,7.462719485295818913e+02
1.212841558694839478e+03,7.464638669995505325e+02
1.216082442045211792e+03,7.464579684124068990e+02
1.219319314241409302e+03,7.461855938325729767e+02
1.222624073266983032e+03,7.463956980713428493e+02
1.225682003974914551e+03,7.464481617457844322e+02
1.228768278360366821e+03,7.462759882046057101e+02
1.231985835075378418e+03,7.464484160359929774e+02
1.235035268545150757e+03,7.464334539417284304e+02
1.238308913707733154e+03,7.462946627107040740e+02
1.241649289369583130e+03,7.463987905466561870e+02
1.244935188293457031e+03,7.464453721636742785e+02
1.248246698617935181e+03,7.462082505692551422e+02
1.251566901206970215e+03,7.464121007182412768e+02
1.254867722034454346e+03,7.464143809515538805e+02
1.257985860109329224e+03,7.461760336910201659e+02
1.261264997482299805e+03,7.464050974128849703e+02
1.264590116739273071e+03,7.463192693533753754e+02
1.267889323711395264e+03,7.462785495867647114e+02
1.271247909307479858e+03,7.464743727204835295e+02
1.274594432353973389e+03,7.462516604415563961e+02
1.277725827693939209e+03,7.463484501739965253e+02
1.281094031810760498e+03,7.464072878206859514e+02
1.284449896812438965e+03,7.462728121571711881e+02
1.287783881664276123e+03,7.463330600229294305e+02
1.291174461126327515e+03,7.463841692988032719e+02
1.294298034429550171e+03,7.462154890667306972e+02
1.297683014154434204e+03,7.463588381488501682e+02
1.301055863142013550e+03,7.464306988562137803e+02
1.304434925794601440e+03,7.462341959446373494e+02
1.307815665006637573e+03,7.463671030016138275e+02
1.311209320306777954e+03,7.462693627606746531e+02
1.314419036626815796e+03,7.463057735988483046e+02
1.317654629945755005e+03,7.463773146590131091e+02
1.321081564903259277e+03,7.461903327977055369e+02
1.324270979166030884e+03,7.462863396319926323e+02
1.327723426818847656e+03,7.463849211586937145e+02
1.331131279230117798e+03,7.461746273949389661e+02
1.334595833063125610e+03,7.463419603947518226e+02
1.338031525135040283e+03,7.464169969074256414e+02
1.341451268911361694e+03,7.461696388607547306e+02
1.344895846605300903e+03,7.463405302709843454e+02
1.348165781736373901e+03,7.464345501964830873e+02
1.351425827026367188e+03,7.462259676957630745e+02
1.354700602531433105e+03,7.463662759283465675e+02
1.358221429109573364e+03,7.463196982108602242e+02
1.361699809551239014e+03,7.462350438239838013e+02
1.364977850198745728e+03,7.463737826013197036e+02
1.368264751434326172e+03,7.461505194291096359e+02
1.371750607967376709e+03,7.462278293090778334e+02
1.375052897691726685e+03,7.463113615848868676e+02
1.378507835388183594e+03,7.461075246642384400e+02
1.382039656877517700e+03,7.462617770799411119e+02
1.385581965684890747e+03,7.463421886559033283e+02
1.388918013811111450e+03,7.461423484327531241e+02
1.392419673681259155e+03,7.463196218665225388e+02
1.395960023641586304e+03,7.461207385762387503e+02
1.399527585268020630e+03,7.462768555445519496e+02
1.402879898786544800e+03,7.463651448384454170e+02
1.406219748973846436e+03,7.461716167885490449e+02
1.409559554100036621e+03,7.462326742933652213e+02
1.413089333057403564e+03,7.463049084677188603e+02
1.416440400123596191e+03,7.461078701893304697e+02
1.420017757892608643e+03,7.462415490993421372e+02
1.423397436380386353e+03,7.461670163243827574e+02
1.426940503597259521e+03,7.460742222684991702e+02
1.430256945848464966e+03,7.463152458981483051e+02
1.433819527864456177e+03,7.461348916844365249e+02
1.437204414367675781e+03,7.462021935035764955e+02
1.440779588937759399e+03,7.463800305696997839e+02
1.444190467119216919e+03,7.460975582433798081e+02
1.447797299623489380e+03,7.462848475084595066e+02
1.451401357412338257e+03,7.463163989856540184e+02
1.454840476989746094e+03,7.461427333896209575e+02
1.458452176809310913e+03,7.463155814726617336e+02
1.461871123075485229e+03,7.461681928909656563e+02
1.465499206781387329e+03,7.462291218814477816e+02
1.469129431247711182e+03,7.463331104300264087e+02
1.472760285377502441e+03,7.460554739804275641e+02
1.476394890546798706e+03,7.462013803484165919e+02
1.479853717327117920e+03,7.461220762678248093e+02
1.483318775653839111e+03,7.461817854122592735e+02
1.486947016716003418e+03,7.463361140751518406e+02
1.490585784912109375e+03,7.460936970033627631e+02
1.494283901453018188e+03,7.462653578149894429e+02
1.497960259914398193e+03,7.463162164888232155e+02
1.505995527029037476e+03,7.460904674305614890e+02
1.509735859870910645e+03,7.459923433907704293e+02
1.513469172954559326e+03,7.462824241989879965e+02
1.516980717897415161e+03,7.461516700720022754e+02
1.520700137138366699e+03,7.461757758412401245e+02
1.524395288228988647e+03,7.463036558851408699e+02
1.528106242656707764e+03,7.460438534326632407e+02
1.531829839229583740e+03,7.462424161698234002e+02
1.535581182003021240e+03,7.461871717459996489e+02
1.539329706430435181e+03,7.461743500989556424e+02
1.543054026603698730e+03,7.463430052500556258e+02
1.546752660036087036e+03,7.460810238690507958e+02
1.550330422878265381e+03,7.462976876450622967e+02
1.553899725914001465e+03,7.462527720712322434e+02
1.557660039186477661e+03,7.460760486608163546e+02
1.561229949474334717e+03,7.462030195968108046e+02
1.564979293346405029e+03,7.461569718079265385e+02
1.568730046272277832e+03,7.461765858404476148e+02
1.572294811725616455e+03,7.462547590873097079e+02
1.576079737663269043e+03,7.460060322261919055e+02
1.579695729970932007e+03,7.462943596300910940e+02
1.583519050598144531e+03,7.461205298056106585e+02
1.587330940246582031e+03,7.461632805690031773e+02
1.591143234014511108e+03,7.462469029267253973e+02
1.594977046966552734e+03,7.460732650458107855e+02
1.598848688602447510e+03,7.462928158916970460e+02
1.602631630420684814e+03,7.460843412568850681e+02
1.606384043216705322e+03,7.462530329216396012e+02
1.610217904806137085e+03,7.462070131221881866e+02
1.613897655248641968e+03,7.461303427752623065e+02
1.617778326272964478e+03,7.462952918338787640e+02
1.621693228244781494e+03,7.460244606572175599e+02
1.625523029565811157e+03,7.462242914254404695e+02
1.629362425804138184e+03,7.461330538246621700e+02
1.633036867141723633e+03,7.460805822451114864e+02
1.636766112565994263e+03,7.462455323413884116e+02
1.640639780282974243e+03,7.460412664819689326e+02
1.644474089860916138e+03,7.462963217750999547e+02
1.648381508350372314e+03,7.460781673484821113e+02
1.652100368976593018e+03,7.461445097435114349e+02
1.656004923582077026e+03,7.462163826646609550e+02
1.659733038187026978e+03,7.460370611994874253e+02
1.663619256019592285e+03,7.462353324461793136e+02
1.667515664339065552e+03,7.460772042978894660e+02
1.671264655828475952e+03,7.461849194445698004e+02
1.675010225772857666e+03,7.461979143307124787e+02
1.678950442075729370e+03,7.460747579654454285e+02
1.682707813024520874e+03,7.462351452708910529e+02
1.686481492042541504e+03,7.460214946030603187e+02
1.690500262975692749e+03,7.461568922337730783e+02
1.694467940568923950e+03,7.462391880979633925e+02
1.698269634723663330e+03,7.461169517731278802e+02
1.702227626323699951e+03,7.462331035927178391e+02
1.706205344438552856e+03,7.459911746817427911e+02
1.710211236000061035e+03,7.462520610200213014e+02
1.714226968526840210e+03,7.461560687638969966e+02
1.718251488208770752e+03,7.461730636708473412e+02
1.722240602970123291e+03,7.462186818724533168e+02
1.726175283670425415e+03,7.460479891918147359e+02
1.730219466447830200e+03,7.462560100638530685e+02
1.734275521755218506e+03,7.460253877627868633e+02
1.738289885997772217e+03,7.462503202373535487e+02
1.742318060636520386e+03,7.460857504828519495e+02
1.746368680238723755e+03,7.461512441462948573e+02
1.750438193798065186e+03,7.462177902917948131e+02
1.754493529796600342e+03,7.461411080805040683e+02
1.758539808034896851e+03,7.462627619244359494e+02
1.762431911945343018e+03,7.460382896514236108e+02
1.766305468320846558e+03,7.462482756606308385e+02
1.770199809074401855e+03,7.460857195365127836e+02
1.774080376625061035e+03,7.461713035179042208e+02
1.778159797430038452e+03,7.461552487667692048e+02
1.782313592433929443e+03,7.461254814507119590e+02
1.786210968017578125e+03,7.461889791184435126e+02
1.790125680208206177e+03,7.459863179328751812e+02
1.794284673690795898e+03,7.461823703658002387e+02
1.798376914978027344e+03,7.460626503312031446e+02
1.807868740797042847e+03,7.460391135581904791e+02
1.811998399496078491e+03,7.461528930731445826e+02
1.816151419639587402e+03,7.460986145634476543e+02
1.820124491930007935e+03,7.461289974114008601e+02
1.824271472454071045e+03,7.461809008302215034e+02
1.828410963535308838e+03,7.460838654937680303e+02
1.832556841373443604e+03,7.462007872038742562e+02
1.836688928127288818e+03,7.460344213428280682e+02
1.840859597682952881e+03,7.462379392872447852e+02
1.845068039417266846e+03,7.461200760758546267e+02
1.849259675502777100e+03,7.461750998317141921e+02
1.853488845586776733e+03,7.460914256264293272e+02
1.857529800176620483e+03,7.461573783910630482e+02
1.861571672439575195e+03,7.464266838113488802e+02
1.865825849056243896e+03,7.463231490078547949e+02
1.870057960271835327e+03,7.464400309624835472e+02
1.874298408508300781e+03,7.463090738750393029e+02
1.878509792566299438e+03,7.464700079609507384e+02
1.882739903688430786e+03,7.463482995087521203e+02
1.886997083902359009e+03,7.464398098756962554e+02
1.891289578914642334e+03,7.463573584781817090e+02
1.895547568321228027e+03,7.463975218739452657e+02
1.899636243581771851e+03,7.463818736683556381e+02
1.903700393438339233e+03,7.463831509613368098e+02
1.908029565572738647e+03,7.463998618617092689e+02
1.912295298099517822e+03,7.463488695156423773e+02
1.916611903429031372e+03,7.464223578929943415e+02
1.920899040222167969e+03,7.462404315510834749e+02
1.925031411170959473e+03,7.464115443615547747e+02
1.929361870288848877e+03,7.463297892978436039e+02
1.933623736619949341e+03,7.464408304520808315e+02
1.937909822225570679e+03,7.462902063925906759e+02
1.942230580806732178e+03,7.464717433781098634e+02
1.946577312231063843e+03,7.464091633958632883e+02
1.950744145393371582e+03,7.464158444561421675e+02
1.954885354757308960e+03,7.463940801701922965e+02
1.959240802288055420e+03,7.463394359104129308e+02
1.963659243345260620e+03,7.464017367625124280e+02
1.968060163736343384e+03,7.463010104196240491e+02
1.972440077066421509e+03,7.464316965476749601e+02
1.976599688768386841e+03,7.462463644871021415e+02
1.980781170845031738e+03,7.464199817512803747e+02
1.985219876050949097e+03,7.463367520906595018e+02
1.989628881692886353e+03,7.464167094003463490e+02
1.994069623708724976e+03,7.463097949772086395e+02
1.998323915243148804e+03,7.463986897836870185e+02
2.002717574834823608e+03,7.463896494837878208e+02
2.007126629829406738e+03,7.464116553117937656e+02
2.011367710590362549e+03,7.463841925846147660e+02
2.015819817304611206e+03,7.463700091619097066e+02
2.020081732273101807e+03,7.463896736352795642e+02
2.024518985509872437e+03,7.462818212325975082e+02
2.028987800359725952e+03,7.464303050687871064e+02
2.033460183858871460e+03,7.462565310512243286e+02
2.037930446624755859e+03,7.464002979138529099e+02
2.042397716283798218e+03,7.462950935478771726e+02
2.046709592580795288e+03,7.464567012131619776e+02
2.051221704244613647e+03,7.463305658487709024e+02
2.055722929000854492e+03,7.464681581949770361e+02
2.060263959884643555e+03,7.463566433856277627e+02
2.064778711795806885e+03,7.464608894372494206e+02
2.069286660432815552e+03,7.463301987352382412e+02
2.073840674877166748e+03,7.464830101605029995e+02
2.078192248344421387e+03,7.463393814502456962e+02
2.082750139474868774e+03,7.464423707021276186e+02
2.087294854402542114e+03,7.463035245631984935e+02
2.091838809728622437e+03,7.464149060208400215e+02
2.096440412282943726e+03,7.463689647541523300e+02
2.101020579099655151e+03,7.464567216865956425e+02
2.111854568243026733e+03,7.463126918432910770e+02
2.116229758262634277e+03,7.462873602970852289e+02
2.120863882303237915e+03,7.464351356766559320e+02
2.125423812627792358e+03,7.463346370082537078e+02
2.129845795154571533e+03,7.463907307332573282e+02
2.134414450883865356e+03,7.463282501575669130e+02
2.139002285003662109e+03,7.464666829804147028e+02
2.143433719873428345e+03,7.463983982983248779e+02
2.147895848512649536e+03,7.464076235984630330e+02
2.152472461700439453e+03,7.463549220283055092e+02
2.157120066404342651e+03,7.464970194914997137e+02
2.161781363010406494e+03,7.464356845032726824e+02
2.166391165494918823e+03,7.464634035896590376e+02
2.170825789928436279e+03,7.464235807214859051e+02
2.175509953737258911e+03,7.464193466087012894e+02
2.180160449266433716e+03,7.464337164364893624e+02
2.184621772289276123e+03,7.464727127013442214e+02
2.189319037199020386e+03,7.464206458487259397e+02
2.193991606235504150e+03,7.463997880079092511e+02
2.198653638362884521e+03,7.464269803357433375e+02
2.203319000482559204e+03,7.464180436511718426e+02
2.208045309782028198e+03,7.464340896525950484e+02
2.212770090579986572e+03,7.464529967825458243e+02
2.217452677965164185e+03,7.464550673342205300e+02
2.222003885507583618e+03,7.464474954676596781e+02
2.226753943920135498e+03,7.463899896816004684e+02
2.231492414474487305e+03,7.464439720185127953e+02
2.236020955324172974e+03,7.463733728532863552e+02
2.240570872783660889e+03,7.464286275543605598e+02
2.245335229396820068e+03,7.464250624179029501e+02
2.250091913223266602e+03,7.464798519347795036e+02
2.254677717924118042e+03,7.464375445731524223e+02
2.259479410409927368e+03,7.463854531898520008e+02
2.264087765455245972e+03,7.463541845706897675e+02
2.268897409915924072e+03,7.463914225710445862e+02
2.273727435350418091e+03,7.463804804202997047e+02
2.278592591285705566e+03,7.464316424693745375e+02
2.283451770305633545e+03,7.463578612518556383e+02
2.288269720315933228e+03,7.464224012903471248e+02
2.293109959840774536e+03,7.463093984333248727e+02
2.297970988750457764e+03,7.464095975204676279e+02
2.302635812044143677e+03,7.463381185201882317e+02
