1.034230000000000000e+05
1.123880000000000000e+05
8.710900000000000000e+04
4.802800000000000000e+04
2.559700000000000000e+04
2.741200000000000000e+04
3.437700000000000000e+04
4.129600000000000000e+04
9.319500000000000000e+04
2.331600000000000000e+05
3.988900000000000000e+05
4.425150000000000000e+05
3.001380000000000000e+05
1.156930000000000000e+05
5.451500000000000000e+04
7.450200000000000000e+04
6.251200000000000000e+04
6.677900000000000000e+04
1.924360000000000000e+05
3.837500000000000000e+05
4.460760000000000000e+05
3.264570000000000000e+05
1.521760000000000000e+05
4.930900000000000000e+04
2.919500000000000000e+04
3.600500000000000000e+04
3.758400000000000000e+04
6.852900000000000000e+04
1.835860000000000000e+05
3.376060000000000000e+05
3.802530000000000000e+05
2.536400000000000000e+05
9.482100000000000000e+04
3.832500000000000000e+04
4.855100000000000000e+04
4.262400000000000000e+04
4.269800000000000000e+04
1.095480000000000000e+05
2.131590000000000000e+05
2.699180000000000000e+05
2.296250000000000000e+05
1.335240000000000000e+05
5.302700000000000000e+04
3.148700000000000000e+04
4.116400000000000000e+04
4.253900000000000000e+04
7.499900000000000000e+04
1.803530000000000000e+05
2.822070000000000000e+05
2.632380000000000000e+05
1.557070000000000000e+05
6.042600000000000000e+04
2.380400000000000000e+04
2.061300000000000000e+04
2.776200000000000000e+04
4.673200000000000000e+04
8.869200000000000000e+04
1.654590000000000000e+05
2.332690000000000000e+05
2.106570000000000000e+05
1.113450000000000000e+05
3.679100000000000000e+04
1.887700000000000000e+04
1.438600000000000000e+04
1.463500000000000000e+04
2.848200000000000000e+04
9.502200000000000000e+04
2.394100000000000000e+05
3.290410000000000000e+05
2.585280000000000000e+05
1.422570000000000000e+05
8.390500000000000000e+04
4.460500000000000000e+04
2.699300000000000000e+04
4.647300000000000000e+04
9.654300000000000000e+04
2.348540000000000000e+05
4.096870000000000000e+05
4.236240000000000000e+05
2.517640000000000000e+05
8.884400000000000000e+04
4.042500000000000000e+04
4.727300000000000000e+04
3.993100000000000000e+04
4.711600000000000000e+04
1.381900000000000000e+05
3.019770000000000000e+05
4.029480000000000000e+05
3.353510000000000000e+05
1.640470000000000000e+05
5.024900000000000000e+04
3.258500000000000000e+04
3.702500000000000000e+04
3.361700000000000000e+04
6.978700000000000000e+04
1.665440000000000000e+05
2.669840000000000000e+05
2.854450000000000000e+05
1.953300000000000000e+05
8.193100000000000000e+04
3.133700000000000000e+04
3.126200000000000000e+04
3.424100000000000000e+04
5.194800000000000000e+04
1.085680000000000000e+05
1.738880000000000000e+05
2.012800000000000000e+05
1.749050000000000000e+05
1.087890000000000000e+05
4.884700000000000000e+04
2.635000000000000000e+04
2.703000000000000000e+04
3.056000000000000000e+04
6.435800000000000000e+04
1.323450000000000000e+05
1.725160000000000000e+05
1.561100000000000000e+05
1.145460000000000000e+05
7.019800000000000000e+04
3.385400000000000000e+04
2.050400000000000000e+04
2.843800000000000000e+04
4.422700000000000000e+04
8.715400000000000000e+04
1.455170000000000000e+05
1.448600000000000000e+05
8.857100000000000000e+04
5.165300000000000000e+04
4.247400000000000000e+04
2.763900000000000000e+04
2.217600000000000000e+04
3.641600000000000000e+04
5.543000000000000000e+04
1.692300000000000000e+05
4.045490000000000000e+05
5.021490000000000000e+05
3.319170000000000000e+05
1.231090000000000000e+05
3.419400000000000000e+04
2.381700000000000000e+04
2.422900000000000000e+04
3.128600000000000000e+04
8.297600000000000000e+04
2.414050000000000000e+05
4.619390000000000000e+05
4.922540000000000000e+05
2.828410000000000000e+05
9.928700000000000000e+04
4.175700000000000000e+04
3.751100000000000000e+04
3.148800000000000000e+04
4.108100000000000000e+04
1.283010000000000000e+05
2.773630000000000000e+05
3.876120000000000000e+05
3.367750000000000000e+05
1.603730000000000000e+05
5.731400000000000000e+04
3.395000000000000000e+04
3.182800000000000000e+04
3.241000000000000000e+04
6.225300000000000000e+04
1.326330000000000000e+05
1.330750000000000000e+05
1.824000000000000000e+05
2.858490000000000000e+05
2.149430000000000000e+05
9.065900000000000000e+04
4.267300000000000000e+04
3.608300000000000000e+04
5.459500000000000000e+04
1.131010000000000000e+05
3.334690000000000000e+05
4.805800000000000000e+05
3.282690000000000000e+05
1.221900000000000000e+05
3.612200000000000000e+04
2.031000000000000000e+04
1.848300000000000000e+04
2.813300000000000000e+04
6.100400000000000000e+04
1.924190000000000000e+05
4.229500000000000000e+05
4.438780000000000000e+05
2.206480000000000000e+05
6.378200000000000000e+04
3.406400000000000000e+04
2.775000000000000000e+04
3.062000000000000000e+04
5.244000000000000000e+04
1.220840000000000000e+05
3.192850000000000000e+05
4.824270000000000000e+05
3.597170000000000000e+05
1.440840000000000000e+05
4.738800000000000000e+04
3.472900000000000000e+04
3.733400000000000000e+04
4.296500000000000000e+04
6.825800000000000000e+04
1.699160000000000000e+05
4.491110000000000000e+05
6.090630000000000000e+05
3.630310000000000000e+05
1.045080000000000000e+05
5.309700000000000000e+04
3.724900000000000000e+04
4.593200000000000000e+04
6.753400000000000000e+04
1.390840000000000000e+05
3.802370000000000000e+05
6.562220000000000000e+05
6.024790000000000000e+05
2.512720000000000000e+05
7.750100000000000000e+04
5.776000000000000000e+04
4.120100000000000000e+04
6.582900000000000000e+04
9.093700000000000000e+04
2.346650000000000000e+05
4.460730000000000000e+05
4.708250000000000000e+05
2.941350000000000000e+05
9.566900000000000000e+04
4.521200000000000000e+04
3.806100000000000000e+04
3.878600000000000000e+04
6.517600000000000000e+04
1.310700000000000000e+05
3.283730000000000000e+05
4.435140000000000000e+05
3.465240000000000000e+05
1.821940000000000000e+05
6.124700000000000000e+04
4.741300000000000000e+04
4.657800000000000000e+04
5.295700000000000000e+04
7.675900000000000000e+04
1.784980000000000000e+05
3.480990000000000000e+05
3.358840000000000000e+05
2.203590000000000000e+05
1.146000000000000000e+05
3.992800000000000000e+04
3.676500000000000000e+04
3.035200000000000000e+04
4.518900000000000000e+04
7.912800000000000000e+04
1.799540000000000000e+05
2.651930000000000000e+05
2.080060000000000000e+05
1.599220000000000000e+05
9.650600000000000000e+04
4.303200000000000000e+04
5.148200000000000000e+04
4.142200000000000000e+04
7.653800000000000000e+04
1.175080000000000000e+05
1.181130000000000000e+05
1.832060000000000000e+05
3.377750000000000000e+05
3.083330000000000000e+05
1.190810000000000000e+05
6.593200000000000000e+04
4.454900000000000000e+04
4.994200000000000000e+04
9.087600000000000000e+04
2.011750000000000000e+05
4.679600000000000000e+05
5.011860000000000000e+05
2.502950000000000000e+05
7.109100000000000000e+04
3.299800000000000000e+04
2.913400000000000000e+04
3.492400000000000000e+04
6.310000000000000000e+04
1.230660000000000000e+05
3.563820000000000000e+05
5.490590000000000000e+05
4.281120000000000000e+05
1.853080000000000000e+05
5.542200000000000000e+04
4.508100000000000000e+04
3.143000000000000000e+04
4.594300000000000000e+04
6.085700000000000000e+04
1.362270000000000000e+05
2.514250000000000000e+05
2.398380000000000000e+05
2.230720000000000000e+05
1.331950000000000000e+05
5.337800000000000000e+04
6.026900000000000000e+04
4.397500000000000000e+04
7.190400000000000000e+04
1.226360000000000000e+05
3.195820000000000000e+05
4.255390000000000000e+05
2.775750000000000000e+05
1.584690000000000000e+05
6.645900000000000000e+04
4.668500000000000000e+04
4.456300000000000000e+04
4.203100000000000000e+04
6.410300000000000000e+04
1.150450000000000000e+05
2.338020000000000000e+05
2.116280000000000000e+05
1.727690000000000000e+05
1.345160000000000000e+05
5.691900000000000000e+04
5.522200000000000000e+04
3.635400000000000000e+04
6.029900000000000000e+04
7.548300000000000000e+04
1.824430000000000000e+05
2.618530000000000000e+05
1.794700000000000000e+05
1.596790000000000000e+05
9.078500000000000000e+04
5.911700000000000000e+04
5.783200000000000000e+04
5.160900000000000000e+04
8.632100000000000000e+04
1.407830000000000000e+05
3.464790000000000000e+05
3.988800000000000000e+05
2.521740000000000000e+05
1.257360000000000000e+05
4.487700000000000000e+04
3.661300000000000000e+04
2.795500000000000000e+04
4.122800000000000000e+04
5.902700000000000000e+04
1.545860000000000000e+05
2.888610000000000000e+05
2.978620000000000000e+05
2.073420000000000000e+05
7.921800000000000000e+04
4.761100000000000000e+04
4.271300000000000000e+04
3.801800000000000000e+04
5.873500000000000000e+04
1.072420000000000000e+05
2.620850000000000000e+05
3.410700000000000000e+05
2.851930000000000000e+05
1.644450000000000000e+05
5.505400000000000000e+04
3.378000000000000000e+04
2.793100000000000000e+04
3.047000000000000000e+04
5.389500000000000000e+04
8.607400000000000000e+04
1.287410000000000000e+05
1.834540000000000000e+05
2.257600000000000000e+05
1.478530000000000000e+05
5.203100000000000000e+04
3.737000000000000000e+04
2.578800000000000000e+04
3.448900000000000000e+04
6.941900000000000000e+04
1.814620000000000000e+05
2.361710000000000000e+05
1.906680000000000000e+05
1.862410000000000000e+05
1.023290000000000000e+05
5.893000000000000000e+04
5.253400000000000000e+04
3.911800000000000000e+04
5.754000000000000000e+04
1.006690000000000000e+05
2.106370000000000000e+05
1.639500000000000000e+05
1.441700000000000000e+05
1.550070000000000000e+05
7.066700000000000000e+04
5.578500000000000000e+04
3.479800000000000000e+04
3.997700000000000000e+04
5.369800000000000000e+04
1.332640000000000000e+05
1.748140000000000000e+05
1.352630000000000000e+05
1.714080000000000000e+05
1.136760000000000000e+05
4.436100000000000000e+04
3.285400000000000000e+04
2.565500000000000000e+04
3.918900000000000000e+04
8.751900000000000000e+04
2.831410000000000000e+05
5.542760000000000000e+05
5.576220000000000000e+05
2.500560000000000000e+05
7.040500000000000000e+04
4.221800000000000000e+04
2.722600000000000000e+04
3.109400000000000000e+04
3.848300000000000000e+04
1.084800000000000000e+05
2.806540000000000000e+05
4.920950000000000000e+05
3.773290000000000000e+05
1.191060000000000000e+05
4.929600000000000000e+04
2.919700000000000000e+04
2.535300000000000000e+04
3.094000000000000000e+04
6.430500000000000000e+04
1.875800000000000000e+05
3.916780000000000000e+05
4.513090000000000000e+05
2.377520000000000000e+05
6.812900000000000000e+04
4.253300000000000000e+04
2.926400000000000000e+04
2.899400000000000000e+04
4.177800000000000000e+04
1.022530000000000000e+05
2.376390000000000000e+05
3.101550000000000000e+05
2.475470000000000000e+05
1.113670000000000000e+05
3.748500000000000000e+04
3.142700000000000000e+04
2.218200000000000000e+04
3.039200000000000000e+04
4.730900000000000000e+04
1.380830000000000000e+05
2.471760000000000000e+05
2.519190000000000000e+05
1.631080000000000000e+05
6.094100000000000000e+04
3.205200000000000000e+04
2.711900000000000000e+04
2.255300000000000000e+04
3.392500000000000000e+04
7.788900000000000000e+04
1.798320000000000000e+05
2.075310000000000000e+05
1.753020000000000000e+05
1.190360000000000000e+05
4.450700000000000000e+04
2.803500000000000000e+04
2.167300000000000000e+04
2.631200000000000000e+04
3.995600000000000000e+04
6.912300000000000000e+04
1.001710000000000000e+05
1.088290000000000000e+05
1.234960000000000000e+05
8.191400000000000000e+04
2.992400000000000000e+04
1.899400000000000000e+04
1.409800000000000000e+04
1.798300000000000000e+04
4.408300000000000000e+04
1.363600000000000000e+05
2.839100000000000000e+05
3.185610000000000000e+05
1.611330000000000000e+05
4.626400000000000000e+04
2.614500000000000000e+04
1.929100000000000000e+04
2.509200000000000000e+04
2.690500000000000000e+04
6.386000000000000000e+04
1.534430000000000000e+05
2.201070000000000000e+05
1.594070000000000000e+05
5.980100000000000000e+04
2.217900000000000000e+04
1.835900000000000000e+04
1.579900000000000000e+04
2.029900000000000000e+04
3.379300000000000000e+04
9.438200000000000000e+04
1.630700000000000000e+05
1.560640000000000000e+05
8.635900000000000000e+04
2.994100000000000000e+04
1.770900000000000000e+04
1.577200000000000000e+04
1.813000000000000000e+04
2.088200000000000000e+04
3.474800000000000000e+04
7.142300000000000000e+04
8.225800000000000000e+04
6.389700000000000000e+04
4.021700000000000000e+04
1.855400000000000000e+04
1.573200000000000000e+04
1.451500000000000000e+04
1.494000000000000000e+04
1.597800000000000000e+04
2.921200000000000000e+04
4.180500000000000000e+04
3.518900000000000000e+04
3.598400000000000000e+04
2.457700000000000000e+04
1.427500000000000000e+04
1.349300000000000000e+04
1.182300000000000000e+04
1.326800000000000000e+04
1.599900000000000000e+04
2.555700000000000000e+04
2.637600000000000000e+04
2.562000000000000000e+04
2.539800000000000000e+04
1.622300000000000000e+04
1.301700000000000000e+04
1.157900000000000000e+04
1.055400000000000000e+04
1.147500000000000000e+04
1.712200000000000000e+04
2.554100000000000000e+04
2.188400000000000000e+04
1.542000000000000000e+04
1.237700000000000000e+04
1.033000000000000000e+04
1.024500000000000000e+04
9.597000000000000000e+03
1.045400000000000000e+04
1.244400000000000000e+04
1.692500000000000000e+04
2.462300000000000000e+04
2.709200000000000000e+04
1.924200000000000000e+04
1.255800000000000000e+04
1.010900000000000000e+04
9.717000000000000000e+03
1.014300000000000000e+04
1.043500000000000000e+04
1.307500000000000000e+04
1.804200000000000000e+04
1.918100000000000000e+04
2.003500000000000000e+04
1.651900000000000000e+04
1.147300000000000000e+04
1.137700000000000000e+04
1.095100000000000000e+04
1.173600000000000000e+04
1.628600000000000000e+04
2.863800000000000000e+04
3.567500000000000000e+04
3.509900000000000000e+04
2.820500000000000000e+04
1.640000000000000000e+04
1.192100000000000000e+04
1.195700000000000000e+04
1.141900000000000000e+04
1.543900000000000000e+04
3.138500000000000000e+04
5.310900000000000000e+04
4.813900000000000000e+04
4.620100000000000000e+04
4.668200000000000000e+04
2.454200000000000000e+04
2.101900000000000000e+04
1.578200000000000000e+04
1.934500000000000000e+04
2.444000000000000000e+04
6.059100000000000000e+04
8.710600000000000000e+04
7.061600000000000000e+04
7.760700000000000000e+04
4.745600000000000000e+04
2.559200000000000000e+04
2.262700000000000000e+04
1.807600000000000000e+04
2.704600000000000000e+04
4.680000000000000000e+04
1.015930000000000000e+05
1.019140000000000000e+05
1.178080000000000000e+05
1.372420000000000000e+05
6.099700000000000000e+04
3.829700000000000000e+04
2.640400000000000000e+04
3.118900000000000000e+04
3.913800000000000000e+04
9.887500000000000000e+04
1.780860000000000000e+05
1.931200000000000000e+05
1.695570000000000000e+05
7.288600000000000000e+04
2.980900000000000000e+04
2.083600000000000000e+04
1.768200000000000000e+04
2.534900000000000000e+04
5.004000000000000000e+04
1.301180000000000000e+05
2.087540000000000000e+05
1.907310000000000000e+05
1.238510000000000000e+05
4.973000000000000000e+04
3.041800000000000000e+04
2.367400000000000000e+04
2.734200000000000000e+04
4.013200000000000000e+04
1.024220000000000000e+05
1.948210000000000000e+05
2.131290000000000000e+05
2.053020000000000000e+05
1.134930000000000000e+05
4.492600000000000000e+04
4.035600000000000000e+04
2.923100000000000000e+04
3.355700000000000000e+04
4.805400000000000000e+04
1.093810000000000000e+05
1.349670000000000000e+05
1.189060000000000000e+05
1.480640000000000000e+05
8.045400000000000000e+04
4.566800000000000000e+04
3.368000000000000000e+04
3.453900000000000000e+04
4.022700000000000000e+04
7.355300000000000000e+04
1.199400000000000000e+05
9.349600000000000000e+04
1.444330000000000000e+05
1.412850000000000000e+05
6.010500000000000000e+04
4.992500000000000000e+04
3.218300000000000000e+04
3.549200000000000000e+04
3.309500000000000000e+04
5.422600000000000000e+04
6.987300000000000000e+04
1.010980000000000000e+05
1.975810000000000000e+05
1.369480000000000000e+05
5.204200000000000000e+04
3.357600000000000000e+04
2.003200000000000000e+04
2.737300000000000000e+04
4.312100000000000000e+04
9.499600000000000000e+04
1.288070000000000000e+05
9.219000000000000000e+04
4.921600000000000000e+04
3.074800000000000000e+04
1.899100000000000000e+04
2.242600000000000000e+04
1.958200000000000000e+04
3.805800000000000000e+04
8.610000000000000000e+04
2.122440000000000000e+05
2.693680000000000000e+05
1.951030000000000000e+05
8.934800000000000000e+04
3.478000000000000000e+04
3.075400000000000000e+04
2.225400000000000000e+04
3.086600000000000000e+04
5.096000000000000000e+04
1.400650000000000000e+05
2.442730000000000000e+05
2.803110000000000000e+05
1.746470000000000000e+05
5.613500000000000000e+04
3.684500000000000000e+04
2.631700000000000000e+04
2.781100000000000000e+04
3.776400000000000000e+04
8.672000000000000000e+04
1.890730000000000000e+05
2.439250000000000000e+05
2.234950000000000000e+05
1.180700000000000000e+05
4.359800000000000000e+04
3.523600000000000000e+04
2.509400000000000000e+04
3.665400000000000000e+04
5.661700000000000000e+04
1.502020000000000000e+05
1.997910000000000000e+05
1.677960000000000000e+05
1.480490000000000000e+05
7.180100000000000000e+04
3.332500000000000000e+04
2.499300000000000000e+04
2.286400000000000000e+04
3.026600000000000000e+04
5.140900000000000000e+04
1.041140000000000000e+05
1.131970000000000000e+05
1.395260000000000000e+05
1.152330000000000000e+05
4.265000000000000000e+04
3.198500000000000000e+04
2.177300000000000000e+04
2.877900000000000000e+04
3.699400000000000000e+04
9.383200000000000000e+04
1.392270000000000000e+05
1.150420000000000000e+05
1.400090000000000000e+05
9.472200000000000000e+04
4.128400000000000000e+04
3.767600000000000000e+04
2.883200000000000000e+04
4.728100000000000000e+04
7.077300000000000000e+04
1.854740000000000000e+05
2.753590000000000000e+05
2.546470000000000000e+05
1.518290000000000000e+05
4.931500000000000000e+04
3.060200000000000000e+04
2.132800000000000000e+04
2.915200000000000000e+04
3.834100000000000000e+04
9.774700000000000000e+04
2.132520000000000000e+05
3.230940000000000000e+05
2.543860000000000000e+05
9.331800000000000000e+04
2.971200000000000000e+04
2.289400000000000000e+04
1.826500000000000000e+04
2.650700000000000000e+04
4.965200000000000000e+04
1.399060000000000000e+05
2.359260000000000000e+05
2.607570000000000000e+05
2.060980000000000000e+05
7.803300000000000000e+04
3.199700000000000000e+04
2.192500000000000000e+04
2.691600000000000000e+04
3.346700000000000000e+04
6.341900000000000000e+04
1.053980000000000000e+05
1.110740000000000000e+05
9.303800000000000000e+04
5.002900000000000000e+04
1.974200000000000000e+04
1.764400000000000000e+04
1.501800000000000000e+04
1.983900000000000000e+04
3.240000000000000000e+04
7.525400000000000000e+04
1.003310000000000000e+05
1.054930000000000000e+05
1.267850000000000000e+05
7.783300000000000000e+04
2.895300000000000000e+04
1.686000000000000000e+04
1.443000000000000000e+04
1.571000000000000000e+04
2.284900000000000000e+04
4.523200000000000000e+04
9.275800000000000000e+04
2.119620000000000000e+05
2.416500000000000000e+05
1.106920000000000000e+05
6.542600000000000000e+04
4.322200000000000000e+04
4.070000000000000000e+04
4.520400000000000000e+04
7.963700000000000000e+04
1.225650000000000000e+05
9.608800000000000000e+04
1.465810000000000000e+05
1.053870000000000000e+05
4.570400000000000000e+04
2.877000000000000000e+04
2.201000000000000000e+04
2.382100000000000000e+04
4.168000000000000000e+04
1.033390000000000000e+05
2.533890000000000000e+05
3.544850000000000000e+05
1.898210000000000000e+05
5.906600000000000000e+04
3.255000000000000000e+04
1.798100000000000000e+04
1.818800000000000000e+04
2.984900000000000000e+04
7.265800000000000000e+04
1.951280000000000000e+05
3.771340000000000000e+05
3.432250000000000000e+05
1.300800000000000000e+05
4.715600000000000000e+04
2.696500000000000000e+04
2.191900000000000000e+04
2.395500000000000000e+04
4.921900000000000000e+04
1.174720000000000000e+05
2.713240000000000000e+05
3.641710000000000000e+05
2.063070000000000000e+05
6.146400000000000000e+04
3.036200000000000000e+04
1.872100000000000000e+04
2.117800000000000000e+04
3.295000000000000000e+04
7.467700000000000000e+04
1.546180000000000000e+05
2.331330000000000000e+05
2.184270000000000000e+05
9.683700000000000000e+04
3.369300000000000000e+04
2.169500000000000000e+04
1.963900000000000000e+04
2.748600000000000000e+04
4.748000000000000000e+04
1.194100000000000000e+05
2.226720000000000000e+05
2.724710000000000000e+05
1.905500000000000000e+05
7.079800000000000000e+04
3.702000000000000000e+04
2.659500000000000000e+04
2.314600000000000000e+04
3.332700000000000000e+04
7.497400000000000000e+04
1.690140000000000000e+05
2.277350000000000000e+05
2.204510000000000000e+05
1.253360000000000000e+05
4.271700000000000000e+04
2.769800000000000000e+04
2.018200000000000000e+04
2.313000000000000000e+04
2.821900000000000000e+04
4.798900000000000000e+04
6.510800000000000000e+04
7.679200000000000000e+04
1.094840000000000000e+05
7.407100000000000000e+04
2.939700000000000000e+04
2.086700000000000000e+04
1.817700000000000000e+04
2.519700000000000000e+04
4.812400000000000000e+04
1.259030000000000000e+05
2.846680000000000000e+05
3.809580000000000000e+05
2.223140000000000000e+05
6.628000000000000000e+04
3.070400000000000000e+04
1.974200000000000000e+04
2.377500000000000000e+04
3.022300000000000000e+04
6.895700000000000000e+04
1.694590000000000000e+05
3.282710000000000000e+05
3.098120000000000000e+05
1.257390000000000000e+05
4.371700000000000000e+04
2.605800000000000000e+04
2.079200000000000000e+04
2.799100000000000000e+04
5.000400000000000000e+04
1.199350000000000000e+05
2.461200000000000000e+05
3.344160000000000000e+05
2.047310000000000000e+05
6.176600000000000000e+04
3.270400000000000000e+04
2.065400000000000000e+04
2.716900000000000000e+04
3.920200000000000000e+04
7.761400000000000000e+04
1.758960000000000000e+05
2.633140000000000000e+05
2.428720000000000000e+05
1.203950000000000000e+05
4.060200000000000000e+04
2.740600000000000000e+04
2.215900000000000000e+04
3.284000000000000000e+04
5.111200000000000000e+04
1.195190000000000000e+05
2.017070000000000000e+05
2.322640000000000000e+05
1.628860000000000000e+05
6.195900000000000000e+04
2.789000000000000000e+04
2.050500000000000000e+04
2.492000000000000000e+04
3.859900000000000000e+04
6.031700000000000000e+04
1.397540000000000000e+05
1.856310000000000000e+05
1.727910000000000000e+05
1.125120000000000000e+05
4.225900000000000000e+04
2.618000000000000000e+04
1.832500000000000000e+04
2.452400000000000000e+04
3.416400000000000000e+04
7.904400000000000000e+04
1.943080000000000000e+05
3.613690000000000000e+05
3.298560000000000000e+05
1.282920000000000000e+05
4.542800000000000000e+04
2.519400000000000000e+04
2.600100000000000000e+04
2.510100000000000000e+04
4.613800000000000000e+04
1.132280000000000000e+05
3.335480000000000000e+05
5.020720000000000000e+05
2.955110000000000000e+05
9.178100000000000000e+04
3.993100000000000000e+04
2.079800000000000000e+04
1.975400000000000000e+04
2.666900000000000000e+04
5.783000000000000000e+04
1.244490000000000000e+05
2.788100000000000000e+05
2.906680000000000000e+05
1.244460000000000000e+05
3.823200000000000000e+04
2.075700000000000000e+04
1.649800000000000000e+04
1.905100000000000000e+04
2.644200000000000000e+04
4.878000000000000000e+04
5.416400000000000000e+04
6.061800000000000000e+04
9.761000000000000000e+04
6.855800000000000000e+04
3.106000000000000000e+04
2.543500000000000000e+04
2.155900000000000000e+04
3.489800000000000000e+04
7.427000000000000000e+04
1.791350000000000000e+05
2.560510000000000000e+05
2.335970000000000000e+05
1.165720000000000000e+05
3.947700000000000000e+04
2.779500000000000000e+04
1.970800000000000000e+04
2.731400000000000000e+04
3.984100000000000000e+04
8.544900000000000000e+04
1.539320000000000000e+05
2.108970000000000000e+05
1.647080000000000000e+05
6.679600000000000000e+04
2.822400000000000000e+04
2.033300000000000000e+04
2.162300000000000000e+04
3.259200000000000000e+04
5.980100000000000000e+04
1.428120000000000000e+05
2.050730000000000000e+05
2.115050000000000000e+05
1.317840000000000000e+05
4.457700000000000000e+04
2.392600000000000000e+04
1.870700000000000000e+04
2.357100000000000000e+04
3.254400000000000000e+04
6.910900000000000000e+04
1.644130000000000000e+05
3.413790000000000000e+05
3.368580000000000000e+05
1.404080000000000000e+05
5.170500000000000000e+04
2.824800000000000000e+04
2.576800000000000000e+04
2.934900000000000000e+04
4.322600000000000000e+04
8.885500000000000000e+04
2.074620000000000000e+05
3.156200000000000000e+05
2.073560000000000000e+05
6.830800000000000000e+04
3.196800000000000000e+04
1.971900000000000000e+04
2.303700000000000000e+04
3.119400000000000000e+04
6.153800000000000000e+04
1.387740000000000000e+05
2.840580000000000000e+05
2.964500000000000000e+05
1.240250000000000000e+05
4.073600000000000000e+04
2.493300000000000000e+04
2.239400000000000000e+04
3.094700000000000000e+04
4.673600000000000000e+04
1.076110000000000000e+05
2.115130000000000000e+05
2.814730000000000000e+05
1.855820000000000000e+05
6.020200000000000000e+04
2.851400000000000000e+04
2.196700000000000000e+04
2.835400000000000000e+04
4.128500000000000000e+04
7.799200000000000000e+04
1.534940000000000000e+05
2.041450000000000000e+05
1.759220000000000000e+05
9.150500000000000000e+04
3.288100000000000000e+04
2.484300000000000000e+04
2.087200000000000000e+04
3.250600000000000000e+04
4.604200000000000000e+04
9.737800000000000000e+04
1.520350000000000000e+05
1.649230000000000000e+05
1.453440000000000000e+05
7.278400000000000000e+04
2.794500000000000000e+04
2.047900000000000000e+04
1.633000000000000000e+04
2.017200000000000000e+04
2.619700000000000000e+04
4.501200000000000000e+04
6.855700000000000000e+04
8.558200000000000000e+04
6.691400000000000000e+04
3.049400000000000000e+04
1.474800000000000000e+04
1.481300000000000000e+04
1.774300000000000000e+04
2.627100000000000000e+04
5.361900000000000000e+04
1.491120000000000000e+05
3.433630000000000000e+05
3.432700000000000000e+05
1.376770000000000000e+05
4.835900000000000000e+04
2.524500000000000000e+04
2.544200000000000000e+04
2.720200000000000000e+04
4.254000000000000000e+04
8.382900000000000000e+04
2.172230000000000000e+05
3.490850000000000000e+05
2.101960000000000000e+05
6.516200000000000000e+04
3.435400000000000000e+04
1.995000000000000000e+04
2.572600000000000000e+04
3.320800000000000000e+04
6.620200000000000000e+04
1.430100000000000000e+05
2.791050000000000000e+05
2.695670000000000000e+05
1.097030000000000000e+05
3.552800000000000000e+04
2.185900000000000000e+04
1.996600000000000000e+04
2.903200000000000000e+04
4.542000000000000000e+04
1.028530000000000000e+05
2.052570000000000000e+05
2.814820000000000000e+05
1.952140000000000000e+05
6.469500000000000000e+04
2.912700000000000000e+04
2.011900000000000000e+04
2.715400000000000000e+04
3.887300000000000000e+04
6.886500000000000000e+04
1.439650000000000000e+05
2.408730000000000000e+05
2.397590000000000000e+05
1.165550000000000000e+05
3.834000000000000000e+04
2.616400000000000000e+04
2.110700000000000000e+04
3.080500000000000000e+04
4.428600000000000000e+04
8.922800000000000000e+04
1.583390000000000000e+05
1.921530000000000000e+05
1.547410000000000000e+05
6.639700000000000000e+04
2.587100000000000000e+04
1.796600000000000000e+04
2.314900000000000000e+04
3.215900000000000000e+04
5.142500000000000000e+04
1.024000000000000000e+05
1.969920000000000000e+05
2.702870000000000000e+05
1.577430000000000000e+05
4.804200000000000000e+04
2.368600000000000000e+04
1.856500000000000000e+04
2.598100000000000000e+04
3.283800000000000000e+04
5.964100000000000000e+04
1.161350000000000000e+05
1.812880000000000000e+05
1.410250000000000000e+05
5.254500000000000000e+04
2.599500000000000000e+04
2.068300000000000000e+04
2.508400000000000000e+04
3.930500000000000000e+04
6.005000000000000000e+04
1.115500000000000000e+05
1.839250000000000000e+05
2.390210000000000000e+05
1.677110000000000000e+05
6.101400000000000000e+04
3.094200000000000000e+04
1.806200000000000000e+04
1.690400000000000000e+04
1.871900000000000000e+04
2.373500000000000000e+04
2.764500000000000000e+04
3.958500000000000000e+04
7.703700000000000000e+04
7.872900000000000000e+04
3.616600000000000000e+04
2.181700000000000000e+04
2.306300000000000000e+04
2.717800000000000000e+04
4.134500000000000000e+04
8.147800000000000000e+04
1.496690000000000000e+05
2.147150000000000000e+05
1.812460000000000000e+05
7.404700000000000000e+04
3.244200000000000000e+04
2.339600000000000000e+04
3.141600000000000000e+04
4.392400000000000000e+04
6.099100000000000000e+04
1.112290000000000000e+05
1.488610000000000000e+05
1.481570000000000000e+05
8.613100000000000000e+04
3.310100000000000000e+04
2.571700000000000000e+04
2.015200000000000000e+04
3.251800000000000000e+04
4.563600000000000000e+04
8.562300000000000000e+04
1.276650000000000000e+05
1.298730000000000000e+05
1.192940000000000000e+05
6.244700000000000000e+04
3.082100000000000000e+04
2.638000000000000000e+04
2.351800000000000000e+04
3.638100000000000000e+04
5.383400000000000000e+04
9.854900000000000000e+04
1.658360000000000000e+05
2.177460000000000000e+05
1.403460000000000000e+05
4.918600000000000000e+04
2.519700000000000000e+04
1.968500000000000000e+04
2.674700000000000000e+04
3.828600000000000000e+04
7.694600000000000000e+04
1.399760000000000000e+05
2.502400000000000000e+05
2.331910000000000000e+05
9.724000000000000000e+04
3.668900000000000000e+04
2.437100000000000000e+04
2.347600000000000000e+04
3.162600000000000000e+04
4.653500000000000000e+04
8.677500000000000000e+04
1.275200000000000000e+05
1.532960000000000000e+05
1.175110000000000000e+05
4.778300000000000000e+04
2.991100000000000000e+04
2.207000000000000000e+04
3.183400000000000000e+04
4.091200000000000000e+04
6.502900000000000000e+04
1.111700000000000000e+05
1.518380000000000000e+05
1.512340000000000000e+05
7.754000000000000000e+04
2.760600000000000000e+04
2.164100000000000000e+04
2.105500000000000000e+04
3.256800000000000000e+04
4.447600000000000000e+04
8.062000000000000000e+04
1.190680000000000000e+05
1.246260000000000000e+05
1.139020000000000000e+05
5.793400000000000000e+04
3.523300000000000000e+04
2.747400000000000000e+04
2.841500000000000000e+04
3.841600000000000000e+04
4.948300000000000000e+04
8.383000000000000000e+04
7.642500000000000000e+04
9.969300000000000000e+04
9.297700000000000000e+04
3.952700000000000000e+04
1.995600000000000000e+04
1.322000000000000000e+04
1.176200000000000000e+04
1.298500000000000000e+04
1.811200000000000000e+04
3.248500000000000000e+04
5.449000000000000000e+04
6.482000000000000000e+04
4.729200000000000000e+04
2.297800000000000000e+04
1.607600000000000000e+04
1.957800000000000000e+04
2.719100000000000000e+04
5.480500000000000000e+04
1.010830000000000000e+05
1.686800000000000000e+05
1.895730000000000000e+05
1.116470000000000000e+05
3.864400000000000000e+04
2.386700000000000000e+04
1.923400000000000000e+04
2.918700000000000000e+04
4.031800000000000000e+04
6.712000000000000000e+04
1.083430000000000000e+05
1.365030000000000000e+05
1.412130000000000000e+05
7.807900000000000000e+04
3.742600000000000000e+04
3.426600000000000000e+04
2.901200000000000000e+04
4.047600000000000000e+04
4.808400000000000000e+04
8.665000000000000000e+04
1.098470000000000000e+05
1.088250000000000000e+05
9.546300000000000000e+04
4.629400000000000000e+04
3.144500000000000000e+04
2.376300000000000000e+04
2.663900000000000000e+04
3.592600000000000000e+04
4.695400000000000000e+04
7.431400000000000000e+04
7.546600000000000000e+04
9.531500000000000000e+04
7.889700000000000000e+04
3.735500000000000000e+04
3.191900000000000000e+04
2.269600000000000000e+04
3.374200000000000000e+04
3.652900000000000000e+04
6.464000000000000000e+04
8.319400000000000000e+04
7.565700000000000000e+04
9.223600000000000000e+04
5.773700000000000000e+04
3.642400000000000000e+04
2.854900000000000000e+04
2.689200000000000000e+04
3.331500000000000000e+04
3.984300000000000000e+04
6.691100000000000000e+04
5.242600000000000000e+04
8.556500000000000000e+04
1.006310000000000000e+05
4.838800000000000000e+04
3.152700000000000000e+04
2.175200000000000000e+04
2.901300000000000000e+04
3.998200000000000000e+04
6.848100000000000000e+04
1.104220000000000000e+05
1.299810000000000000e+05
1.138960000000000000e+05
5.559900000000000000e+04
3.137500000000000000e+04
2.716400000000000000e+04
2.660000000000000000e+04
4.003300000000000000e+04
6.408100000000000000e+04
1.062050000000000000e+05
1.525350000000000000e+05
1.557330000000000000e+05
8.921100000000000000e+04
3.869700000000000000e+04
2.814300000000000000e+04
2.220000000000000000e+04
3.038100000000000000e+04
3.943700000000000000e+04
6.532000000000000000e+04
9.535500000000000000e+04
1.121430000000000000e+05
1.016670000000000000e+05
5.660900000000000000e+04
2.498400000000000000e+04
1.549300000000000000e+04
1.214400000000000000e+04
1.157900000000000000e+04
1.275200000000000000e+04
1.985500000000000000e+04
3.718500000000000000e+04
6.050800000000000000e+04
6.409900000000000000e+04
3.775700000000000000e+04
1.776300000000000000e+04
1.748800000000000000e+04
2.259300000000000000e+04
2.748700000000000000e+04
4.226400000000000000e+04
6.586700000000000000e+04
7.186800000000000000e+04
8.155700000000000000e+04
6.501900000000000000e+04
3.204400000000000000e+04
2.707400000000000000e+04
2.194700000000000000e+04
3.700000000000000000e+04
4.255300000000000000e+04
6.921200000000000000e+04
9.059500000000000000e+04
8.212500000000000000e+04
7.712900000000000000e+04
4.299300000000000000e+04
2.607800000000000000e+04
1.884100000000000000e+04
2.231300000000000000e+04
2.930100000000000000e+04
4.196200000000000000e+04
6.899300000000000000e+04
7.451500000000000000e+04
1.049900000000000000e+05
9.472000000000000000e+04
4.068100000000000000e+04
2.463300000000000000e+04
1.960100000000000000e+04
2.257800000000000000e+04
3.286400000000000000e+04
6.177100000000000000e+04
1.067830000000000000e+05
1.528130000000000000e+05
1.378330000000000000e+05
6.005800000000000000e+04
2.817900000000000000e+04
2.179600000000000000e+04
2.336300000000000000e+04
3.323600000000000000e+04
5.112000000000000000e+04
8.696900000000000000e+04
1.318370000000000000e+05
1.506790000000000000e+05
8.713400000000000000e+04
3.457800000000000000e+04
2.740400000000000000e+04
2.463900000000000000e+04
3.441500000000000000e+04
4.318100000000000000e+04
6.566300000000000000e+04
1.008350000000000000e+05
1.280750000000000000e+05
1.079840000000000000e+05
5.023100000000000000e+04
2.822500000000000000e+04
2.512800000000000000e+04
2.304000000000000000e+04
3.310500000000000000e+04
4.378300000000000000e+04
7.597500000000000000e+04
1.022430000000000000e+05
9.907100000000000000e+04
7.416400000000000000e+04
3.904300000000000000e+04
3.942100000000000000e+04
3.206400000000000000e+04
3.283300000000000000e+04
4.724300000000000000e+04
6.859200000000000000e+04
1.089530000000000000e+05
1.052750000000000000e+05
8.920600000000000000e+04
5.308300000000000000e+04
2.789300000000000000e+04
2.649800000000000000e+04
2.369800000000000000e+04
3.512500000000000000e+04
4.053700000000000000e+04
6.863700000000000000e+04
8.370900000000000000e+04
7.722000000000000000e+04
7.216000000000000000e+04
4.299200000000000000e+04
2.146100000000000000e+04
1.363300000000000000e+04
1.011100000000000000e+04
1.014000000000000000e+04
1.093600000000000000e+04
1.552200000000000000e+04
2.963100000000000000e+04
5.114500000000000000e+04
4.961000000000000000e+04
2.527400000000000000e+04
1.414900000000000000e+04
1.608100000000000000e+04
1.650200000000000000e+04
2.508800000000000000e+04
3.987100000000000000e+04
6.652300000000000000e+04
1.328360000000000000e+05
1.392930000000000000e+05
7.140000000000000000e+04
3.461300000000000000e+04
1.907400000000000000e+04
1.944100000000000000e+04
2.457800000000000000e+04
4.342200000000000000e+04
6.517400000000000000e+04
1.046760000000000000e+05
1.564490000000000000e+05
1.123000000000000000e+05
4.851100000000000000e+04
2.682200000000000000e+04
1.780300000000000000e+04
2.181600000000000000e+04
3.214100000000000000e+04
5.799700000000000000e+04
8.491100000000000000e+04
1.310110000000000000e+05
1.334760000000000000e+05
6.592700000000000000e+04
3.011800000000000000e+04
1.933700000000000000e+04
1.808400000000000000e+04
2.710200000000000000e+04
4.134200000000000000e+04
6.085800000000000000e+04
9.350000000000000000e+04
1.249830000000000000e+05
8.453000000000000000e+04
3.284500000000000000e+04
2.036700000000000000e+04
1.805300000000000000e+04
2.889000000000000000e+04
4.404300000000000000e+04
5.926300000000000000e+04
8.102000000000000000e+04
1.148970000000000000e+05
1.150780000000000000e+05
5.866100000000000000e+04
2.952800000000000000e+04
2.558800000000000000e+04
2.145400000000000000e+04
2.860000000000000000e+04
4.216900000000000000e+04
6.919100000000000000e+04
9.856000000000000000e+04
1.318100000000000000e+05
1.103790000000000000e+05
4.690200000000000000e+04
2.765000000000000000e+04
2.316000000000000000e+04
2.097600000000000000e+04
2.595400000000000000e+04
4.443800000000000000e+04
6.691600000000000000e+04
1.076970000000000000e+05
1.433500000000000000e+05
9.704700000000000000e+04
4.884300000000000000e+04
2.683600000000000000e+04
1.744400000000000000e+04
2.095600000000000000e+04
3.083000000000000000e+04
5.056700000000000000e+04
6.669600000000000000e+04
1.182600000000000000e+05
1.190200000000000000e+05
6.368700000000000000e+04
3.349900000000000000e+04
1.716500000000000000e+04
1.663600000000000000e+04
1.979900000000000000e+04
3.179700000000000000e+04
4.517400000000000000e+04
8.136500000000000000e+04
1.228340000000000000e+05
9.140500000000000000e+04
3.966800000000000000e+04
1.927200000000000000e+04
1.220200000000000000e+04
1.233800000000000000e+04
1.296600000000000000e+04
1.497600000000000000e+04
1.667200000000000000e+04
2.768700000000000000e+04
6.295800000000000000e+04
6.287800000000000000e+04
2.845300000000000000e+04
2.101200000000000000e+04
2.157900000000000000e+04
2.427800000000000000e+04
3.650800000000000000e+04
5.625800000000000000e+04
8.019000000000000000e+04
8.495600000000000000e+04
6.482600000000000000e+04
3.393300000000000000e+04
2.491400000000000000e+04
1.905900000000000000e+04
2.207400000000000000e+04
3.036900000000000000e+04
4.096100000000000000e+04
6.245400000000000000e+04
7.338800000000000000e+04
8.590600000000000000e+04
6.248700000000000000e+04
3.100400000000000000e+04
2.119000000000000000e+04
1.656000000000000000e+04
2.251300000000000000e+04
2.585700000000000000e+04
4.321500000000000000e+04
5.062200000000000000e+04
6.750300000000000000e+04
8.229500000000000000e+04
4.608000000000000000e+04
2.383800000000000000e+04
1.923800000000000000e+04
1.853000000000000000e+04
2.739700000000000000e+04
4.114600000000000000e+04
6.177600000000000000e+04
9.253000000000000000e+04
1.135190000000000000e+05
7.762600000000000000e+04
4.285700000000000000e+04
2.557600000000000000e+04
1.746200000000000000e+04
2.316400000000000000e+04
3.335600000000000000e+04
5.458800000000000000e+04
8.053200000000000000e+04
1.299380000000000000e+05
1.205820000000000000e+05
5.873700000000000000e+04
3.189400000000000000e+04
2.042200000000000000e+04
1.948900000000000000e+04
2.699500000000000000e+04
4.298100000000000000e+04
6.906800000000000000e+04
9.365100000000000000e+04
1.049970000000000000e+05
6.818800000000000000e+04
2.977700000000000000e+04
2.086300000000000000e+04
1.809000000000000000e+04
2.369800000000000000e+04
2.986500000000000000e+04
4.112400000000000000e+04
6.084000000000000000e+04
6.961600000000000000e+04
6.159000000000000000e+04
3.815300000000000000e+04
2.441700000000000000e+04
2.042200000000000000e+04
1.864700000000000000e+04
2.753800000000000000e+04
2.974100000000000000e+04
4.899500000000000000e+04
5.703600000000000000e+04
5.146800000000000000e+04
5.085700000000000000e+04
3.365700000000000000e+04
2.375300000000000000e+04
1.749300000000000000e+04
2.086100000000000000e+04
2.356800000000000000e+04
3.000200000000000000e+04
4.397600000000000000e+04
3.663900000000000000e+04
4.256100000000000000e+04
4.331300000000000000e+04
2.529600000000000000e+04
1.723500000000000000e+04
1.325500000000000000e+04
1.115200000000000000e+04
1.074200000000000000e+04
1.278300000000000000e+04
2.278600000000000000e+04
4.309400000000000000e+04
5.773600000000000000e+04
4.513400000000000000e+04
2.229400000000000000e+04
1.825700000000000000e+04
2.240800000000000000e+04
2.607900000000000000e+04
3.945200000000000000e+04
5.406000000000000000e+04
6.336200000000000000e+04
5.944700000000000000e+04
4.047100000000000000e+04
2.514300000000000000e+04
1.924300000000000000e+04
1.532900000000000000e+04
1.800200000000000000e+04
2.361700000000000000e+04
3.789300000000000000e+04
5.379800000000000000e+04
6.094800000000000000e+04
5.908100000000000000e+04
3.764000000000000000e+04
2.378900000000000000e+04
2.043100000000000000e+04
1.687600000000000000e+04
2.183400000000000000e+04
2.704500000000000000e+04
4.597000000000000000e+04
5.537400000000000000e+04
5.215600000000000000e+04
4.745300000000000000e+04
2.923800000000000000e+04
2.248700000000000000e+04
1.684800000000000000e+04
2.010900000000000000e+04
2.521900000000000000e+04
3.579200000000000000e+04
5.560900000000000000e+04
5.190900000000000000e+04
5.542900000000000000e+04
4.537000000000000000e+04
2.650900000000000000e+04
2.225800000000000000e+04
1.526100000000000000e+04
1.845400000000000000e+04
2.129100000000000000e+04
3.496100000000000000e+04
3.808900000000000000e+04
3.830800000000000000e+04
5.539100000000000000e+04
3.886800000000000000e+04
2.441600000000000000e+04
1.997700000000000000e+04
1.650400000000000000e+04
2.124000000000000000e+04
2.734000000000000000e+04
4.120100000000000000e+04
3.848600000000000000e+04
3.827300000000000000e+04
3.505600000000000000e+04
2.064600000000000000e+04
2.330100000000000000e+04
1.957900000000000000e+04
2.436000000000000000e+04
3.611800000000000000e+04
5.662100000000000000e+04
8.121400000000000000e+04
8.458500000000000000e+04
6.032300000000000000e+04
2.920600000000000000e+04
2.499200000000000000e+04
2.125100000000000000e+04
2.018600000000000000e+04
2.788700000000000000e+04
4.106000000000000000e+04
6.157800000000000000e+04
7.677100000000000000e+04
7.427900000000000000e+04
4.252300000000000000e+04
2.488200000000000000e+04
2.129800000000000000e+04
1.984600000000000000e+04
2.596900000000000000e+04
3.159800000000000000e+04
4.748700000000000000e+04
6.502000000000000000e+04
7.801500000000000000e+04
6.410200000000000000e+04
3.227200000000000000e+04
1.866000000000000000e+04
1.420900000000000000e+04
1.124500000000000000e+04
1.108500000000000000e+04
1.041600000000000000e+04
1.115000000000000000e+04
1.984400000000000000e+04
4.355700000000000000e+04
5.075400000000000000e+04
2.561100000000000000e+04
1.737800000000000000e+04
1.988600000000000000e+04
1.899400000000000000e+04
2.364600000000000000e+04
3.396900000000000000e+04
4.559700000000000000e+04
4.345600000000000000e+04
3.609200000000000000e+04
2.500500000000000000e+04
2.172300000000000000e+04
1.891400000000000000e+04
1.536100000000000000e+04
2.244200000000000000e+04
2.761300000000000000e+04
4.191200000000000000e+04
4.929100000000000000e+04
4.727100000000000000e+04
4.053700000000000000e+04
2.614300000000000000e+04
2.264700000000000000e+04
1.683600000000000000e+04
1.579500000000000000e+04
2.097200000000000000e+04
2.897700000000000000e+04
4.309300000000000000e+04
4.307800000000000000e+04
3.725600000000000000e+04
2.618400000000000000e+04
1.887400000000000000e+04
1.699600000000000000e+04
1.386200000000000000e+04
1.913500000000000000e+04
2.550500000000000000e+04
3.584100000000000000e+04
5.252100000000000000e+04
6.599800000000000000e+04
5.833000000000000000e+04
4.032600000000000000e+04
2.324700000000000000e+04
1.396800000000000000e+04
1.736000000000000000e+04
1.859000000000000000e+04
2.522200000000000000e+04
3.926200000000000000e+04
5.527600000000000000e+04
7.276300000000000000e+04
6.244800000000000000e+04
3.309000000000000000e+04
1.569100000000000000e+04
1.187500000000000000e+04
1.361700000000000000e+04
1.469500000000000000e+04
2.297400000000000000e+04
3.730800000000000000e+04
5.854900000000000000e+04
6.631400000000000000e+04
4.550600000000000000e+04
2.363300000000000000e+04
1.352100000000000000e+04
1.316200000000000000e+04
1.501300000000000000e+04
1.888900000000000000e+04
3.000500000000000000e+04
3.637700000000000000e+04
4.375400000000000000e+04
4.242000000000000000e+04
2.622200000000000000e+04
1.487000000000000000e+04
1.046700000000000000e+04
1.100900000000000000e+04
1.232400000000000000e+04
1.795100000000000000e+04
2.693700000000000000e+04
2.913600000000000000e+04
3.088600000000000000e+04
3.025600000000000000e+04
2.063300000000000000e+04
1.233100000000000000e+04
1.007100000000000000e+04
1.122100000000000000e+04
1.323400000000000000e+04
2.010900000000000000e+04
3.049300000000000000e+04
3.378900000000000000e+04
3.445800000000000000e+04
2.936200000000000000e+04
1.652500000000000000e+04
1.349500000000000000e+04
1.460300000000000000e+04
1.196700000000000000e+04
1.642200000000000000e+04
2.421200000000000000e+04
2.575900000000000000e+04
2.373400000000000000e+04
2.072600000000000000e+04
1.575900000000000000e+04
1.185700000000000000e+04
1.022100000000000000e+04
1.060000000000000000e+04
1.535300000000000000e+04
2.231900000000000000e+04
3.657100000000000000e+04
5.477700000000000000e+04
5.219900000000000000e+04
3.066200000000000000e+04
1.463700000000000000e+04
9.665000000000000000e+03
9.021000000000000000e+03
9.702000000000000000e+03
1.200400000000000000e+04
1.914100000000000000e+04
3.598000000000000000e+04
5.416500000000000000e+04
5.439600000000000000e+04
3.288700000000000000e+04
1.486800000000000000e+04
1.145400000000000000e+04
1.257600000000000000e+04
1.222700000000000000e+04
1.396800000000000000e+04
2.109300000000000000e+04
3.489200000000000000e+04
4.659900000000000000e+04
4.178400000000000000e+04
2.423000000000000000e+04
1.280000000000000000e+04
1.104700000000000000e+04
1.196800000000000000e+04
1.245600000000000000e+04
1.408300000000000000e+04
1.872800000000000000e+04
2.858100000000000000e+04
3.803500000000000000e+04
3.316400000000000000e+04
1.783000000000000000e+04
1.105800000000000000e+04
1.171300000000000000e+04
1.140700000000000000e+04
1.021700000000000000e+04
1.145900000000000000e+04
1.545400000000000000e+04
2.049800000000000000e+04
2.415900000000000000e+04
2.175900000000000000e+04
1.412400000000000000e+04
1.105700000000000000e+04
1.308700000000000000e+04
1.345700000000000000e+04
1.194500000000000000e+04
1.185900000000000000e+04
1.285600000000000000e+04
1.590900000000000000e+04
2.081900000000000000e+04
2.124000000000000000e+04
1.438500000000000000e+04
1.208400000000000000e+04
1.659900000000000000e+04
1.846100000000000000e+04
2.093700000000000000e+04
2.985700000000000000e+04
3.684400000000000000e+04
3.317500000000000000e+04
2.276800000000000000e+04
1.348800000000000000e+04
1.029000000000000000e+04
1.201500000000000000e+04
1.442600000000000000e+04
1.653000000000000000e+04
2.425600000000000000e+04
3.680200000000000000e+04
3.827400000000000000e+04
2.723900000000000000e+04
1.573900000000000000e+04
1.022300000000000000e+04
9.621000000000000000e+03
1.070800000000000000e+04
1.396200000000000000e+04
1.868500000000000000e+04
2.383200000000000000e+04
3.219600000000000000e+04
3.492000000000000000e+04
2.462300000000000000e+04
1.486900000000000000e+04
1.565400000000000000e+04
1.558100000000000000e+04
1.403000000000000000e+04
2.142700000000000000e+04
2.792100000000000000e+04
2.452300000000000000e+04
1.955500000000000000e+04
1.640600000000000000e+04
1.394000000000000000e+04
1.257600000000000000e+04
1.068500000000000000e+04
9.957000000000000000e+03
1.118000000000000000e+04
1.163800000000000000e+04
1.627300000000000000e+04
2.833100000000000000e+04
3.438100000000000000e+04
2.700500000000000000e+04
1.799200000000000000e+04
1.361700000000000000e+04
1.168800000000000000e+04
1.285600000000000000e+04
1.407000000000000000e+04
1.250700000000000000e+04
1.507000000000000000e+04
2.034000000000000000e+04
2.117400000000000000e+04
1.686500000000000000e+04
1.230100000000000000e+04
1.029400000000000000e+04
1.024200000000000000e+04
1.018800000000000000e+04
9.814000000000000000e+03
1.073200000000000000e+04
1.464000000000000000e+04
2.164400000000000000e+04
2.435700000000000000e+04
1.829200000000000000e+04
1.147400000000000000e+04
1.158700000000000000e+04
1.367500000000000000e+04
1.441400000000000000e+04
1.738600000000000000e+04
2.667200000000000000e+04
3.722300000000000000e+04
3.583700000000000000e+04
2.219200000000000000e+04
1.242300000000000000e+04
1.079700000000000000e+04
1.205800000000000000e+04
1.286000000000000000e+04
1.372500000000000000e+04
1.637500000000000000e+04
2.053400000000000000e+04
2.268300000000000000e+04
1.932200000000000000e+04
1.426600000000000000e+04
1.080100000000000000e+04
1.184300000000000000e+04
1.451900000000000000e+04
1.560400000000000000e+04
1.578400000000000000e+04
1.740400000000000000e+04
2.005200000000000000e+04
2.131900000000000000e+04
1.933300000000000000e+04
1.414500000000000000e+04
1.095200000000000000e+04
1.216100000000000000e+04
1.478700000000000000e+04
1.682000000000000000e+04
1.989900000000000000e+04
2.320000000000000000e+04
2.371100000000000000e+04
2.008300000000000000e+04
1.403600000000000000e+04
1.003900000000000000e+04
9.871000000000000000e+03
1.189900000000000000e+04
1.347200000000000000e+04
1.497700000000000000e+04
1.885800000000000000e+04
2.450000000000000000e+04
2.606800000000000000e+04
2.080000000000000000e+04
1.329200000000000000e+04
9.714000000000000000e+03
1.047700000000000000e+04
1.145600000000000000e+04
1.070300000000000000e+04
1.173300000000000000e+04
1.901600000000000000e+04
3.016600000000000000e+04
3.164500000000000000e+04
2.029400000000000000e+04
1.183700000000000000e+04
1.138700000000000000e+04
1.186900000000000000e+04
1.331100000000000000e+04
2.310000000000000000e+04
3.269600000000000000e+04
3.221900000000000000e+04
2.162800000000000000e+04
1.302400000000000000e+04
1.048800000000000000e+04
1.148200000000000000e+04
1.283900000000000000e+04
1.389500000000000000e+04
1.748200000000000000e+04
2.370200000000000000e+04
2.794000000000000000e+04
2.590800000000000000e+04
1.967000000000000000e+04
1.379300000000000000e+04
9.925000000000000000e+03
9.802000000000000000e+03
1.245600000000000000e+04
1.487700000000000000e+04
1.550100000000000000e+04
1.751200000000000000e+04
2.151800000000000000e+04
2.290700000000000000e+04
1.887900000000000000e+04
1.329400000000000000e+04
1.010200000000000000e+04
9.951000000000000000e+03
1.040100000000000000e+04
1.052200000000000000e+04
1.087400000000000000e+04
1.311300000000000000e+04
1.760000000000000000e+04
1.961200000000000000e+04
1.592500000000000000e+04
1.124300000000000000e+04
9.870000000000000000e+03
1.114400000000000000e+04
1.267900000000000000e+04
1.329900000000000000e+04
1.458600000000000000e+04
1.660500000000000000e+04
1.786400000000000000e+04
1.761000000000000000e+04
1.474300000000000000e+04
1.108300000000000000e+04
1.087300000000000000e+04
1.406400000000000000e+04
1.623500000000000000e+04
1.674300000000000000e+04
1.975000000000000000e+04
2.565400000000000000e+04
2.827500000000000000e+04
2.179800000000000000e+04
1.313200000000000000e+04
1.025800000000000000e+04
1.081700000000000000e+04
1.014000000000000000e+04
9.549000000000000000e+03
1.211100000000000000e+04
1.745000000000000000e+04
2.187900000000000000e+04
2.129900000000000000e+04
1.691200000000000000e+04
1.177500000000000000e+04
9.299000000000000000e+03
9.926000000000000000e+03
1.125700000000000000e+04
