1.673086000000000640e+05
2.355658000000000175e+05
2.200599000000000233e+05
1.344435000000000000e+05
5.719999999999997817e+04
3.677959999999999127e+04
5.219190000000000873e+04
6.026550000000000728e+04
6.335270000000002619e+04
9.339599999999995634e+04
1.467282000000000116e+05
1.682394000000000815e+05
1.286109999999999854e+05
6.522430000000000291e+04
3.412759999999999127e+04
3.744579999999998108e+04
4.393690000000001601e+04
4.850689999999997235e+04
6.414399999999997817e+04
8.668280000000003201e+04
1.009100999999999767e+05
9.941670000000005530e+04
7.957980000000000291e+04
5.133889999999997235e+04
3.501620000000000437e+04
3.799200000000000728e+04
4.890190000000001601e+04
6.491700000000001455e+04
9.245010000000007858e+04
1.104553000000000029e+05
9.335170000000002619e+04
5.821479999999996653e+04
3.490469999999998981e+04
2.788170000000000437e+04
2.702800000000001091e+04
3.120150000000001455e+04
4.999760000000002765e+04
8.171109999999997672e+04
1.064378000000000320e+05
1.040421999999999825e+05
7.455550000000000000e+04
4.438249999999995634e+04
2.824490000000000509e+04
2.167870000000000437e+04
2.133839999999999782e+04
2.325630000000000655e+04
2.964839999999999782e+04
6.373430000000002474e+04
1.400824000000000233e+05
2.107299999999999127e+05
1.947913000000000757e+05
1.206664000000000378e+05
7.305939999999997963e+04
4.948680000000000291e+04
3.612540000000000873e+04
5.797870000000001164e+04
9.683119999999995343e+04
1.397128000000000175e+05
1.850604000000000524e+05
1.665883999999999651e+05
9.471280000000004657e+04
4.830450000000001455e+04
3.191990000000000146e+04
3.039009999999999854e+04
5.117579999999999563e+04
7.873980000000009022e+04
1.260313000000000320e+05
1.986321999999999825e+05
2.125702999999998428e+05
1.325200000000000291e+05
5.488580000000001746e+04
2.861960000000000218e+04
2.545459999999998763e+04
3.130250000000001091e+04
4.985529999999999563e+04
8.331169999999996799e+04
1.377333999999999651e+05
1.862662999999999593e+05
1.612508000000000175e+05
8.306570000000001164e+04
3.563419999999998981e+04
2.485899999999999636e+04
2.739779999999999563e+04
3.482100000000000728e+04
5.492700000000000000e+04
1.095911000000000349e+05
1.549115000000000291e+05
1.437268000000001048e+05
9.917869999999999709e+04
5.474510000000000582e+04
3.158770000000001164e+04
2.925779999999999927e+04
3.472099999999998545e+04
4.292639999999998690e+04
8.074090000000002328e+04
1.424075000000000582e+05
1.503184999999999418e+05
1.106838000000000320e+05
8.364409999999997672e+04
5.104379999999999563e+04
3.295640000000001601e+04
4.033940000000000146e+04
4.654730000000000291e+04
6.806559999999999127e+04
1.168305000000000437e+05
1.468441999999999243e+05
1.076443999999999796e+05
8.176639999999999418e+04
8.504819999999996799e+04
4.933259999999999127e+04
4.959780000000001019e+04
5.347429999999999563e+04
5.769639999999998690e+04
1.215137000000000407e+05
2.056704999999998836e+05
3.423857000000001863e+05
3.708792999999999884e+05
1.879625000000000582e+05
6.474689999999998690e+04
5.629240000000002328e+04
4.665320000000001164e+04
5.127990000000001601e+04
9.747259999999999127e+04
1.950774000000000233e+05
3.151087000000000116e+05
3.906251999999998370e+05
2.923215999999998021e+05
1.105753000000000175e+05
5.691329999999997381e+04
4.858319999999998254e+04
4.548529999999999563e+04
7.143479999999995925e+04
1.124612000000000553e+05
2.044711000000001513e+05
2.974527000000001281e+05
2.901197000000000116e+05
1.644197999999999884e+05
5.833690000000000873e+04
4.172720000000000437e+04
3.963890000000000146e+04
5.161669999999997526e+04
5.593440000000000146e+04
5.584729999999999563e+04
7.273110000000000582e+04
1.411850000000000000e+05
2.912406000000001513e+05
3.078643000000001048e+05
1.488236999999999534e+05
6.474039999999997235e+04
6.867029999999997381e+04
5.864750000000000000e+04
7.406550000000000000e+04
1.373021999999999534e+05
1.541491000000000349e+05
1.275319999999999854e+05
1.200311999999999971e+05
8.766210000000000582e+04
5.397620000000001164e+04
4.930319999999998981e+04
6.120290000000002328e+04
7.644670000000001164e+04
1.179045000000000291e+05
1.764916000000000931e+05
1.513464999999999709e+05
1.096264999999999709e+05
8.726059999999999127e+04
4.581590000000000873e+04
3.662499999999999272e+04
3.958539999999999418e+04
4.063490000000000146e+04
5.163179999999998836e+04
8.630959999999999127e+04
1.181885999999999913e+05
1.083053000000000029e+05
1.157504999999999854e+05
9.545620000000001164e+04
5.106890000000000146e+04
4.937709999999997672e+04
4.539839999999998690e+04
4.983790000000002328e+04
7.761769999999999709e+04
1.382274999999999418e+05
1.642596999999999534e+05
1.219534999999999709e+05
1.062490999999999622e+05
7.173800000000001455e+04
4.112690000000000873e+04
4.870810000000003492e+04
4.779940000000001601e+04
7.446789999999996508e+04
1.275037999999999884e+05
1.590827999999999884e+05
1.169491999999999825e+05
8.728379999999997381e+04
8.762480000000000291e+04
4.760929999999998836e+04
3.981369999999998981e+04
3.997729999999998836e+04
3.979209999999999127e+04
6.190249999999997817e+04
8.373300000000001455e+04
9.082600000000000000e+04
6.564649999999997090e+04
9.188079999999997381e+04
9.397250000000004366e+04
5.054880000000002474e+04
5.707409999999998399e+04
4.660750000000000728e+04
4.395260000000001310e+04
6.280419999999999709e+04
6.689310000000000582e+04
5.421129999999999563e+04
6.787740000000000873e+04
1.259511999999999825e+05
9.439509999999996217e+04
6.385459999999999127e+04
6.691769999999998254e+04
4.322159999999999127e+04
6.013350000000002183e+04
6.305329999999999563e+04
5.589049999999998545e+04
5.134140000000000873e+04
1.012757999999999738e+05
1.334230000000000582e+05
7.688039999999997963e+04
7.783459999999999127e+04
5.879940000000002328e+04
4.476529999999998836e+04
6.103509999999998399e+04
4.516079999999999563e+04
3.909900000000000000e+04
7.113639999999996508e+04
1.497207999999999884e+05
1.556369999999999709e+05
1.056908999999999796e+05
9.933329999999993015e+04
8.624309999999997672e+04
5.782949999999999272e+04
1.155827000000000116e+05
2.200302000000001281e+05
2.046710000000000582e+05
1.335157999999999884e+05
1.150786000000000204e+05
7.393539999999997963e+04
4.514100000000000000e+04
5.507600000000000728e+04
5.368740000000000873e+04
9.142769999999999709e+04
1.490461000000000640e+05
1.828949999999999709e+05
1.399087000000000116e+05
1.061474999999999854e+05
8.849299999999995634e+04
5.445820000000000437e+04
7.576890000000005239e+04
5.421169999999999709e+04
8.631779999999997381e+04
1.120558999999999796e+05
1.337217000000000116e+05
1.454511999999999825e+05
9.464290000000002328e+04
1.243238999999999651e+05
8.749370000000002619e+04
8.517669999999999709e+04
8.549680000000003201e+04
5.869600000000000000e+04
9.475190000000000873e+04
8.940729999999997381e+04
1.237329999999999709e+05
9.791220000000005530e+04
1.370921999999999825e+05
1.862465999999999767e+05
1.085349999999999709e+05
1.091746000000000204e+05
7.306019999999999709e+04
8.042240000000005239e+04
9.020190000000005239e+04
6.839879999999998836e+04
7.978410000000000582e+04
8.045939999999996508e+04
1.825328999999999942e+05
1.610563000000000175e+05
1.209566999999999680e+05
1.171638999999999942e+05
6.974039999999999418e+04
8.878449999999998545e+04
5.796109999999999127e+04
6.004269999999999709e+04
6.471660000000002037e+04
1.390244999999999418e+05
2.269697000000000116e+05
1.471994000000000233e+05
1.243256000000000058e+05
8.648980000000000291e+04
6.921569999999998254e+04
7.674489999999999418e+04
4.856030000000001746e+04
5.996690000000001601e+04
1.081540000000000291e+05
2.646404000000000233e+05
2.416973000000000175e+05
1.544598999999999942e+05
1.360019000000000233e+05
7.438010000000002037e+04
9.956340000000003783e+04
7.855319999999999709e+04
1.113597000000000262e+05
1.034079999999999854e+05
1.221779000000000524e+05
2.041125000000000291e+05
1.183469000000000087e+05
1.128505000000000000e+05
8.593460000000004948e+04
7.537960000000003492e+04
9.919599999999997090e+04
1.045103999999999796e+05
1.471706999999999825e+05
9.759730000000001746e+04
1.378158000000000466e+05
1.412066000000000349e+05
7.786660000000002037e+04
7.903980000000001746e+04
4.870369999999998981e+04
5.959030000000002474e+04
5.702010000000001310e+04
5.371949999999998545e+04
5.215619999999998254e+04
7.049429999999998836e+04
1.272959000000000378e+05
1.062741000000000058e+05
6.900449999999998545e+04
6.535759999999999854e+04
4.960439999999997963e+04
6.940230000000000291e+04
1.679827000000000116e+05
2.197358999999999942e+05
1.674897999999999884e+05
1.258871999999999971e+05
9.164659999999996217e+04
4.547819999999999709e+04
3.683620000000000437e+04
4.102419999999999709e+04
3.128529999999999200e+04
3.124189999999999782e+04
4.023750000000002910e+04
5.917720000000001164e+04
1.347756999999998952e+05
1.998623000000000757e+05
1.465778999999999069e+05
9.753550000000001455e+04
7.708299999999998545e+04
4.328529999999999563e+04
4.216560000000000582e+04
3.523379999999998836e+04
4.191940000000000146e+04
7.359060000000003492e+04
1.813133000000000175e+05
2.174312999999999884e+05
1.185721999999999825e+05
1.048764000000000378e+05
7.364390000000000873e+04
5.081720000000000437e+04
5.483709999999998399e+04
3.625869999999998981e+04
4.806689999999999418e+04
1.354360999999999767e+05
2.653399000000000815e+05
1.975321999999999534e+05
1.343605999999999185e+05
1.220697999999999738e+05
6.956609999999997672e+04
8.939340000000000873e+04
8.437350000000002910e+04
1.515857999999999884e+05
1.579881000000000640e+05
8.049739999999997963e+04
7.310169999999998254e+04
5.137490000000000146e+04
6.642870000000001164e+04
5.774589999999999418e+04
6.695570000000001164e+04
9.520219999999998254e+04
1.476033000000000175e+05
2.193113999999999942e+05
1.538092999999999884e+05
9.617550000000001455e+04
6.581489999999999418e+04
4.455019999999998254e+04
5.361039999999997235e+04
3.745189999999998690e+04
5.443500000000001455e+04
6.961809999999999127e+04
1.087978000000000175e+05
1.338165000000000000e+05
9.882980000000001746e+04
7.863009999999994761e+04
4.803000000000000000e+04
4.563719999999998981e+04
4.236729999999998108e+04
4.029929999999998836e+04
5.397730000000001019e+04
6.020600000000001455e+04
9.493109999999996217e+04
8.670550000000002910e+04
8.791170000000004075e+04
8.711340000000000873e+04
5.496239999999997963e+04
5.596830000000000291e+04
4.312030000000000291e+04
5.247660000000001310e+04
5.273249999999998545e+04
5.948039999999997963e+04
7.028539999999999418e+04
5.175859999999999854e+04
7.656910000000000582e+04
6.655930000000003201e+04
5.150290000000001601e+04
4.603919999999997526e+04
3.567950000000000728e+04
4.085480000000001019e+04
3.293500000000000000e+04
4.229930000000000291e+04
3.755919999999998981e+04
5.518579999999999563e+04
7.229219999999998254e+04
4.794980000000000291e+04
4.066060000000000582e+04
3.270269999999999709e+04
2.531180000000000655e+04
2.988850000000001091e+04
4.136350000000000000e+04
5.882590000000000146e+04
7.424799999999998545e+04
6.362880000000001746e+04
3.630709999999999854e+04
2.468329999999999563e+04
2.480450000000001091e+04
2.491230000000000291e+04
3.063570000000000073e+04
4.801020000000001892e+04
6.095510000000000582e+04
6.655379999999997381e+04
5.177800000000002183e+04
2.892480000000001382e+04
2.162750000000000000e+04
2.157540000000000873e+04
2.277070000000000437e+04
2.625480000000000291e+04
3.361699999999999272e+04
4.192160000000000582e+04
6.364900000000000728e+04
5.832590000000000146e+04
4.013690000000000146e+04
2.963349999999999636e+04
2.371549999999998909e+04
2.398290000000000509e+04
2.384999999999999636e+04
3.213300000000000000e+04
3.714319999999999709e+04
4.884489999999999418e+04
5.116079999999997381e+04
3.803569999999999709e+04
3.058619999999999345e+04
2.325550000000000000e+04
2.413179999999999200e+04
2.340610000000000218e+04
2.474950000000001091e+04
3.021369999999999345e+04
3.644000000000000728e+04
4.726279999999999563e+04
4.061919999999998981e+04
3.481559999999997672e+04
3.112629999999999200e+04
2.518420000000000073e+04
2.659290000000000873e+04
2.351709999999999491e+04
2.889369999999999345e+04
3.254179999999999927e+04
4.267370000000001892e+04
4.714430000000000291e+04
3.411839999999999418e+04
3.097920000000000073e+04
2.794980000000000655e+04
2.500610000000000218e+04
2.527080000000000655e+04
2.401860000000000582e+04
2.817779999999999200e+04
2.805019999999999345e+04
3.478290000000000146e+04
3.186930000000001382e+04
3.194940000000000509e+04
3.900270000000003347e+04
3.090679999999999927e+04
3.320909999999999854e+04
2.877010000000001310e+04
3.726350000000002183e+04
5.080420000000001164e+04
7.276889999999997963e+04
1.120262999999999884e+05
9.364119999999998254e+04
5.009700000000002910e+04
2.797750000000000728e+04
2.761869999999999709e+04
2.640179999999999200e+04
3.482709999999999127e+04
4.991180000000000291e+04
6.519570000000001892e+04
9.541679999999994470e+04
1.097882000000000553e+05
7.466300000000001455e+04
3.588929999999999563e+04
2.645740000000000146e+04
3.089739999999999782e+04
2.866579999999999927e+04
3.633609999999999854e+04
5.519569999999998254e+04
8.855409999999994761e+04
1.366425999999999767e+05
1.149631000000000349e+05
6.300379999999999563e+04
3.533089999999999418e+04
2.885000000000000364e+04
3.154599999999999272e+04
2.826679999999998836e+04
3.444310000000000582e+04
3.546240000000001601e+04
3.947210000000001310e+04
6.577600000000000000e+04
1.026227999999999447e+05
8.495889999999999418e+04
4.144049999999999272e+04
3.215380000000001019e+04
3.215490000000000146e+04
3.172590000000000509e+04
5.114790000000000146e+04
6.794339999999999418e+04
9.009409999999997672e+04
8.399759999999999127e+04
5.725410000000002037e+04
4.675049999999999272e+04
3.572059999999999854e+04
4.451849999999997817e+04
3.630060000000002765e+04
5.882169999999996799e+04
6.832619999999998254e+04
9.717359999999997672e+04
1.193106999999999825e+05
7.784590000000000873e+04
7.580919999999999709e+04
5.019430000000001019e+04
4.571799999999998545e+04
4.215939999999999418e+04
4.279539999999999418e+04
6.571489999999999418e+04
7.406349999999998545e+04
1.148214999999999563e+05
9.996480000000003201e+04
7.143720000000004075e+04
6.195369999999998254e+04
4.006939999999998690e+04
4.535990000000001601e+04
3.662259999999998399e+04
5.506799999999999272e+04
6.582449999999998545e+04
1.026240999999999913e+05
1.442520999999999767e+05
1.027393999999999796e+05
6.478790000000003056e+04
3.763610000000001310e+04
3.627830000000001019e+04
3.678790000000000146e+04
3.485939999999998690e+04
5.454970000000000437e+04
8.985149999999998545e+04
1.653373999999999069e+05
1.869526000000000058e+05
1.181409000000000524e+05
6.253300000000000728e+04
3.702159999999999127e+04
4.464649999999998545e+04
4.068350000000000000e+04
4.796109999999999127e+04
7.415900000000004366e+04
1.233813000000000175e+05
1.931657999999999302e+05
1.477122999999999884e+05
8.564010000000002037e+04
4.804770000000001164e+04
3.790429999999999563e+04
4.127090000000001601e+04
3.558830000000001019e+04
5.777780000000000291e+04
8.101350000000004366e+04
1.326407000000000407e+05
1.489418000000000466e+05
1.020215999999999622e+05
7.029290000000000873e+04
4.213510000000002037e+04
4.647279999999998836e+04
3.941859999999998399e+04
4.527659999999999854e+04
6.075040000000000146e+04
7.261439999999999418e+04
1.034136999999999680e+05
7.838619999999998254e+04
8.299510000000002037e+04
8.118480000000000291e+04
5.437220000000000437e+04
5.256900000000000000e+04
3.816919999999998981e+04
4.459070000000000437e+04
4.428059999999996944e+04
5.549980000000003201e+04
6.463309999999999854e+04
5.071159999999996944e+04
8.881669999999996799e+04
7.927060000000002037e+04
5.527800000000000000e+04
5.162079999999997381e+04
3.214880000000000291e+04
3.457869999999999709e+04
3.727069999999999709e+04
4.962930000000001746e+04
8.972699999999998545e+04
1.067951000000000058e+05
6.492340000000001601e+04
3.253940000000000146e+04
3.080520000000000073e+04
3.564430000000001746e+04
3.996929999999999563e+04
7.616019999999995343e+04
1.192584999999999854e+05
1.863400000000000873e+05
1.849997000000000698e+05
9.259670000000001164e+04
3.983690000000000146e+04
3.701370000000000437e+04
3.342179999999999563e+04
3.735029999999999563e+04
5.698329999999997381e+04
9.033470000000001164e+04
1.645071000000000058e+05
1.810906999999999243e+05
1.309255999999999767e+05
6.327909999999998399e+04
4.012029999999999563e+04
4.049999999999997817e+04
3.542130000000002474e+04
5.472510000000004948e+04
8.193310000000002037e+04
1.357466000000000058e+05
1.984954000000001106e+05
1.652289999999999418e+05
8.755760000000003492e+04
4.023130000000000291e+04
3.924979999999999563e+04
4.121119999999998981e+04
4.047839999999997963e+04
7.085120000000001164e+04
9.766229999999998836e+04
1.602106999999999825e+05
1.761253000000000466e+05
1.126876999999999680e+05
6.088330000000000291e+04
3.410600000000000000e+04
3.744829999999999563e+04
3.260929999999998472e+04
4.395440000000000146e+04
6.074269999999997526e+04
8.157319999999999709e+04
1.251946000000000349e+05
1.074039999999999709e+05
7.630810000000000582e+04
5.460679999999998836e+04
3.589679999999999563e+04
3.572850000000000000e+04
3.277080000000001019e+04
5.628829999999999563e+04
7.468329999999997381e+04
1.108238999999999942e+05
1.405589999999999418e+05
1.044026999999999971e+05
7.402179999999998836e+04
4.586449999999999272e+04
4.650409999999998399e+04
4.614759999999999854e+04
5.091359999999999854e+04
8.316250000000002910e+04
1.065521999999999534e+05
1.888163000000000175e+05
1.986000000000000291e+05
1.294241999999999680e+05
5.551740000000001601e+04
3.736749999999999272e+04
3.320659999999999854e+04
3.436960000000000582e+04
5.391350000000000000e+04
7.207050000000000000e+04
1.227193999999999651e+05
1.861038000000000175e+05
1.727234000000000815e+05
9.949540000000002328e+04
4.728810000000001310e+04
4.247840000000000146e+04
3.231900000000000364e+04
4.074329999999998108e+04
5.800610000000000582e+04
9.496719999999999709e+04
1.663231000000000058e+05
2.150726999999999534e+05
1.769394999999998836e+05
8.986969999999998254e+04
4.517710000000001310e+04
4.531850000000002910e+04
3.440170000000000437e+04
3.342100000000000000e+04
3.523009999999999127e+04
3.169750000000000364e+04
4.450850000000000728e+04
7.603389999999997963e+04
7.641989999999999418e+04
4.230310000000000582e+04
2.955099999999998545e+04
3.806269999999999709e+04
3.680549999999999272e+04
4.720760000000002765e+04
7.313670000000001164e+04
1.087586999999999680e+05
1.441564999999999418e+05
9.854819999999995343e+04
6.184380000000001019e+04
3.855429999999998836e+04
4.356110000000001310e+04
3.903670000000000437e+04
5.849749999999998545e+04
8.859229999999998836e+04
1.218691000000000349e+05
1.834734000000000524e+05
1.545172999999999884e+05
9.163700000000002910e+04
5.010910000000000582e+04
3.883929999999998836e+04
4.654969999999998254e+04
3.973940000000000146e+04
6.926439999999999418e+04
8.726989999999999418e+04
1.309447000000000407e+05
1.524877000000000407e+05
1.036732999999999884e+05
7.677920000000001164e+04
4.677569999999998254e+04
4.000989999999998690e+04
3.510270000000001164e+04
4.616720000000000437e+04
5.949010000000001310e+04
7.959369999999996799e+04
1.421924000000000233e+05
1.853817000000000116e+05
1.931156000000000058e+05
1.204741999999999971e+05
7.451689999999999418e+04
4.782459999999999127e+04
4.350639999999999418e+04
4.838259999999999854e+04
5.998279999999999563e+04
1.129586000000000058e+05
1.714637999999999884e+05
2.364494999999999127e+05
1.972381000000000349e+05
1.090054000000000087e+05
7.468820000000001164e+04
4.129359999999997672e+04
4.778239999999998690e+04
4.766609999999999854e+04
8.365650000000000000e+04
1.402610000000000873e+05
1.969703999999999069e+05
2.111753999999999069e+05
1.206572000000000262e+05
7.309469999999995343e+04
5.042659999999999127e+04
3.357569999999998981e+04
4.475320000000001892e+04
6.211500000000000728e+04
1.286406999999999825e+05
1.887809999999999709e+05
2.224337000000000698e+05
1.688593999999999069e+05
8.043579999999998836e+04
5.948330000000001746e+04
3.878230000000001019e+04
4.288570000000000437e+04
6.719010000000000582e+04
1.088233000000000029e+05
1.960923000000000175e+05
2.448897999999999884e+05
2.037574000000000233e+05
1.046821999999999971e+05
5.673109999999999854e+04
4.816439999999997963e+04
3.505429999999998836e+04
5.577179999999997381e+04
7.019569999999999709e+04
1.022340999999999913e+05
1.478256000000000058e+05
1.463559000000000524e+05
9.925960000000003492e+04
5.369490000000000873e+04
3.899159999999999127e+04
3.603509999999999127e+04
2.776890000000001601e+04
3.583089999999999418e+04
3.352490000000000873e+04
3.854459999999999127e+04
3.737859999999998399e+04
5.631210000000000582e+04
8.603029999999998836e+04
6.149029999999999563e+04
4.083019999999998254e+04
4.227270000000000437e+04
4.001600000000000728e+04
6.660890000000002328e+04
1.028569999999999854e+05
1.789855999999999476e+05
2.383215000000000582e+05
2.170928999999998778e+05
1.232655000000000291e+05
7.385470000000002619e+04
5.031369999999999709e+04
4.182979999999999563e+04
5.840959999999998399e+04
6.734379999999997381e+04
1.205857000000000262e+05
1.683806000000000058e+05
1.991066999999999534e+05
1.431881000000000058e+05
7.007699999999998545e+04
5.576379999999998836e+04
3.745830000000001019e+04
5.216050000000000000e+04
6.638680000000001746e+04
9.626600000000002910e+04
1.570416999999999534e+05
1.988861000000000349e+05
1.800308000000000175e+05
9.322319999999996799e+04
5.345810000000002765e+04
4.529349999999998545e+04
3.729110000000000582e+04
5.786269999999998254e+04
7.445839999999999418e+04
1.136379999999999854e+05
1.691901000000000349e+05
1.709321999999999825e+05
1.122537999999999738e+05
5.348020000000001892e+04
4.613759999999999854e+04
4.562010000000001310e+04
3.631820000000000437e+04
5.649650000000000000e+04
6.974979999999997381e+04
1.159881000000000495e+05
1.450335000000000000e+05
1.090198999999999796e+05
6.819239999999999418e+04
4.237640000000001601e+04
4.508319999999996799e+04
3.520350000000000000e+04
3.647040000000000873e+04
5.155050000000001455e+04
7.657240000000002328e+04
1.242687000000000116e+05
1.168238000000000029e+05
7.723569999999995343e+04
4.992570000000001892e+04
4.166680000000000291e+04
5.231449999999998545e+04
3.935950000000000728e+04
5.908369999999998981e+04
7.912330000000000291e+04
1.260749000000000087e+05
1.787220000000000291e+05
1.798101999999999825e+05
1.316255000000000000e+05
8.705350000000005821e+04
7.586500000000001455e+04
4.317130000000001019e+04
4.642819999999998254e+04
5.797579999999998108e+04
1.030631999999999971e+05
1.479062999999999884e+05
1.729023999999999942e+05
1.687727999999999884e+05
1.036402999999999738e+05
7.394629999999997381e+04
5.149750000000002183e+04
3.917170000000001164e+04
5.209020000000000437e+04
6.581980000000001746e+04
1.176191000000000349e+05
1.649313000000000175e+05
1.861167000000000407e+05
1.356477000000000116e+05
6.534849999999999272e+04
5.173890000000001601e+04
3.501519999999998981e+04
2.848889999999999054e+04
3.145190000000000146e+04
2.774850000000000364e+04
3.025779999999999563e+04
4.009229999999999563e+04
7.460969999999998254e+04
7.938209999999999127e+04
4.513300000000000000e+04
4.279699999999997090e+04
4.875119999999999709e+04
4.986170000000001164e+04
8.396310000000002037e+04
1.027671999999999825e+05
1.424476999999999825e+05
1.371636999999999825e+05
8.546959999999996217e+04
5.362740000000000146e+04
5.519899999999997090e+04
5.489120000000001164e+04
4.356619999999999709e+04
6.823690000000000873e+04
7.396810000000000582e+04
1.155523000000000029e+05
1.262947000000000116e+05
9.508480000000004657e+04
6.178259999999999854e+04
3.654719999999998981e+04
4.458940000000000146e+04
3.847550000000000728e+04
5.025919999999998254e+04
7.659959999999999127e+04
8.897079999999995925e+04
1.264202000000000116e+05
1.156828999999999796e+05
8.217160000000006403e+04
5.311619999999998981e+04
4.759440000000000146e+04
5.870210000000002037e+04
4.798009999999999854e+04
7.356910000000002037e+04
8.897219999999999709e+04
1.342320000000000000e+05
1.841157999999999884e+05
1.653228999999999360e+05
1.018940000000000000e+05
6.141449999999998545e+04
6.351440000000001601e+04
4.260140000000000146e+04
4.992030000000001019e+04
6.324560000000000582e+04
8.780689999999997963e+04
1.410297000000000116e+05
1.598723000000000466e+05
1.278600000000000000e+05
6.563969999999999709e+04
5.245220000000001164e+04
5.372129999999998836e+04
3.977260000000000582e+04
5.336230000000001019e+04
6.716760000000002037e+04
1.029280000000000437e+05
1.393113999999999942e+05
1.200668000000000029e+05
7.384840000000000873e+04
4.462700000000000000e+04
5.713060000000001310e+04
4.863480000000001019e+04
4.789670000000000437e+04
6.978370000000001164e+04
8.453229999999998836e+04
1.298919000000000233e+05
1.364725000000000291e+05
9.465639999999999418e+04
5.396780000000000291e+04
4.097829999999999563e+04
5.724230000000000291e+04
4.035379999999999563e+04
4.209880000000001019e+04
5.142159999999998399e+04
6.407090000000000146e+04
8.336419999999996799e+04
6.645859999999999127e+04
7.213989999999999418e+04
5.855399999999999272e+04
5.250619999999999709e+04
5.098289999999998690e+04
3.145400000000001091e+04
3.642240000000000146e+04
3.614339999999999418e+04
5.267100000000001455e+04
5.910979999999998836e+04
5.364730000000002474e+04
8.473170000000001164e+04
7.446119999999998254e+04
5.650480000000001746e+04
5.011519999999998981e+04
3.177029999999999927e+04
2.618330000000000291e+04
2.805979999999999200e+04
3.759700000000000728e+04
7.237339999999999418e+04
9.088060000000000582e+04
5.375670000000000437e+04
2.887379999999999563e+04
2.957859999999998763e+04
4.151959999999999127e+04
4.331199999999998545e+04
7.289200000000001455e+04
1.026141999999999680e+05
1.410109000000000233e+05
1.526836999999999825e+05
9.071480000000000291e+04
4.974300000000001455e+04
5.051960000000002765e+04
4.097770000000001892e+04
4.848330000000000291e+04
6.324949999999997090e+04
8.147699999999998545e+04
1.200850000000000291e+05
1.187354000000000233e+05
9.775319999999999709e+04
5.785870000000001892e+04
4.966180000000001746e+04
4.773629999999998108e+04
3.774669999999998981e+04
5.456690000000000146e+04
6.741669999999998254e+04
9.007189999999997963e+04
1.211427000000000262e+05
9.590429999999997381e+04
6.170680000000002474e+04
4.137879999999998836e+04
4.906789999999999418e+04
4.041700000000000728e+04
4.055159999999999127e+04
5.641699999999997817e+04
6.734910000000002037e+04
9.042539999999999418e+04
9.042780000000000291e+04
6.956480000000000291e+04
5.541159999999998399e+04
4.533380000000000291e+04
5.257830000000003201e+04
3.764839999999999418e+04
4.138609999999999854e+04
4.741189999999999418e+04
4.977909999999999854e+04
6.560869999999999709e+04
5.948719999999999709e+04
8.537859999999999127e+04
8.774839999999999418e+04
6.560459999999997672e+04
5.586100000000000728e+04
3.869030000000000291e+04
4.629389999999997963e+04
4.874739999999998690e+04
5.641970000000002619e+04
7.058029999999998836e+04
6.260320000000000437e+04
7.313380000000001746e+04
6.123329999999999563e+04
6.394390000000001601e+04
4.608259999999998399e+04
4.043550000000000728e+04
5.289629999999998108e+04
6.302259999999999854e+04
8.623220000000002619e+04
8.139629999999998836e+04
5.628850000000000728e+04
3.400490000000000146e+04
3.850170000000000437e+04
4.432249999999998545e+04
4.095790000000000873e+04
5.804009999999997672e+04
7.940740000000000873e+04
1.178432000000000262e+05
1.387762000000000407e+05
1.095385999999999622e+05
7.472740000000003783e+04
5.991909999999999854e+04
5.680379999999999563e+04
3.769100000000001455e+04
4.399259999999999854e+04
5.373439999999998690e+04
6.806559999999997672e+04
9.588880000000003201e+04
1.063588000000000320e+05
7.719730000000004657e+04
4.724250000000000728e+04
3.508529999999998836e+04
3.397849999999999272e+04
2.724759999999999127e+04
2.699670000000000800e+04
2.742769999999999709e+04
2.748639999999999054e+04
4.447900000000002183e+04
8.512579999999997381e+04
7.958000000000005821e+04
4.261450000000000728e+04
3.000550000000000728e+04
4.316430000000000291e+04
4.734419999999999709e+04
4.632920000000000437e+04
6.736940000000000873e+04
7.633830000000001746e+04
8.143189999999999418e+04
5.387129999999998836e+04
4.161200000000001455e+04
4.042599999999998545e+04
6.132099999999999272e+04
4.795439999999998690e+04
4.698960000000002765e+04
6.321089999999999418e+04
7.053589999999999418e+04
9.346060000000000582e+04
6.883859999999997672e+04
5.117750000000000000e+04
3.825009999999999127e+04
4.104360000000000582e+04
4.576000000000000000e+04
3.387459999999999854e+04
4.883059999999999127e+04
5.564910000000002765e+04
6.555649999999998545e+04
7.864479999999998836e+04
6.190519999999998254e+04
5.580689999999999418e+04
4.336200000000001455e+04
5.391880000000001746e+04
5.073759999999999854e+04
4.196540000000001601e+04
6.322100000000000000e+04
7.790129999999993015e+04
9.979870000000004075e+04
1.017941000000000058e+05
8.166379999999998836e+04
6.069560000000002765e+04
6.254190000000002328e+04
4.655070000000001892e+04
3.931100000000000000e+04
5.476869999999999709e+04
7.053559999999999127e+04
1.041647999999999884e+05
1.212643000000000320e+05
1.249659000000000087e+05
8.610250000000002910e+04
6.072549999999999272e+04
5.659149999999998545e+04
3.705489999999999418e+04
4.518040000000000146e+04
5.783240000000002328e+04
7.339710000000000582e+04
9.965410000000000582e+04
1.019807999999999884e+05
8.021530000000001746e+04
5.176159999999999127e+04
5.698460000000001310e+04
4.947549999999998545e+04
3.614400000000001455e+04
5.204940000000000873e+04
6.680930000000000291e+04
9.412309999999999127e+04
1.116501999999999825e+05
9.341430000000004657e+04
5.409840000000000146e+04
3.705799999999999272e+04
4.418259999999998399e+04
4.059850000000001455e+04
4.061849999999999272e+04
5.569340000000000146e+04
6.905380000000001746e+04
9.450240000000006694e+04
9.234159999999997672e+04
7.653700000000001455e+04
6.402520000000000437e+04
5.407060000000002765e+04
6.451520000000001164e+04
4.592750000000002910e+04
4.894650000000000728e+04
6.729600000000000000e+04
8.039260000000000582e+04
1.054346999999999825e+05
8.394300000000002910e+04
5.705119999999998981e+04
4.628170000000001164e+04
3.929359999999999127e+04
3.708220000000001892e+04
2.648200000000000000e+04
2.233020000000000073e+04
2.206339999999999782e+04
2.417110000000000582e+04
3.919469999999998981e+04
7.216050000000000000e+04
7.260740000000000873e+04
4.095480000000000291e+04
3.032580000000000291e+04
3.899420000000001164e+04
4.184030000000001019e+04
4.959710000000000582e+04
7.835889999999999418e+04
9.953299999999998545e+04
1.147816000000000058e+05
9.042980000000000291e+04
4.977790000000000873e+04
4.838259999999999854e+04
4.656000000000000728e+04
4.061319999999999709e+04
5.979019999999998981e+04
6.836190000000003783e+04
9.224550000000002910e+04
1.104078999999999942e+05
9.420099999999997090e+04
6.460109999999998399e+04
4.465059999999999854e+04
5.528130000000002474e+04
4.338959999999999127e+04
4.801759999999999854e+04
6.593220000000001164e+04
7.923280000000001746e+04
1.079608999999999942e+05
1.114830000000000291e+05
8.152269999999998254e+04
4.909209999999998399e+04
4.891559999999999127e+04
4.936050000000000728e+04
3.721720000000000437e+04
5.094810000000002037e+04
6.448879999999999563e+04
8.404720000000001164e+04
1.040854000000000087e+05
8.166490000000002328e+04
4.974779999999998108e+04
3.313219999999999709e+04
4.105349999999997817e+04
4.095110000000000582e+04
3.896280000000000291e+04
6.209970000000000437e+04
7.027590000000000873e+04
8.913099999999997090e+04
8.742890000000000873e+04
5.892499999999999272e+04
4.091679999999998836e+04
3.252600000000000728e+04
4.324969999999999709e+04
3.753499999999999272e+04
4.593509999999998399e+04
6.599980000000001746e+04
7.433370000000001164e+04
9.996639999999999418e+04
8.056650000000001455e+04
5.274399999999995634e+04
4.116730000000000291e+04
3.667580000000000291e+04
4.527789999999999418e+04
3.552570000000002619e+04
5.034770000000001892e+04
6.575109999999999127e+04
9.121880000000001746e+04
1.214168999999999942e+05
1.099282000000000407e+05
7.299139999999999418e+04
5.889969999999998981e+04
6.072560000000000582e+04
3.651510000000000582e+04
3.934319999999999709e+04
4.938670000000000437e+04
7.145830000000000291e+04
9.078269999999998254e+04
9.549120000000001164e+04
9.185239999999999418e+04
6.703400000000002910e+04
6.730100000000000000e+04
4.830900000000002183e+04
3.348300000000000728e+04
4.548840000000000146e+04
5.465229999999998836e+04
7.620960000000000582e+04
8.449320000000001164e+04
7.996409999999999127e+04
6.414830000000001019e+04
4.622609999999997672e+04
4.382269999999998981e+04
3.132210000000000582e+04
2.482990000000000146e+04
2.425459999999998399e+04
2.161400000000000000e+04
2.259270000000000800e+04
3.460400000000000000e+04
6.581980000000000291e+04
6.944910000000002037e+04
4.084550000000001455e+04
3.841200000000000728e+04
4.294469999999999709e+04
4.591640000000000873e+04
7.257840000000000873e+04
8.650189999999999418e+04
9.914509999999997672e+04
8.700999999999995634e+04
5.300720000000002619e+04
3.463090000000000873e+04
4.417799999999999272e+04
4.298089999999999418e+04
3.677029999999998108e+04
5.324079999999998108e+04
6.008580000000001019e+04
8.665449999999998545e+04
8.975729999999998836e+04
6.271459999999998399e+04
3.757840000000000873e+04
3.294429999999999563e+04
4.030730000000000291e+04
3.183319999999999345e+04
3.891759999999999854e+04
5.291509999999998399e+04
6.561919999999999709e+04
8.562610000000002037e+04
7.539749999999998545e+04
4.775639999999998690e+04
3.158259999999999491e+04
3.732300000000000728e+04
3.996139999999998690e+04
3.493510000000001310e+04
5.474180000000001746e+04
7.464800000000000000e+04
1.033951999999999971e+05
1.248300000000000437e+05
1.197261999999999534e+05
8.447429999999998836e+04
7.047479999999997381e+04
6.397520000000001164e+04
3.703119999999998981e+04
4.992739999999997235e+04
6.700519999999999709e+04
9.028630000000003201e+04
1.153653000000000175e+05
1.145743000000000175e+05
8.526129999999997381e+04
5.419479999999999563e+04
5.722839999999998690e+04
4.689259999999999854e+04
3.768979999999998836e+04
5.490730000000001746e+04
6.591130000000000291e+04
8.462999999999998545e+04
9.295110000000002037e+04
7.910739999999995052e+04
5.336269999999998981e+04
4.563560000000001310e+04
4.501809999999999127e+04
3.201790000000000509e+04
3.744070000000001164e+04
5.299369999999999709e+04
7.087070000000001164e+04
9.153339999999995052e+04
8.911339999999999418e+04
6.569860000000000582e+04
4.124800000000000000e+04
4.098359999999999854e+04
4.340349999999999272e+04
3.387400000000000728e+04
4.885660000000000582e+04
6.072400000000000000e+04
6.945379999999998836e+04
7.562849999999998545e+04
6.042399999999997090e+04
4.204300000000000000e+04
3.099160000000000218e+04
3.868840000000000873e+04
3.821470000000001164e+04
3.090410000000000582e+04
4.433540000000000146e+04
4.369379999999999563e+04
5.168769999999997526e+04
5.351039999999997235e+04
3.749290000000000873e+04
3.775950000000000000e+04
3.543819999999998981e+04
3.211089999999999418e+04
2.736940000000000509e+04
2.086599999999999636e+04
2.036869999999999709e+04
2.417030000000000655e+04
3.613219999999999709e+04
5.805120000000001892e+04
5.961760000000001310e+04
3.787929999999999563e+04
2.582120000000001528e+04
3.045930000000000291e+04
4.073269999999998981e+04
4.233850000000000000e+04
6.336839999999999418e+04
7.340140000000000873e+04
8.109100000000000000e+04
7.804360000000006403e+04
5.122870000000001164e+04
4.530530000000000291e+04
4.755339999999999418e+04
3.456309999999999854e+04
4.422550000000000728e+04
5.714860000000001310e+04
7.500919999999999709e+04
9.410350000000001455e+04
9.132069999999999709e+04
7.800749999999997090e+04
5.817700000000000000e+04
6.281140000000000873e+04
4.779959999999998399e+04
3.325209999999999127e+04
4.497579999999998836e+04
5.707109999999999854e+04
6.976730000000003201e+04
7.373210000000000582e+04
6.447179999999998836e+04
4.341490000000000873e+04
3.724860000000001310e+04
4.505369999999999709e+04
3.564809999999999854e+04
3.700529999999999563e+04
5.294139999999999418e+04
5.950990000000004511e+04
7.548910000000000582e+04
7.320829999999998836e+04
5.157800000000001455e+04
3.511499999999999272e+04
3.662230000000001746e+04
4.104820000000000437e+04
2.980160000000000946e+04
3.581700000000000000e+04
4.583760000000000582e+04
4.887799999999997090e+04
5.806890000000000146e+04
4.822050000000000000e+04
3.596109999999999127e+04
3.034889999999999782e+04
3.828200000000000000e+04
3.748019999999998981e+04
3.221419999999999709e+04
4.397569999999998981e+04
4.352559999999999854e+04
5.465739999999999418e+04
5.865299999999999272e+04
4.012119999999999709e+04
2.864549999999998545e+04
2.890500000000000000e+04
3.762380000000001019e+04
3.060289999999999054e+04
3.433479999999999563e+04
4.263620000000002619e+04
4.218870000000000437e+04
5.677290000000000146e+04
5.068619999999998254e+04
4.567160000000002037e+04
4.156650000000000000e+04
4.235219999999998981e+04
4.605410000000000582e+04
3.276720000000000073e+04
4.273359999999999127e+04
4.570829999999998836e+04
4.990619999999999709e+04
5.813590000000000146e+04
4.385770000000001164e+04
3.403879999999999563e+04
3.398800000000000728e+04
3.879569999999999709e+04
3.187600000000001819e+04
3.043049999999999272e+04
3.823420000000001164e+04
3.269970000000000073e+04
4.053490000000001601e+04
3.894489999999999418e+04
3.193680000000001382e+04
3.591320000000000437e+04
3.101920000000001164e+04
2.866939999999999782e+04
2.508470000000001164e+04
2.086339999999999782e+04
2.341620000000000073e+04
2.923440000000001237e+04
4.209009999999998399e+04
4.892299999999999272e+04
3.649830000000000291e+04
2.882439999999999782e+04
2.375950000000000000e+04
2.484860000000000946e+04
2.708759999999999491e+04
2.403120000000000073e+04
2.669629999999999927e+04
2.838330000000000291e+04
2.957559999999999491e+04
3.267420000000000800e+04
4.075140000000000146e+04
3.859390000000000146e+04
4.198700000000002910e+04
3.517559999999999854e+04
3.183860000000000582e+04
3.726970000000001164e+04
2.918939999999999782e+04
3.715320000000000437e+04
3.479319999999999709e+04
4.955219999999998981e+04
5.716119999999999709e+04
5.139450000000000728e+04
4.916170000000002619e+04
3.061880000000001019e+04
3.300309999999999127e+04
3.134489999999997599e+04
3.481140000000001601e+04
3.669530000000000291e+04
3.486889999999999418e+04
4.432840000000000873e+04
3.858660000000000582e+04
5.139890000000001601e+04
4.832220000000001164e+04
4.145240000000000146e+04
5.697949999999999272e+04
5.379719999999998254e+04
6.388740000000002328e+04
5.748330000000001019e+04
3.590230000000000291e+04
2.877920000000000437e+04
3.700940000000001601e+04
3.747630000000001019e+04
3.083259999999998763e+04
4.288320000000001892e+04
4.231380000000000291e+04
4.750489999999999418e+04
4.979160000000001310e+04
3.840030000000000291e+04
2.894289999999999782e+04
2.869270000000000073e+04
3.596519999999999709e+04
3.282279999999999563e+04
3.425839999999998690e+04
4.757220000000000437e+04
5.000919999999999709e+04
5.947659999999999854e+04
5.710140000000000146e+04
3.801690000000000873e+04
2.958310000000000946e+04
3.370959999999999127e+04
4.119390000000000873e+04
3.083479999999999927e+04
3.767730000000001019e+04
4.173029999999999563e+04
4.020480000000000291e+04
4.418819999999999709e+04
3.240560000000000582e+04
2.939640000000000146e+04
3.218490000000000873e+04
3.772570000000000437e+04
3.272040000000000509e+04
2.686760000000000218e+04
3.307449999999999272e+04
3.132150000000000364e+04
3.656580000000000291e+04
3.753830000000000291e+04
2.956009999999999854e+04
3.151139999999999782e+04
3.433859999999999127e+04
3.994390000000000146e+04
3.110809999999999491e+04
3.052320000000000437e+04
3.542520000000001164e+04
3.572069999999998981e+04
4.561509999999999854e+04
3.942610000000000582e+04
5.123150000000000728e+04
5.683229999999999563e+04
4.268460000000001310e+04
3.644839999999998690e+04
2.579800000000000000e+04
1.956160000000000582e+04
1.986059999999999127e+04
2.495289999999999418e+04
3.562440000000001601e+04
4.630609999999999127e+04
4.066939999999999418e+04
2.924970000000000437e+04
2.447549999999999636e+04
3.446360000000000582e+04
3.793060000000000582e+04
4.173710000000000582e+04
5.427799999999997817e+04
5.621540000000001601e+04
5.153530000000001746e+04
3.568800000000000000e+04
2.676600000000000000e+04
3.346000000000001455e+04
3.785740000000001601e+04
3.037029999999999200e+04
3.948859999999998399e+04
4.538930000000001746e+04
4.807949999999999272e+04
5.635360000000002037e+04
3.950650000000000000e+04
2.701719999999999345e+04
2.982430000000001019e+04
4.183159999999997672e+04
3.483179999999998108e+04
3.178559999999999127e+04
3.849400000000000000e+04
3.925870000000002619e+04
4.813109999999996944e+04
4.241359999999999127e+04
2.888759999999999854e+04
2.529790000000000146e+04
3.445950000000000000e+04
3.662529999999999563e+04
2.817879999999999200e+04
3.458190000000000873e+04
3.601379999999999563e+04
4.002980000000000291e+04
4.655080000000001746e+04
3.455220000000000437e+04
2.779600000000001091e+04
2.905989999999999782e+04
4.047959999999999127e+04
3.796960000000000582e+04
3.005370000000000800e+04
3.766720000000000437e+04
3.549579999999998836e+04
4.266879999999999563e+04
4.143759999999999854e+04
3.115699999999999636e+04
3.133249999999999636e+04
3.850140000000002328e+04
4.564919999999998254e+04
3.105519999999999345e+04
3.123820000000000073e+04
3.225860000000001673e+04
3.048380000000001019e+04
3.559730000000001746e+04
2.884340000000000509e+04
3.169270000000000073e+04
3.448560000000000582e+04
4.313459999999999854e+04
4.072180000000000291e+04
3.092049999999997817e+04
3.572159999999999854e+04
3.668470000000001164e+04
4.502459999999999854e+04
4.871249999999998545e+04
3.961009999999999854e+04
3.377350000000000000e+04
3.630000000000001455e+04
3.297170000000000437e+04
2.633339999999999054e+04
3.292489999999999418e+04
3.506470000000000437e+04
4.235600000000000728e+04
5.484550000000001455e+04
5.788230000000001746e+04
5.658910000000000582e+04
5.302679999999998108e+04
4.378130000000001746e+04
2.981150000000000000e+04
2.477000000000000364e+04
2.690100000000000000e+04
2.887409999999999491e+04
3.727380000000000291e+04
4.694709999999999127e+04
4.886410000000001310e+04
4.477609999999999854e+04
3.393479999999999563e+04
2.663539999999999782e+04
2.510740000000000509e+04
2.093209999999999127e+04
2.045760000000000218e+04
2.263769999999999709e+04
2.671830000000000291e+04
3.623899999999997817e+04
4.309779999999999563e+04
3.553750000000000728e+04
2.721600000000000728e+04
2.762649999999999272e+04
2.726720000000001164e+04
2.642880000000001382e+04
2.924419999999999709e+04
3.405859999999999854e+04
3.489079999999998108e+04
3.062939999999999418e+04
2.798699999999999272e+04
3.104429999999999927e+04
3.389199999999999272e+04
2.790319999999999709e+04
2.455840000000000146e+04
2.956070000000000437e+04
2.922989999999999054e+04
3.395929999999999563e+04
3.844090000000000873e+04
3.022690000000000509e+04
2.872589999999999418e+04
3.463249999999999272e+04
3.197309999999999127e+04
2.480080000000001382e+04
2.431610000000000582e+04
2.400819999999999345e+04
2.399300000000000728e+04
2.795329999999999563e+04
2.524150000000000728e+04
2.653409999999999854e+04
3.559710000000000582e+04
3.798390000000000873e+04
2.917160000000001310e+04
2.222629999999999927e+04
2.468339999999999782e+04
2.482220000000000800e+04
2.738959999999999854e+04
3.449849999999999272e+04
3.663100000000000000e+04
3.556689999999999418e+04
3.279239999999997963e+04
2.602089999999999418e+04
2.102720000000000800e+04
2.302689999999999782e+04
2.474720000000000437e+04
2.761370000000000073e+04
3.579239999999998690e+04
3.935949999999998545e+04
3.957690000000000146e+04
4.137929999999999563e+04
3.600630000000001746e+04
2.501459999999999491e+04
2.184099999999998909e+04
2.614569999999999345e+04
2.703979999999999927e+04
3.311139999999999418e+04
4.458339999999999418e+04
4.955750000000000000e+04
4.782250000000001455e+04
3.848490000000000146e+04
2.626020000000000073e+04
2.061440000000000146e+04
2.019900000000000000e+04
2.011560000000000582e+04
2.114430000000000291e+04
2.465329999999999927e+04
2.936489999999998690e+04
2.995850000000001091e+04
3.050640000000000509e+04
2.870489999999999782e+04
2.247539999999999782e+04
2.137730000000001019e+04
2.344540000000000509e+04
2.149199999999998545e+04
2.150359999999999854e+04
2.429180000000001382e+04
2.410019999999998981e+04
2.557199999999999272e+04
3.196119999999999345e+04
3.176809999999999491e+04
2.423539999999999782e+04
2.168289999999999054e+04
2.198200000000000364e+04
2.131709999999999854e+04
2.496210000000000582e+04
2.699989999999999782e+04
2.488749999999999636e+04
2.777720000000000073e+04
2.945119999999998618e+04
2.440919999999998981e+04
2.191770000000000800e+04
2.188440000000000509e+04
2.162720000000001164e+04
2.714550000000001091e+04
3.412620000000000437e+04
3.779809999999999854e+04
3.379259999999999854e+04
2.543020000000000073e+04
2.230470000000000073e+04
2.239620000000000073e+04
2.137640000000000146e+04
2.209250000000000728e+04
2.672409999999999854e+04
3.541780000000000291e+04
4.205159999999999854e+04
4.677470000000000437e+04
4.820119999999998981e+04
3.990209999999997672e+04
2.733370000000000800e+04
2.301629999999999563e+04
2.286579999999999200e+04
2.138579999999999927e+04
2.264900000000000000e+04
2.697450000000000364e+04
2.934649999999999636e+04
3.228359999999999491e+04
3.433620000000000437e+04
2.925879999999999563e+04
2.245089999999999782e+04
2.073550000000001091e+04
2.058780000000000291e+04
1.995290000000000509e+04
2.232060000000000218e+04
2.704590000000000146e+04
2.690500000000000000e+04
2.763519999999998981e+04
2.868980000000001019e+04
2.524700000000000000e+04
2.079740000000000509e+04
2.147549999999999636e+04
2.177489999999999782e+04
2.113749999999998909e+04
2.395760000000000946e+04
2.486409999999999491e+04
2.357830000000000655e+04
2.878369999999998981e+04
3.474219999999999709e+04
2.916950000000000364e+04
2.246760000000000582e+04
2.353330000000001019e+04
2.233009999999999491e+04
2.321270000000000073e+04
2.767639999999999054e+04
2.564910000000000582e+04
2.497899999999999636e+04
3.303870000000001164e+04
3.527479999999999563e+04
2.625020000000000437e+04
2.209769999999999345e+04
2.248830000000000291e+04
2.063619999999999709e+04
2.351749999999999272e+04
2.714719999999999709e+04
2.422519999999999345e+04
2.681079999999999563e+04
3.417999999999999272e+04
3.170430000000001382e+04
2.424570000000000073e+04
2.371210000000000582e+04
2.342989999999999418e+04
2.174889999999999782e+04
2.634900000000000364e+04
2.882389999999998690e+04
2.594600000000000000e+04
2.740940000000000146e+04
2.762350000000000000e+04
2.267230000000000291e+04
2.265649999999999636e+04
2.344390000000000146e+04
2.037559999999999854e+04
2.161229999999999200e+04
2.295180000000000291e+04
2.220669999999999345e+04
2.493200000000000000e+04
2.990120000000000073e+04
2.935429999999999200e+04
2.271859999999999491e+04
2.099160000000000218e+04
2.195969999999999709e+04
2.132750000000000000e+04
2.354250000000000000e+04
2.474589999999999418e+04
2.366130000000001746e+04
2.497720000000001164e+04
2.284080000000001019e+04
2.166719999999999345e+04
2.331149999999999636e+04
2.132550000000000728e+04
2.314389999999999418e+04
2.978859999999999491e+04
2.967900000000000728e+04
2.525440000000000146e+04
2.096310000000000218e+04
1.835559999999999854e+04
1.805660000000000218e+04
1.996049999999999636e+04
2.146209999999999491e+04
1.991569999999999709e+04
2.054079999999998836e+04
2.249679999999999927e+04
2.119660000000000582e+04
2.648390000000000146e+04
3.567640000000000873e+04
3.476319999999999709e+04
2.669890000000001965e+04
2.181570000000000073e+04
2.024029999999999927e+04
1.888319999999999709e+04
1.874069999999999345e+04
1.999130000000000291e+04
2.204570000000001164e+04
2.927719999999998618e+04
3.712870000000001892e+04
3.297880000000000291e+04
2.476910000000000218e+04
2.249100000000000364e+04
2.183380000000000291e+04
1.947840000000000509e+04
1.891090000000000146e+04
1.991830000000000291e+04
2.228409999999999491e+04
2.665610000000000218e+04
3.246239999999999054e+04
3.380309999999999127e+04
2.607619999999999709e+04
2.230039999999999782e+04
2.676709999999999854e+04
2.769410000000000582e+04
2.682529999999999200e+04
3.433440000000000146e+04
4.019690000000000146e+04
3.286189999999999418e+04
2.258890000000000146e+04
1.868430000000000291e+04
1.871050000000000364e+04
2.038490000000000873e+04
2.234039999999999782e+04
2.248929999999999927e+04
2.397640000000000146e+04
2.756649999999999636e+04
2.851030000000000291e+04
2.420889999999999782e+04
1.960030000000000655e+04
1.792729999999999927e+04
1.830819999999999345e+04
2.022869999999998254e+04
2.138000000000001091e+04
2.088229999999999563e+04
2.165229999999999927e+04
2.346799999999999636e+04
2.263920000000000437e+04
1.983589999999999418e+04
1.787500000000000000e+04
1.777310000000000218e+04
1.810630000000000655e+04
1.877830000000000291e+04
1.940769999999999709e+04
1.981339999999999418e+04
2.083579999999999927e+04
2.208709999999999127e+04
2.140679999999999563e+04
1.899620000000000073e+04
1.759760000000000218e+04
1.809129999999999563e+04
1.871660000000000218e+04
1.838439999999999418e+04
1.784859999999999491e+04
1.821609999999999491e+04
1.919759999999999854e+04
2.057099999999999272e+04
2.112859999999999854e+04
2.012389999999999782e+04
1.840149999999999636e+04
1.860140000000000146e+04
2.039970000000000437e+04
2.164469999999999345e+04
2.246110000000000218e+04
2.397800000000000000e+04
2.584360000000000218e+04
2.383240000000000146e+04
1.982810000000000218e+04
2.051730000000001019e+04
2.256070000000000073e+04
2.167379999999998836e+04
2.298650000000000000e+04
2.950030000000001746e+04
3.118899999999999272e+04
2.722250000000000364e+04
2.220439999999999054e+04
2.006120000000000073e+04
2.105960000000000218e+04
2.231499999999999636e+04
2.106489999999999418e+04
2.124850000000000728e+04
2.713189999999999418e+04
3.308219999999999709e+04
3.620609999999998399e+04
3.710609999999999127e+04
3.415440000000000146e+04
2.675420000000000073e+04
2.149409999999999854e+04
2.318989999999999054e+04
2.693849999999999636e+04
2.627569999999998981e+04
2.919210000000001673e+04
4.077600000000002183e+04
5.032220000000001892e+04
4.580169999999998981e+04
3.175089999999999782e+04
2.136719999999999345e+04
1.971550000000000000e+04
2.232579999999999927e+04
2.492580000000001382e+04
2.544920000000000073e+04
2.747920000000000073e+04
3.483750000000001455e+04
4.225199999999999272e+04
3.857399999999999272e+04
2.730299999999999636e+04
2.006560000000000582e+04
2.033139999999999782e+04
2.278830000000001382e+04
2.369390000000000509e+04
2.432169999999999345e+04
2.574309999999999854e+04
2.802049999999998909e+04
2.963889999999999782e+04
2.820189999999999782e+04
2.373009999999999491e+04
1.975740000000000146e+04
1.978560000000000582e+04
2.127499999999999636e+04
2.247490000000000509e+04
2.365830000000000291e+04
2.634919999999998618e+04
2.904950000000000364e+04
2.845610000000000218e+04
2.415970000000000800e+04
1.961089999999999418e+04
1.833180000000000291e+04
1.980629999999999563e+04
2.173360000000000946e+04
2.171510000000000218e+04
2.173659999999999491e+04
2.585549999999998909e+04
3.281969999999998254e+04
3.400369999999998981e+04
2.845009999999999854e+04
2.202829999999999927e+04
2.187059999999999491e+04
2.590769999999999345e+04
2.858690000000000146e+04
2.956669999999999345e+04
3.499499999999999272e+04
4.257000000000000000e+04
4.233919999999999709e+04
3.254399999999999636e+04
2.284020000000000437e+04
2.114540000000000873e+04
2.453000000000000728e+04
2.447009999999999854e+04
2.321670000000000073e+04
2.778739999999999782e+04
3.873050000000001455e+04
4.589529999999998836e+04
3.983899999999998545e+04
2.758889999999999418e+04
2.098680000000001019e+04
2.128710000000000946e+04
2.200749999999999636e+04
2.012520000000000437e+04
