1.898421049118041992e+00,1.680365310759687418e+03
8.085853338241577148e+00,1.680698635455227532e+03
1.356089973449707031e+01,1.680615922175453534e+03
1.913459134101867676e+01,1.680754850330855788e+03
2.453958868980407715e+01,1.681200979210135984e+03
3.003142189979553223e+01,1.680677287345668219e+03
3.571800923347473145e+01,1.681159319965245686e+03
4.118475151062011719e+01,1.680842186982431940e+03
4.674012947082519531e+01,1.681067347980917930e+03
5.226480865478515625e+01,1.681527988529141112e+03
5.777096033096313477e+01,1.680996054374008963e+03
6.422132682800292969e+01,1.681089310158429271e+03
6.982734560966491699e+01,1.680897487225844770e+03
7.530538845062255859e+01,1.680881516732217506e+03
8.085245108604431152e+01,1.681413490372897286e+03
8.637142014503479004e+01,1.680878683491502215e+03
9.189073181152343750e+01,1.681174652571725574e+03
9.736636352539062500e+01,1.680777957195075260e+03
1.028424363136291504e+02,1.680829924524054832e+03
1.084683828353881836e+02,1.681131894301705643e+03
1.138938767910003662e+02,1.680420092950280377e+03
1.205161530971527100e+02,1.680533534562751356e+03
1.260182607173919678e+02,1.680288096389307157e+03
1.315015838146209717e+02,1.680213312949826559e+03
1.371184792518615723e+02,1.680588779902113856e+03
1.426451168060302734e+02,1.680060012420143266e+03
1.480311326980590820e+02,1.679965911894963710e+03
1.535516710281372070e+02,1.679897046626572319e+03
1.591276545524597168e+02,1.680385010592352046e+03
1.647014434337615967e+02,1.680074594589298385e+03
1.701124546527862549e+02,1.680358200314293981e+03
1.768624548912048340e+02,1.679940342422280537e+03
1.824329235553741455e+02,1.680165426074561083e+03
1.880559549331665039e+02,1.679965073819724466e+03
1.935414819717407227e+02,1.679889944515988418e+03
1.990901889801025391e+02,1.680171189762243330e+03
2.046259791851043701e+02,1.679744672748455514e+03
2.101211111545562744e+02,1.680071364055951108e+03
2.155814826488494873e+02,1.679785395214303890e+03
2.211569261550903320e+02,1.679830205919137597e+03
2.265795326232910156e+02,1.680060956529770237e+03
2.334682354927062988e+02,1.679710123167647225e+03
2.391079480648040771e+02,1.679846837521871748e+03
2.446632614135742188e+02,1.680063696043643859e+03
2.501014702320098877e+02,1.679894970957162741e+03
2.557049887180328369e+02,1.680147221376564858e+03
2.612388844490051270e+02,1.679932703155040599e+03
2.666524577140808105e+02,1.680056722455878798e+03
2.722414832115173340e+02,1.680089937796173444e+03
2.777246005535125732e+02,1.679874669730051210e+03
2.833159732818603516e+02,1.680125236028074141e+03
2.903514516353607178e+02,1.679824197823470058e+03
2.959093191623687744e+02,1.679955791717812872e+03
3.012665874958038330e+02,1.680141250458283594e+03
3.075438795089721680e+02,1.679836760624353246e+03
3.129752347469329834e+02,1.680187440850960911e+03
3.184943361282348633e+02,1.680022062967192596e+03
3.241006290912628174e+02,1.680135094512173509e+03
3.295198667049407959e+02,1.680182580120378361e+03
3.350396158695220947e+02,1.679821912766915830e+03
3.406324555873870850e+02,1.680230949675677721e+03
3.478315110206604004e+02,1.680119591895848998e+03
3.533585269451141357e+02,1.680025744867335106e+03
3.588703210353851318e+02,1.681146636852821075e+03
3.644289557933807373e+02,1.684349714851849740e+03
3.700344393253326416e+02,1.696483151115972760e+03
3.754353110790252686e+02,1.716194213133464018e+03
3.810454862117767334e+02,1.742780858555530131e+03
3.865614857673645020e+02,1.759749125481540887e+03
3.920921967029571533e+02,1.773129648099541555e+03
3.975447371006011963e+02,1.776856766810350564e+03
4.051347649097442627e+02,1.787622984822774015e+03
4.106882498264312744e+02,1.790520597293621677e+03
4.161060998439788818e+02,1.792342944099991428e+03
4.216292822360992432e+02,1.802072505021154257e+03
4.271547768115997314e+02,1.804077230800976622e+03
4.327054541110992432e+02,1.805127760046324056e+03
4.382842459678649902e+02,1.807354287470191593e+03
4.437132930755615234e+02,1.816094293686058336e+03
4.493512482643127441e+02,1.818591428515248253e+03
4.548827295303344727e+02,1.820149827651503529e+03
4.626750481128692627e+02,1.821967756453608672e+03
4.680749680995941162e+02,1.831063990439665076e+03
4.735138123035430908e+02,1.832698367854815615e+03
4.791459860801696777e+02,1.833793515764320318e+03
4.846349935531616211e+02,1.835991687384800343e+03
4.902773628234863281e+02,1.836973054316708613e+03
4.956759595870971680e+02,1.838508045276687881e+03
5.012027204036712646e+02,1.846174666171458284e+03
5.068013463020324707e+02,1.846968900781918819e+03
5.123237373828887939e+02,1.848654065768005921e+03
5.203689534664154053e+02,1.849991851249058072e+03
5.258589541912078857e+02,1.850746416208997744e+03
5.314011907577514648e+02,1.852033327945592873e+03
5.369024252891540527e+02,1.852565989181645591e+03
5.423214540481567383e+02,1.859531368926745927e+03
5.479629657268524170e+02,1.860329729124737241e+03
5.534288299083709717e+02,1.860640677843440471e+03
5.589189991950988770e+02,1.861797918767849978e+03
5.645269639492034912e+02,1.862331608699961180e+03
5.700792889595031738e+02,1.863614006221735735e+03
5.783234817981719971e+02,1.864282944576408454e+03
5.838549640178680420e+02,1.864766619181164288e+03
5.893960342407226562e+02,1.865633839871268265e+03
5.948641839027404785e+02,1.866220202115750226e+03
6.004156687259674072e+02,1.866372709634510784e+03
6.067014596462249756e+02,1.872561535760859215e+03
6.122079677581787109e+02,1.873233813407940715e+03
6.177605254650115967e+02,1.874024877304521851e+03
6.232524576187133789e+02,1.874550988851516195e+03
6.288106608390808105e+02,1.874806991269854734e+03
6.375282707214355469e+02,1.875467825688788253e+03
6.432012383937835693e+02,1.876480078569349644e+03
6.486014952659606934e+02,1.876940877923294238e+03
6.541910195350646973e+02,1.877523757543075362e+03
6.597151520252227783e+02,1.878148537640362747e+03
6.652276909351348877e+02,1.878214120679321923e+03
6.706909971237182617e+02,1.878816661317717717e+03
6.762512114048004150e+02,1.878977232812909733e+03
6.817088668346405029e+02,1.879718365133635416e+03
6.872267279624938965e+02,1.880226635495001801e+03
6.962424514293670654e+02,1.885882498135557626e+03
7.019811410903930664e+02,1.886448857700393546e+03
7.074624044895172119e+02,1.886878509458909093e+03
7.128698899745941162e+02,1.886996260067054436e+03
7.185111684799194336e+02,1.887644807684214811e+03
7.239429204463958740e+02,1.888274860329490139e+03
7.295307817459106445e+02,1.888696960987023658e+03
7.350514528751373291e+02,1.889291872121286588e+03
7.405247104167938232e+02,1.888355484052727661e+03
7.460211522579193115e+02,1.888383726942520298e+03
7.555269443988800049e+02,1.888410384861751709e+03
7.610088591575622559e+02,1.889449248183334475e+03
7.665172505378723145e+02,1.890476567513071586e+03
7.719599840641021729e+02,1.890666505109811851e+03
7.774469091892242432e+02,1.891111313462239877e+03
7.829914784431457520e+02,1.891712950851000869e+03
7.885414717197418213e+02,1.892037897407029959e+03
7.941414530277252197e+02,1.892266990671745361e+03
7.996877703666687012e+02,1.892225760819060724e+03
8.051757187843322754e+02,1.892741606824352857e+03
8.148680391311645508e+02,1.893438038525594720e+03
8.204458334445953369e+02,1.893704214505489972e+03
8.258351860046386719e+02,1.893948237384817730e+03
8.314578673839569092e+02,1.894239751040744068e+03
8.370295722484588623e+02,1.894129583873506135e+03
8.424979422092437744e+02,1.900066381106133122e+03
8.480582957267761230e+02,1.900717170326912310e+03
8.535854227542877197e+02,1.900974771498981909e+03
8.590725433826446533e+02,1.901606664815524255e+03
8.645839207172393799e+02,1.901167147298887812e+03
8.754108729362487793e+02,1.902889933418476176e+03
8.809882187843322754e+02,1.903297104945380397e+03
8.864992411136627197e+02,1.903591747561311195e+03
8.920299611091613770e+02,1.903516483695115085e+03
8.974478614330291748e+02,1.903814745171423965e+03
9.041456339359283447e+02,1.904293655852865186e+03
9.096634557247161865e+02,1.904384621908242252e+03
9.151103899478912354e+02,1.904890146240530839e+03
9.206111321449279785e+02,1.904795250860727265e+03
9.261999907493591309e+02,1.905182537966104974e+03
9.372658717632293701e+02,1.906470968320077191e+03
9.427493143081665039e+02,1.906227180516657427e+03
9.482890858650207520e+02,1.906240431870965267e+03
9.537724545001983643e+02,1.906759566699936613e+03
9.593347740173339844e+02,1.906555537212773743e+03
9.648764219284057617e+02,1.907065893673496930e+03
9.704749004840850830e+02,1.906908242292889099e+03
9.758579127788543701e+02,1.907146827887252584e+03
9.813409504890441895e+02,1.907499520846333780e+03
9.869346437454223633e+02,1.907314448495161287e+03
9.988499119281768799e+02,1.908715209012285413e+03
1.004270946741104126e+03,1.907864780229802136e+03
1.009807301521301270e+03,1.908275263774893801e+03
1.015253234386444092e+03,1.908159387427163438e+03
1.020905578613281250e+03,1.908548476326481477e+03
1.026405946254730225e+03,1.908437836178539101e+03
1.031873455047607422e+03,1.908360916006478192e+03
1.037406055688858032e+03,1.908592316900373362e+03
1.043045492887496948e+03,1.908421831738893388e+03
1.048466976642608643e+03,1.908559501924884216e+03
1.059984157323837280e+03,1.908887851244020567e+03
1.065661494016647339e+03,1.907418325095063210e+03
1.071067546129226685e+03,1.907848613276249807e+03
1.076605212211608887e+03,1.908385420379613151e+03
1.082163391828536987e+03,1.908102327219114386e+03
1.087645250797271729e+03,1.907488184729821796e+03
1.093155966520309448e+03,1.907978974133183556e+03
1.098747849702835083e+03,1.907234602840215985e+03
1.104224398136138916e+03,1.907424966009216632e+03
1.109660195827484131e+03,1.907218678719466425e+03
1.121673303604125977e+03,1.907705661978742455e+03
1.127200435161590576e+03,1.906430371375902723e+03
1.132701996088027954e+03,1.906803870822471708e+03
1.138234774827957153e+03,1.906699041854818915e+03
1.143811332225799561e+03,1.905821259043248801e+03
1.149203459262847900e+03,1.906561050080562154e+03
1.154770370960235596e+03,1.905670516418672605e+03
1.160312296628952026e+03,1.905935201577583257e+03
1.165828387975692749e+03,1.905653091029669213e+03
1.171269327402114868e+03,1.905421915734074901e+03
1.183570383071899414e+03,1.905887602706736743e+03
1.189171382188796997e+03,1.905813060156621759e+03
1.194704910755157471e+03,1.905616020043965136e+03
1.200353456258773804e+03,1.904600058804272294e+03
1.206986960649490356e+03,1.905585880912660514e+03
1.212644278287887573e+03,1.905162784001937098e+03
1.218031389474868774e+03,1.904613994259475930e+03
1.223661442041397095e+03,1.904932570598676648e+03
1.229080959081649780e+03,1.904038296682625059e+03
1.234739282131195068e+03,1.905113596168728236e+03
1.247622137546539307e+03,1.904407299763358651e+03
1.253263441085815430e+03,1.905204099877370481e+03
1.258825265407562256e+03,1.904221584686507640e+03
1.264321169614791870e+03,1.905345727224894063e+03
1.269760210037231445e+03,1.906615994527077873e+03
1.275336041688919067e+03,1.908348328279310408e+03
1.280846960067749023e+03,1.918271362847868886e+03
1.286298829793930054e+03,1.919936693270993374e+03
1.291892394065856934e+03,1.922529066820859725e+03
1.297398276090621948e+03,1.922810884465375466e+03
1.310560742378234863e+03,1.924694464490306018e+03
1.316101393938064575e+03,1.924284037653962969e+03
1.321531077146530151e+03,1.923957370494162433e+03
1.327115515947341919e+03,1.925221006512990698e+03
1.332654814481735229e+03,1.924479739852685043e+03
1.338191467761993408e+03,1.925194753916453692e+03
1.343593142271041870e+03,1.925093485646053523e+03
1.349213268280029297e+03,1.925135886952038163e+03
1.354771276950836182e+03,1.925942024662502945e+03
1.360253488540649414e+03,1.925507231881658981e+03
1.374004374504089355e+03,1.927655186549118071e+03
1.379491458892822266e+03,1.926945891823259444e+03
1.385011113166809082e+03,1.927637844151483932e+03
1.390589755773544312e+03,1.926647604096157465e+03
1.396135378599166870e+03,1.926553236089062011e+03
1.401540578126907349e+03,1.927507861734921335e+03
1.407210537195205688e+03,1.928077586244460917e+03
1.412682439327239990e+03,1.928218701750713308e+03
1.418245991468429565e+03,1.927950676684482460e+03
1.423618759870529175e+03,1.936290936932489785e+03
1.438077505111694336e+03,1.936943480745207125e+03
1.443545965433120728e+03,1.937226588007207056e+03
1.449139394998550415e+03,1.936901334754589698e+03
1.454671400785446167e+03,1.936679262734764961e+03
1.460204630374908447e+03,1.937348964098280931e+03
1.465739733457565308e+03,1.937059912231148701e+03
1.471140383481979370e+03,1.937430919800448919e+03
1.476811090469360352e+03,1.937795146864544677e+03
1.482271590948104858e+03,1.937377351045734940e+03
1.487779103279113770e+03,1.937897841462519864e+03
1.504467407703399658e+03,1.938803193705493186e+03
1.509874727725982666e+03,1.938597989702391942e+03
1.515531432390213013e+03,1.938358930071038685e+03
1.521032455921173096e+03,1.937918068660594827e+03
1.526571257591247559e+03,1.938447686715491727e+03
1.532135564327239990e+03,1.938506875460329411e+03
1.537514442205429077e+03,1.938464950427299982e+03
1.543179329872131348e+03,1.938406400727634491e+03
1.548668145418167114e+03,1.938226107840223676e+03
1.554134791612625122e+03,1.938945033689966522e+03
1.569626856088638306e+03,1.939455077885664423e+03
1.575091640233993530e+03,1.939161705749687371e+03
1.580642082691192627e+03,1.938882395941167260e+03
1.586161533594131470e+03,1.938583285869744259e+03
1.591650040149688721e+03,1.939291881542578039e+03
1.597189198732376099e+03,1.938665207310709093e+03
