2.227790000000001237e+04
2.429200000000001091e+04
3.001699999999999272e+04
5.050419999999998981e+04
9.479170000000004075e+04
1.519620999999999767e+05
1.632994000000000524e+05
1.100085000000000582e+05
5.298419999999999709e+04
2.980420000000000437e+04
2.563590000000000873e+04
2.950440000000001601e+04
3.912269999999997526e+04
7.162609999999999127e+04
1.287786000000000204e+05
1.468250000000000582e+05
1.119136000000000058e+05
7.400709999999997672e+04
4.743179999999997381e+04
3.037040000000000146e+04
3.115820000000000800e+04
3.203750000000000000e+04
4.451090000000000873e+04
9.154750000000004366e+04
1.263182000000000407e+05
1.079970000000000000e+05
8.183640000000003783e+04
6.763570000000001164e+04
4.466420000000001164e+04
3.310730000000000291e+04
4.106270000000001164e+04
4.280440000000003056e+04
6.763890000000000873e+04
1.162022000000000990e+05
1.227272999999999884e+05
9.387619999999995343e+04
9.016690000000006694e+04
7.927790000000003783e+04
4.704759999999996217e+04
4.851080000000001746e+04
5.419659999999999127e+04
4.050510000000001310e+04
4.693569999999999709e+04
7.816790000000000873e+04
1.761838000000000175e+05
2.860786000000002095e+05
2.258187999999999302e+05
8.848100000000005821e+04
4.732259999999997672e+04
5.613880000000000291e+04
6.980959999999996217e+04
1.150518999999999942e+05
2.089932000000000116e+05
2.983030000000000582e+05
2.654692999999999884e+05
1.367233000000001048e+05
5.219840000000000873e+04
4.052709999999999854e+04
3.647519999999998254e+04
4.239429999999999563e+04
7.027099999999998545e+04
1.120143999999999942e+05
1.983696999999999825e+05
2.653740999999999767e+05
1.913196000000000349e+05
7.441020000000002619e+04
3.301159999999999854e+04
2.975179999999999200e+04
3.320830000000000291e+04
4.656340000000000873e+04
7.639710000000002037e+04
1.371481000000000349e+05
2.145910000000000873e+05
2.263619000000000524e+05
1.343051000000000640e+05
4.982010000000002765e+04
3.047500000000002183e+04
2.875719999999999345e+04
3.311870000000000437e+04
4.636400000000000728e+04
8.504050000000000000e+04
1.522921000000000349e+05
1.990673999999999069e+05
1.824865999999999767e+05
1.036527999999999593e+05
4.448239999999998690e+04
3.792960000000000582e+04
3.739350000000000728e+04
4.901040000000000146e+04
7.449750000000001455e+04
1.307706000000000349e+05
2.049545999999998603e+05
2.013551999999999534e+05
1.320531000000000349e+05
6.699919999999999709e+04
3.452130000000000291e+04
3.906430000000001746e+04
4.074900000000000000e+04
5.336890000000002328e+04
9.267069999999996799e+04
1.505900999999999476e+05
1.931452999999998719e+05
1.502350000000000582e+05
8.087500000000001455e+04
4.120330000000001746e+04
3.193210000000000218e+04
4.005650000000000000e+04
3.797499999999999272e+04
6.834640000000002328e+04
1.171086999999999825e+05
2.326881999999999243e+05
4.230712999999998137e+05
3.940727999999999884e+05
1.754287000000000407e+05
7.630179999999998836e+04
4.950909999999999127e+04
3.348710000000000582e+04
4.739999999999999272e+04
6.487400000000000000e+04
1.296743000000000029e+05
2.830852999999998719e+05
3.839326000000001513e+05
2.722476000000000931e+05
1.221112000000000116e+05
7.053519999999999709e+04
4.472589999999997963e+04
4.226259999999998399e+04
5.295669999999998981e+04
8.264829999999998836e+04
2.139964000000000815e+05
3.723987999999999884e+05
3.749955000000000000e+05
2.046266000000000640e+05
8.172160000000000582e+04
5.920750000000000728e+04
3.979340000000001601e+04
5.723669999999999709e+04
6.953040000000000873e+04
8.747789999999999418e+04
1.021266000000000349e+05
8.140550000000001455e+04
1.857566000000000349e+05
2.263740999999999185e+05
1.150202999999999738e+05
8.788670000000002619e+04
6.455369999999999709e+04
7.199010000000000582e+04
1.226658000000000466e+05
1.768828999999999942e+05
3.351296000000000931e+05
3.412546999999999534e+05
1.553739000000000233e+05
5.575890000000001601e+04
4.123429999999998836e+04
3.782970000000001164e+04
4.410640000000000146e+04
7.730830000000000291e+04
1.334516999999999243e+05
2.551331000000001222e+05
3.838582999999999302e+05
2.942422999999999884e+05
1.096501999999999680e+05
4.736339999999997963e+04
3.611880000000000291e+04
3.245860000000000218e+04
5.157850000000001455e+04
9.446910000000000582e+04
1.869492000000000407e+05
3.338178000000001630e+05
3.764947999999998719e+05
2.146217999999999302e+05
7.067200000000001455e+04
4.501239999999999418e+04
3.700210000000000582e+04
3.664050000000001455e+04
6.093650000000000728e+04
1.184334999999999854e+05
2.501625999999999185e+05
4.188446000000000931e+05
3.787269999999998836e+05
1.729882999999999302e+05
8.022509999999999127e+04
5.724900000000001455e+04
3.756779999999999563e+04
5.117900000000001455e+04
6.891069999999999709e+04
1.440939999999999709e+05
2.825127000000001281e+05
3.785700999999999767e+05
2.870756000000000931e+05
1.219216000000000058e+05
6.842640000000000873e+04
4.819030000000001019e+04
4.376639999999999418e+04
6.680940000000002328e+04
1.029487000000000407e+05
2.451323000000000466e+05
3.870943000000002212e+05
3.496131999999999534e+05
1.744072000000000116e+05
6.625850000000001455e+04
5.945769999999999709e+04
4.103619999999998981e+04
5.616080000000001746e+04
7.993459999999996217e+04
1.588627000000000116e+05
2.976183999999999069e+05
3.163399999999998254e+05
2.210215000000000873e+05
9.328290000000000873e+04
5.251049999999997817e+04
5.533859999999999127e+04
4.480250000000000000e+04
7.177649999999998545e+04
1.132185000000000291e+05
2.263081999999998952e+05
3.216739999999998836e+05
2.522455000000000291e+05
1.247427000000000553e+05
4.731470000000001892e+04
3.614019999999999709e+04
3.265910000000001310e+04
3.861290000000000873e+04
6.299980000000000291e+04
1.136529999999999563e+05
2.085783999999999069e+05
2.326688999999999651e+05
1.632672999999999593e+05
8.372290000000002328e+04
3.848409999999999854e+04
3.694950000000001455e+04
4.303539999999997235e+04
5.324540000000000146e+04
8.908240000000005239e+04
1.156746000000000058e+05
7.831530000000000291e+04
9.445199999999998545e+04
2.047400000000000000e+05
1.860306000000000349e+05
8.997319999999996799e+04
7.729550000000000000e+04
5.446449999999997090e+04
6.570950000000002910e+04
1.041829000000000087e+05
2.168611999999999825e+05
4.703677999999999884e+05
4.848368999999997905e+05
2.267259000000001106e+05
1.061455999999999622e+05
7.021970000000002619e+04
4.075699999999999272e+04
4.537449999999998545e+04
6.247610000000002037e+04
1.531099999999999709e+05
3.181958999999998487e+05
4.572480000000000000e+05
3.568986999999998952e+05
1.468163000000000175e+05
8.698549999999995634e+04
5.991160000000000582e+04
5.369840000000001601e+04
7.305700000000002910e+04
1.107681000000000058e+05
2.633162000000000116e+05
4.256612000000001863e+05
4.171073999999997905e+05
2.255171999999998952e+05
9.186929999999997381e+04
7.346469999999998254e+04
4.794710000000000582e+04
6.457159999999996217e+04
7.432049999999997090e+04
1.554886999999999534e+05
2.998405000000000582e+05
3.233300999999998603e+05
2.292294999999999709e+05
9.395629999999998836e+04
5.618519999999998981e+04
5.186559999999998399e+04
4.419450000000001455e+04
6.958229999999997381e+04
1.136351999999999971e+05
2.452692999999999593e+05
3.633055000000001164e+05
3.275530000000000000e+05
1.677574000000000233e+05
6.165150000000000000e+04
4.716840000000000146e+04
3.530750000000001455e+04
4.532849999999997090e+04
6.551259999999999127e+04
1.203573999999999796e+05
2.100050999999999767e+05
2.353783999999999069e+05
1.846263000000001048e+05
9.305939999999999418e+04
4.413389999999997235e+04
3.886150000000002183e+04
3.322440000000000146e+04
4.624989999999999418e+04
9.250219999999998254e+04
1.891191000000000931e+05
3.596840000000000000e+05
4.723637000000000698e+05
3.093941000000002678e+05
1.185118000000000175e+05
7.909650000000004366e+04
4.791409999999999127e+04
4.009429999999998836e+04
4.744630000000001746e+04
8.751929999999994470e+04
2.129619000000000233e+05
3.844068000000001048e+05
4.221837999999999302e+05
2.313934999999998836e+05
1.140535999999999913e+05
9.666970000000004075e+04
5.483239999999998690e+04
5.549879999999998836e+04
6.047770000000000437e+04
1.513359000000000815e+05
2.910450999999999767e+05
3.787090000000000582e+05
3.107631000000000931e+05
1.332634000000000815e+05
8.310400000000004366e+04
5.959889999999997963e+04
4.727860000000002765e+04
6.671469999999999709e+04
7.403379999999997381e+04
1.050338000000000029e+05
8.411829999999997381e+04
1.253033000000000175e+05
2.176142999999999884e+05
1.445563000000000757e+05
7.155980000000000291e+04
6.719780000000000291e+04
4.829060000000002037e+04
8.520170000000005530e+04
1.234749999999999854e+05
2.166758000000000175e+05
2.627652999999999302e+05
1.536422999999999302e+05
7.475429999999998836e+04
4.113059999999998399e+04
4.736569999999999709e+04
4.413270000000002619e+04
6.932180000000001746e+04
1.131018999999999942e+05
2.124560999999999476e+05
3.529811000000000349e+05
2.705096000000000931e+05
1.285359999999999563e+05
5.552319999999998981e+04
4.511940000000000873e+04
4.819770000000000437e+04
4.925930000000001019e+04
8.502140000000003783e+04
1.231128000000000175e+05
2.306542000000000407e+05
2.205090999999999476e+05
1.332691999999999825e+05
8.244010000000003492e+04
4.229480000000000291e+04
4.475380000000001019e+04
3.496640000000001601e+04
4.492690000000000146e+04
7.463769999999996799e+04
1.665917999999998719e+05
3.211642000000001863e+05
4.178326000000000931e+05
3.201880999999999185e+05
1.493406999999999243e+05
1.145381999999999534e+05
7.883930000000000291e+04
6.097460000000000582e+04
5.580649999999998545e+04
9.808279999999997381e+04
2.063809000000000524e+05
3.257238000000001048e+05
4.014056000000000931e+05
2.522587000000000990e+05
1.311533000000000175e+05
1.034321000000000349e+05
5.669270000000003347e+04
5.693420000000000437e+04
6.047949999999999272e+04
1.438890000000000582e+05
2.491691999999998661e+05
3.448804999999999418e+05
2.858058999999999651e+05
1.175482999999999884e+05
8.102570000000001164e+04
5.429799999999999272e+04
4.586479999999999563e+04
6.639719999999999709e+04
1.129646000000000495e+05
2.279659000000000233e+05
3.312282000000001281e+05
2.901853000000000466e+05
1.328788999999999942e+05
4.773519999999998981e+04
4.008919999999999709e+04
3.124469999999998618e+04
3.724109999999999854e+04
5.923520000000001164e+04
9.763539999999997963e+04
1.783939000000000524e+05
1.886041000000000349e+05
1.224185000000000146e+05
7.158569999999996799e+04
4.128190000000000146e+04
4.755319999999998981e+04
3.911290000000000873e+04
5.855709999999999854e+04
8.191790000000003783e+04
1.373091999999999243e+05
2.067262000000000116e+05
1.571787999999999884e+05
1.035795999999999622e+05
6.096600000000000728e+04
4.662080000000001019e+04
5.194909999999999127e+04
3.603840000000002328e+04
4.863129999999998836e+04
4.491790000000000873e+04
3.818909999999999127e+04
5.920309999999999127e+04
1.187638999999999942e+05
1.234745000000000000e+05
6.210349999999998545e+04
4.180909999999999127e+04
3.205510000000000218e+04
3.811850000000001455e+04
6.454269999999999709e+04
1.246518999999999360e+05
2.150051000000000058e+05
2.390555999999999185e+05
1.487102999999999302e+05
5.870549999999999272e+04
4.915479999999997381e+04
3.883539999999999418e+04
3.715629999999998836e+04
5.425290000000001601e+04
9.832000000000002910e+04
2.006213000000001048e+05
2.626498999999999069e+05
2.075147999999999884e+05
9.642029999999997381e+04
4.500160000000001310e+04
4.707790000000000146e+04
3.612150000000000000e+04
4.768659999999998399e+04
6.727369999999996799e+04
1.143635000000000728e+05
1.889530999999999476e+05
1.737321000000000058e+05
1.026626000000000495e+05
4.687190000000001601e+04
3.135449999999999272e+04
3.292180000000001019e+04
3.010079999999999927e+04
4.688879999999999563e+04
6.279170000000001892e+04
1.102707999999999738e+05
1.404071000000000058e+05
9.720799999999997090e+04
6.185589999999999418e+04
3.808450000000000000e+04
3.313439999999999418e+04
3.312000000000002183e+04
3.451039999999999418e+04
5.220869999999998254e+04
6.243829999999998836e+04
1.024792000000000116e+05
9.381460000000000582e+04
5.695580000000001019e+04
4.591739999999997963e+04
3.225490000000001965e+04
3.558510000000001310e+04
3.049579999999999927e+04
3.496010000000000582e+04
3.948890000000000146e+04
5.089070000000001892e+04
6.955060000000002037e+04
5.180699999999999272e+04
5.787709999999999127e+04
4.931460000000002037e+04
3.564669999999999709e+04
3.636680000000001019e+04
3.068369999999999345e+04
4.514800000000000000e+04
5.397079999999999563e+04
9.180990000000003783e+04
1.089122999999999738e+05
6.757390000000000873e+04
3.521959999999999854e+04
2.658299999999999636e+04
2.835560000000000218e+04
2.406950000000000728e+04
2.804599999999999636e+04
3.469900000000000728e+04
5.478980000000000291e+04
7.865830000000001746e+04
7.530889999999997963e+04
4.983030000000000291e+04
2.852159999999998399e+04
2.515050000000000000e+04
2.332150000000000000e+04
2.281319999999999709e+04
2.776789999999999782e+04
3.348780000000000291e+04
4.737439999999997235e+04
5.782919999999999709e+04
4.873520000000000437e+04
3.454350000000000000e+04
2.458489999999999418e+04
2.450479999999999927e+04
2.277030000000000291e+04
2.268439999999999418e+04
2.499779999999999927e+04
2.498620000000000073e+04
2.755010000000000582e+04
3.455769999999998254e+04
3.766170000000001892e+04
2.853719999999998618e+04
2.173750000000000364e+04
2.210520000000001164e+04
2.242770000000000800e+04
2.355830000000000291e+04
2.724549999999999636e+04
3.204719999999999345e+04
3.747219999999999709e+04
3.342230000000000291e+04
3.135119999999999345e+04
2.742190000000000146e+04
2.628859999999999127e+04
2.563479999999999927e+04
2.544219999999999345e+04
3.067820000000000800e+04
3.566680000000000291e+04
5.188899999999998545e+04
4.973169999999999709e+04
3.768969999999999709e+04
3.306359999999999127e+04
2.512500000000000364e+04
2.711009999999999854e+04
2.491600000000000728e+04
2.834709999999999491e+04
3.395720000000000437e+04
4.104619999999999709e+04
5.102610000000000582e+04
4.162769999999998981e+04
4.601150000000001455e+04
3.927740000000000873e+04
3.497569999999999709e+04
3.878229999999998836e+04
3.271100000000000000e+04
4.863090000000000146e+04
6.218780000000003201e+04
1.042825000000000000e+05
1.140318000000000320e+05
7.519019999999996799e+04
4.586979999999998836e+04
3.055520000000000073e+04
3.226159999999997672e+04
2.863319999999998981e+04
3.568049999999998545e+04
4.951839999999998690e+04
8.051419999999996799e+04
1.255156000000000058e+05
1.180018000000000320e+05
7.227869999999996799e+04
3.869370000000002619e+04
3.150960000000000582e+04
3.416690000000000873e+04
3.280409999999999127e+04
5.090090000000000873e+04
6.560189999999999418e+04
1.106712999999999738e+05
1.340786000000000058e+05
9.860330000000000291e+04
6.394260000000001310e+04
3.578799999999999272e+04
3.788129999999999563e+04
3.492010000000000582e+04
4.024900000000000728e+04
5.636650000000002183e+04
7.003630000000000291e+04
1.078865999999999622e+05
9.013949999999998545e+04
6.617960000000000582e+04
5.235800000000000728e+04
3.818450000000000000e+04
4.448150000000000000e+04
3.407439999999999418e+04
4.596280000000000291e+04
4.815470000000001164e+04
7.568859999999997672e+04
8.237970000000004075e+04
5.844699999999997817e+04
6.772219999999996799e+04
4.909339999999998690e+04
4.082349999999998545e+04
3.619019999999996799e+04
3.389140000000000146e+04
4.610600000000000000e+04
4.681260000000001310e+04
7.068430000000003201e+04
6.917069999999999709e+04
8.150389999999999418e+04
9.882230000000000291e+04
6.178740000000000146e+04
5.608660000000001310e+04
4.034319999999999709e+04
3.373329999999999563e+04
3.649370000000001164e+04
3.076380000000000291e+04
4.745430000000000291e+04
8.959189999999997963e+04
9.112580000000000291e+04
4.599759999999999854e+04
2.703240000000001601e+04
2.735890000000000873e+04
2.857109999999999854e+04
4.160189999999999418e+04
6.916410000000000582e+04
1.132814000000000087e+05
1.710137000000000698e+05
1.464606999999999534e+05
7.148110000000002037e+04
4.218230000000000291e+04
4.206819999999998981e+04
3.249590000000000146e+04
4.673940000000000146e+04
6.238670000000002619e+04
1.118900000000000291e+05
1.738420000000000873e+05
2.007615000000000873e+05
1.381272999999999884e+05
5.854819999999998254e+04
4.754440000000001601e+04
3.638420000000000437e+04
4.103029999999998108e+04
5.862079999999998836e+04
8.871299999999997090e+04
1.521384000000000233e+05
1.884452000000000116e+05
1.534171000000000640e+05
7.335080000000004657e+04
3.890639999999998690e+04
3.852420000000001892e+04
3.118900000000000364e+04
4.254529999999999563e+04
5.806400000000001455e+04
9.115659999999999127e+04
1.414123000000000175e+05
1.480311999999999534e+05
1.108665000000000000e+05
5.694499999999997817e+04
4.185100000000000000e+04
3.794889999999999418e+04
3.462690000000000873e+04
5.126610000000001310e+04
6.478500000000001455e+04
1.015646999999999680e+05
1.345572000000000407e+05
1.127836999999999680e+05
8.118129999999998836e+04
4.650220000000000437e+04
4.282719999999998254e+04
3.664219999999999709e+04
3.907589999999999418e+04
5.360470000000000437e+04
7.266900000000000000e+04
1.150950000000000291e+05
1.174492999999999738e+05
9.361609999999996217e+04
6.759750000000001455e+04
4.396650000000000000e+04
4.845160000000001310e+04
3.938410000000002037e+04
5.625250000000000728e+04
6.964869999999999709e+04
1.086607999999999593e+05
1.573726999999999243e+05
1.478191999999999825e+05
1.172914000000000378e+05
6.764630000000001746e+04
5.475400000000000000e+04
4.514619999999999709e+04
4.653380000000003201e+04
6.772549999999995634e+04
9.882829999999997381e+04
1.680011000000000058e+05
2.057550000000000000e+05
1.605248000000000757e+05
8.182709999999994761e+04
4.640410000000003492e+04
3.860579999999999563e+04
3.095329999999999927e+04
4.166199999999998545e+04
5.648480000000000291e+04
9.556930000000000291e+04
1.389346000000000058e+05
1.439730999999999476e+05
1.040610999999999622e+05
5.732569999999999709e+04
3.816460000000000582e+04
4.190439999999997963e+04
3.331700000000001455e+04
4.094080000000001746e+04
3.711030000000000291e+04
4.161279999999999563e+04
7.057300000000002910e+04
9.886690000000000873e+04
7.375300000000002910e+04
3.803599999999999272e+04
2.947710000000000946e+04
3.940869999999998981e+04
3.922259999999999127e+04
6.102860000000001310e+04
8.046879999999998836e+04
1.151245999999999913e+05
1.077111999999999825e+05
7.007219999999998254e+04
6.651489999999999418e+04
5.604759999999999127e+04
6.432690000000001601e+04
4.372119999999999709e+04
6.199170000000000437e+04
5.965989999999997235e+04
9.221110000000003492e+04
1.003814000000000669e+05
7.758590000000002328e+04
8.501770000000004075e+04
5.883220000000001892e+04
5.478720000000000437e+04
4.921150000000000728e+04
4.586720000000000437e+04
6.609140000000002328e+04
7.190189999999999418e+04
1.050835000000000291e+05
9.019059999999999127e+04
7.382839999999999418e+04
7.696890000000002328e+04
5.700769999999999709e+04
5.903880000000001746e+04
3.967030000000001019e+04
5.401710000000000582e+04
6.522500000000000000e+04
1.278327999999999447e+05
1.944819000000000524e+05
2.235387999999999302e+05
1.758483999999999651e+05
9.353900000000000000e+04
6.606080000000000291e+04
3.696279999999999563e+04
4.191940000000000873e+04
4.926479999999999563e+04
8.324329999999998836e+04
1.384173999999999651e+05
2.029253000000000175e+05
2.080748000000000757e+05
1.151566000000000058e+05
6.250179999999999563e+04
4.697180000000001746e+04
3.576399999999998545e+04
5.182899999999998545e+04
6.681369999999998254e+04
1.214077000000000116e+05
1.880811999999999825e+05
2.237143999999999942e+05
1.575361999999999825e+05
6.822449999999998545e+04
5.283840000000001601e+04
4.253800000000000000e+04
4.344200000000001455e+04
6.537219999999996799e+04
9.351279999999998836e+04
1.652493000000000175e+05
2.202248000000000466e+05
1.934952999999999302e+05
1.008559999999999854e+05
4.734899999999999272e+04
4.456520000000000437e+04
3.781999999999999272e+04
5.059489999999997963e+04
7.407879999999998836e+04
1.083455999999999622e+05
1.798567000000001281e+05
1.789151000000000349e+05
1.180885000000000000e+05
5.703359999999999127e+04
4.381630000000000291e+04
4.185580000000001746e+04
3.766659999999998399e+04
5.710560000000000582e+04
7.463409999999997672e+04
1.159986000000000349e+05
1.651941000000000349e+05
1.482559000000000524e+05
8.958440000000003783e+04
4.472510000000000582e+04
3.794029999999999563e+04
3.825940000000000873e+04
3.102610000000000218e+04
3.965570000000000437e+04
3.357369999999999709e+04
3.959529999999999563e+04
5.848940000000000146e+04
8.814909999999997672e+04
6.719960000000000582e+04
3.221949999999999636e+04
2.989089999999999418e+04
3.671220000000001164e+04
4.674300000000000728e+04
7.588379999999995925e+04
1.157750999999999767e+05
1.810015999999999767e+05
1.968032000000000407e+05
1.189833000000000029e+05
5.338980000000001746e+04
4.661350000000003638e+04
4.186910000000001310e+04
4.413609999999997672e+04
6.725150000000002910e+04
9.762509999999997672e+04
1.708246000000000931e+05
2.172041999999999825e+05
1.872330000000000000e+05
9.531069999999993888e+04
4.769759999999999854e+04
4.779700000000001455e+04
4.087329999999998108e+04
5.913849999999999272e+04
8.180109999999999127e+04
1.121576000000000349e+05
1.664162000000000116e+05
1.585054999999999418e+05
1.039207000000000262e+05
5.083429999999999563e+04
4.480510000000000582e+04
4.604500000000000728e+04
4.268940000000000873e+04
6.445610000000002765e+04
7.974420000000004075e+04
1.248497000000000262e+05
1.450622999999999884e+05
1.058730000000000146e+05
6.876039999999999418e+04
4.257570000000001164e+04
4.752870000000000437e+04
3.980629999999999563e+04
4.510330000000001019e+04
6.036390000000000146e+04
7.477800000000001455e+04
1.184516000000000058e+05
1.085923999999999796e+05
8.409940000000000873e+04
6.153710000000000582e+04
4.108149999999998545e+04
4.038290000000000873e+04
3.151420000000000073e+04
4.378750000000001455e+04
4.820390000000000146e+04
6.319849999999998545e+04
8.182390000000002328e+04
9.543459999999999127e+04
1.165395000000000000e+05
7.386959999999999127e+04
6.632459999999997672e+04
5.420209999999998399e+04
4.871240000000001601e+04
6.777450000000000000e+04
8.297889999999999418e+04
1.380653999999999942e+05
1.568279999999999418e+05
1.327940999999999767e+05
7.460239999999999418e+04
5.292029999999998836e+04
4.391910000000000582e+04
3.694200000000000728e+04
5.110689999999999418e+04
6.614930000000004657e+04
1.052733000000000320e+05
1.596362000000000698e+05
1.838148999999999942e+05
1.360102999999999593e+05
6.614989999999999418e+04
5.164629999999998108e+04
3.786609999999999854e+04
4.130330000000000291e+04
5.767530000000001019e+04
7.891240000000002328e+04
1.258738999999999942e+05
1.611515000000000000e+05
1.519938000000000466e+05
8.918940000000000873e+04
4.446280000000000291e+04
3.925340000000000873e+04
2.851670000000000437e+04
2.930509999999999491e+04
3.028469999999998618e+04
3.260800000000000728e+04
3.695819999999998981e+04
5.509859999999999854e+04
8.420570000000001164e+04
6.343059999999998399e+04
3.229180000000001382e+04
3.351630000000000291e+04
3.648669999999999709e+04
4.796140000000001601e+04
6.780569999999999709e+04
9.173660000000000582e+04
1.244306999999999680e+05
1.025106999999999680e+05
6.845619999999999709e+04
4.578259999999999854e+04
4.774560000000000582e+04
3.771880000000001746e+04
4.666959999999999127e+04
6.450359999999999854e+04
8.732750000000000000e+04
1.379294000000000233e+05
1.270391000000000204e+05
9.051640000000002328e+04
5.130949999999998545e+04
3.672980000000001019e+04
4.096950000000001455e+04
3.547209999999999854e+04
5.436600000000001455e+04
7.193760000000002037e+04
1.018580000000000146e+05
1.387189999999999709e+05
1.078880000000000146e+05
7.134539999999999418e+04
4.319100000000001455e+04
4.458519999999998981e+04
4.110999999999998545e+04
4.261550000000000000e+04
6.032710000000000582e+04
7.513639999999999418e+04
1.229607000000000698e+05
1.543240000000000582e+05
1.369570000000000291e+05
7.663830000000001746e+04
5.010399999999997817e+04
3.899909999999999127e+04
3.201020000000000073e+04
4.528910000000002037e+04
5.657290000000000873e+04
9.401889999999997963e+04
1.394397000000000116e+05
1.753613999999999651e+05
1.380291999999999825e+05
6.545389999999997963e+04
4.855170000000001164e+04
3.695509999999999854e+04
3.967870000000000437e+04
5.818220000000001892e+04
7.914900000000001455e+04
1.288753000000000611e+05
1.632799000000000233e+05
1.525107999999999593e+05
8.512539999999997963e+04
4.871540000000000146e+04
4.414179999999998836e+04
3.455720000000001164e+04
4.832320000000001892e+04
6.262339999999999418e+04
9.301150000000000000e+04
1.294431999999999825e+05
1.249942999999999593e+05
8.045159999999997672e+04
4.088810000000001310e+04
3.752500000000000000e+04
3.680219999999998981e+04
3.599829999999998108e+04
5.225669999999998981e+04
6.233530000000000291e+04
9.601520000000002619e+04
1.071825000000000437e+05
8.502410000000003492e+04
5.743680000000000291e+04
3.622739999999999418e+04
3.802979999999999563e+04
3.296650000000000000e+04
3.373960000000000582e+04
4.569389999999999418e+04
5.360800000000000000e+04
8.348879999999997381e+04
8.034370000000004075e+04
6.533710000000000582e+04
6.121139999999998690e+04
4.125889999999999418e+04
3.664650000000000000e+04
2.803240000000000146e+04
2.463459999999999854e+04
2.524269999999999709e+04
2.541240000000000146e+04
3.590699999999999272e+04
5.995110000000000582e+04
6.721129999999998836e+04
4.122059999999999854e+04
2.617430000000000291e+04
2.868879999999999200e+04
3.199119999999999345e+04
4.124769999999999709e+04
6.162800000000001455e+04
9.557460000000000582e+04
1.559961000000000640e+05
1.705904000000000233e+05
1.048852000000000262e+05
6.328089999999998690e+04
4.498989999999998690e+04
3.441289999999998690e+04
4.563369999999998254e+04
4.993089999999998690e+04
8.408570000000001164e+04
1.166096000000000058e+05
1.562292999999999884e+05
1.320709000000000524e+05
7.007940000000000873e+04
5.308050000000001455e+04
3.573639999999999418e+04
4.194610000000002037e+04
5.474960000000001310e+04
7.318380000000004657e+04
1.120762000000000116e+05
1.364292000000000116e+05
1.291917999999999738e+05
7.626489999999999418e+04
4.689450000000000000e+04
4.024670000000001892e+04
3.228789999999999054e+04
4.749539999999999418e+04
5.637199999999996362e+04
8.151319999999999709e+04
1.147773999999999942e+05
1.201969999999999563e+05
8.402340000000000873e+04
4.161659999999999854e+04
3.510820000000000437e+04
3.218110000000000582e+04
3.317649999999999272e+04
4.900090000000000873e+04
6.116429999999998108e+04
9.088549999999998545e+04
1.107756000000000058e+05
1.029186999999999825e+05
6.509269999999998981e+04
3.490690000000000146e+04
3.450480000000001019e+04
2.983380000000000291e+04
3.938790000000000146e+04
5.620239999999999418e+04
7.163669999999998254e+04
1.075890999999999913e+05
1.205739999999999709e+05
9.235289999999999418e+04
5.037919999999999709e+04
3.466069999999999709e+04
3.529400000000000000e+04
2.994359999999999854e+04
4.443050000000000728e+04
5.607229999999999563e+04
8.116339999999997963e+04
1.152983999999999796e+05
1.204884000000000233e+05
8.293000000000002910e+04
4.739209999999999127e+04
3.960040000000001601e+04
2.956249999999999636e+04
3.717849999999999272e+04
4.529880000000001019e+04
6.110660000000002037e+04
9.051370000000002619e+04
1.136836999999999971e+05
1.205072999999999738e+05
8.052450000000001455e+04
5.641400000000001455e+04
4.056219999999999709e+04
3.116900000000000000e+04
4.265199999999999272e+04
5.072589999999999418e+04
7.360050000000002910e+04
1.005167000000000116e+05
1.131536999999999971e+05
9.224420000000001164e+04
5.251849999999999272e+04
3.851740000000000873e+04
3.152459999999998763e+04
2.625100000000001455e+04
3.107030000000001382e+04
2.682960000000000218e+04
2.794400000000000364e+04
3.725830000000000291e+04
6.593460000000000582e+04
7.236420000000002619e+04
4.314309999999998399e+04
2.947750000000000000e+04
3.551830000000000291e+04
3.664950000000000000e+04
5.431140000000002328e+04
7.125579999999998836e+04
9.571230000000004657e+04
9.867379999999995925e+04
6.390950000000001455e+04
3.938590000000000873e+04
3.686149999999998545e+04
3.967959999999998399e+04
3.259059999999999854e+04
4.678800000000000728e+04
5.041949999999998545e+04
7.505080000000000291e+04
8.679739999999999418e+04
7.859450000000001455e+04
5.629109999999999127e+04
3.452379999999999563e+04
3.245500000000000728e+04
2.784400000000001091e+04
3.244669999999999709e+04
4.535880000000000291e+04
5.459419999999999709e+04
7.514080000000000291e+04
8.015860000000002037e+04
6.128959999999999854e+04
4.548110000000000582e+04
3.249180000000000291e+04
3.624800000000000000e+04
2.988360000000000946e+04
3.700889999999998690e+04
4.529500000000002183e+04
6.163680000000000291e+04
8.223450000000000000e+04
8.433180000000000291e+04
7.765009999999999127e+04
5.369449999999998545e+04
4.593740000000001601e+04
3.205349999999999636e+04
3.599100000000000000e+04
4.139119999999998981e+04
5.683719999999998981e+04
8.688789999999996508e+04
1.141093000000000175e+05
1.194993000000000029e+05
7.561239999999999418e+04
5.541439999999999418e+04
4.344169999999999709e+04
3.291190000000000146e+04
4.584069999999999709e+04
5.414959999999999854e+04
8.145799999999998545e+04
1.074454999999999418e+05
1.164877999999999884e+05
8.813140000000002328e+04
4.997290000000000146e+04
4.523589999999998690e+04
3.351979999999999563e+04
3.750779999999999563e+04
5.321549999999998545e+04
6.866259999999997672e+04
1.019582000000000262e+05
1.166778999999999796e+05
9.686270000000001164e+04
5.559960000000000582e+04
3.659680000000000291e+04
3.750719999999998981e+04
3.019240000000000509e+04
4.190540000000000873e+04
5.388180000000000291e+04
7.476700000000000000e+04
1.003173000000000175e+05
9.469360000000002037e+04
6.686689999999999418e+04
3.748930000000000291e+04
3.160129999999999927e+04
3.500389999999999418e+04
3.209689999999999054e+04
4.880240000000000146e+04
5.351860000000000582e+04
7.139349999999998545e+04
8.451600000000002910e+04
6.521070000000001164e+04
5.379050000000000728e+04
3.999150000000000728e+04
3.745840000000000146e+04
3.021700000000000000e+04
2.326149999999999636e+04
2.376500000000000364e+04
2.169510000000000218e+04
2.385059999999999854e+04
3.836719999999997526e+04
6.542499999999997817e+04
6.404690000000000873e+04
3.817969999999998254e+04
3.456470000000000437e+04
3.480990000000000873e+04
3.492550000000000728e+04
5.115650000000000728e+04
7.155510000000003492e+04
1.081917000000000116e+05
1.232034000000000378e+05
9.010899999999998545e+04
5.380490000000000873e+04
4.488109999999999854e+04
3.352619999999999709e+04
3.759060000000000582e+04
4.566589999999997963e+04
5.885179999999999563e+04
9.189719999999998254e+04
1.098291000000000058e+05
1.022424999999999563e+05
6.458659999999996217e+04
4.727770000000003347e+04
3.861990000000001601e+04
3.135160000000000218e+04
4.398059999999999854e+04
5.105689999999997963e+04
7.167870000000002619e+04
9.255149999999997090e+04
9.247999999999995634e+04
7.100380000000000291e+04
4.427350000000000728e+04
4.047359999999998399e+04
3.290630000000000291e+04
3.471660000000000582e+04
4.903070000000001892e+04
5.978450000000000000e+04
8.636549999999997090e+04
9.924580000000001746e+04
8.270869999999999709e+04
4.958399999999999272e+04
3.522420000000001164e+04
3.868290000000002328e+04
3.355650000000000000e+04
4.617809999999999854e+04
5.761860000000002765e+04
7.376980000000000291e+04
1.011188000000000029e+05
9.512900000000002910e+04
6.199569999999999709e+04
3.576009999999999854e+04
3.611450000000000000e+04
3.713119999999999709e+04
3.269979999999999200e+04
4.782010000000000582e+04
5.319240000000000146e+04
7.106989999999999418e+04
8.957080000000000291e+04
6.812749999999998545e+04
4.500699999999998545e+04
3.166180000000000291e+04
3.236879999999998836e+04
2.870700000000000728e+04
3.263760000000002037e+04
4.302809999999999854e+04
5.305779999999998836e+04
8.385889999999997963e+04
1.020376000000000495e+05
9.403810000000000582e+04
6.246920000000000437e+04
4.671790000000001601e+04
3.787119999999999709e+04
3.423810000000000582e+04
4.384600000000000000e+04
4.790100000000000000e+04
7.388529999999998836e+04
9.492829999999998836e+04
1.111983000000000175e+05
9.318389999999990687e+04
6.624289999999999418e+04
5.432979999999998836e+04
3.407440000000000873e+04
4.052089999999999418e+04
4.334610000000000582e+04
5.354690000000000146e+04
7.556039999999997963e+04
8.345019999999999709e+04
8.749439999999999418e+04
6.617260000000000582e+04
5.093209999999999127e+04
3.661949999999997817e+04
2.475229999999999927e+04
2.565100000000000728e+04
2.310629999999999563e+04
2.294369999999999345e+04
2.419019999999999709e+04
3.421339999999999418e+04
5.650930000000001019e+04
5.306839999999998690e+04
3.443259999999999127e+04
3.727529999999999563e+04
3.344330000000001746e+04
4.374779999999999563e+04
5.942630000000001746e+04
7.824519999999996799e+04
8.954499999999998545e+04
6.549000000000000728e+04
4.017509999999999854e+04
3.208350000000000000e+04
3.647570000000001892e+04
3.188490000000000509e+04
4.474750000000000000e+04
5.784740000000000146e+04
7.578919999999999709e+04
9.970540000000002328e+04
9.473990000000002328e+04
6.695090000000002328e+04
3.999110000000000582e+04
3.696950000000000728e+04
3.425909999999999854e+04
3.101560000000000218e+04
4.531239999999997963e+04
4.903400000000000000e+04
6.337610000000000582e+04
7.916959999999999127e+04
6.325939999999997235e+04
4.367100000000000728e+04
3.176799999999999636e+04
3.341720000000001164e+04
2.966950000000000000e+04
3.471220000000000437e+04
4.728050000000001455e+04
5.944219999999998981e+04
8.295939999999999418e+04
9.471499999999998545e+04
8.602450000000001455e+04
5.765300000000002183e+04
5.171249999999999272e+04
3.948250000000000000e+04
3.349729999999999563e+04
4.438519999999999709e+04
5.213459999999997672e+04
7.775349999999998545e+04
9.783189999999997963e+04
9.877000000000000000e+04
6.920200000000001455e+04
4.793140000000000146e+04
4.600729999999998108e+04
3.317110000000000582e+04
3.980909999999999854e+04
5.180170000000000437e+04
6.685580000000000291e+04
9.484750000000001455e+04
1.011078000000000029e+05
7.889480000000001746e+04
4.864030000000001019e+04
4.156420000000001164e+04
3.832210000000000582e+04
2.997329999999999927e+04
4.091040000000000146e+04
5.019559999999999854e+04
6.571750000000001455e+04
7.965990000000003783e+04
6.818250000000000000e+04
4.443610000000000582e+04
3.183010000000000218e+04
3.509690000000000146e+04
3.240729999999998108e+04
3.475659999999999854e+04
4.882239999999998690e+04
5.552469999999996799e+04
6.950369999999999709e+04
7.076630000000003201e+04
4.864769999999998981e+04
3.283909999999999854e+04
3.134599999999999272e+04
3.838420000000001164e+04
3.087879999999998836e+04
3.482760000000000582e+04
4.023100000000000728e+04
3.949459999999998399e+04
4.718700000000002183e+04
3.855509999999999854e+04
3.721769999999998981e+04
3.774649999999998545e+04
3.255259999999999491e+04
2.891109999999999491e+04
2.298670000000000073e+04
2.011279999999999927e+04
2.171059999999999127e+04
2.772319999999999345e+04
4.267990000000001601e+04
5.827479999999998836e+04
4.837910000000002765e+04
2.930189999999999418e+04
2.423850000000000728e+04
2.896389999999997599e+04
3.085669999999999709e+04
3.610670000000000437e+04
5.502999999999999272e+04
6.637070000000001164e+04
7.917580000000000291e+04
7.808859999999999127e+04
5.457269999999999709e+04
4.856270000000000437e+04
3.826729999999999563e+04
3.044000000000000364e+04
3.960900000000000000e+04
4.596600000000000728e+04
6.600520000000001164e+04
7.587019999999998254e+04
7.657519999999995343e+04
6.417919999999999709e+04
5.272440000000001601e+04
4.906020000000001892e+04
3.238649999999999636e+04
3.622320000000000437e+04
4.237560000000000582e+04
5.546880000000001019e+04
7.022089999999999418e+04
7.694890000000002328e+04
6.904129999999997381e+04
4.874190000000000146e+04
4.553210000000001310e+04
3.806989999999998690e+04
2.914069999999999345e+04
3.772719999999999709e+04
4.513240000000000146e+04
5.952049999999999272e+04
7.488259999999999127e+04
6.848489999999999418e+04
4.934140000000000146e+04
3.742060000000000582e+04
4.103739999999998690e+04
3.439380000000000291e+04
3.254670000000001164e+04
4.468020000000000437e+04
5.714850000000001455e+04
7.749360000000000582e+04
8.852769999999998254e+04
7.121989999999996508e+04
4.380340000000002328e+04
3.708480000000001019e+04
4.044119999999999709e+04
3.129949999999999636e+04
3.580750000000000728e+04
4.819210000000002037e+04
6.089150000000000728e+04
8.264780000000000291e+04
7.690800000000002910e+04
5.203339999999999418e+04
3.546879999999998108e+04
3.729990000000000146e+04
3.700400000000000728e+04
3.077719999999999709e+04
4.013410000000000582e+04
5.004970000000000437e+04
6.821999999999997090e+04
7.488299999999995634e+04
6.183040000000000873e+04
4.393589999999999418e+04
3.868100000000001455e+04
3.799650000000002183e+04
2.878319999999999345e+04
3.258019999999999709e+04
4.177340000000000146e+04
5.149209999999998399e+04
6.432999999999997817e+04
6.485230000000000291e+04
5.268850000000001455e+04
3.901769999999999709e+04
3.880430000000001746e+04
3.575020000000001164e+04
2.897079999999999927e+04
3.941450000000000000e+04
4.815260000000001310e+04
6.378869999999998981e+04
8.070999999999997090e+04
7.356049999999997090e+04
5.514629999999999563e+04
4.038969999999998981e+04
3.640100000000000000e+04
2.916720000000000800e+04
2.216780000000000291e+04
2.026520000000000800e+04
2.005759999999998763e+04
2.236009999999999854e+04
3.326089999999999418e+04
4.968180000000001746e+04
4.659850000000000000e+04
3.015079999999999563e+04
2.901690000000000509e+04
3.337139999999999418e+04
3.631460000000000582e+04
4.260370000000001892e+04
4.994340000000000146e+04
5.656909999999999854e+04
4.820690000000001601e+04
3.725009999999999854e+04
3.357250000000001455e+04
3.693640000000000146e+04
3.439900000000001455e+04
2.827739999999999054e+04
3.729360000000000582e+04
4.081440000000002328e+04
5.092430000000001746e+04
5.635770000000000437e+04
4.091440000000000873e+04
3.076000000000000000e+04
3.076580000000001382e+04
3.930659999999999854e+04
3.287470000000001164e+04
3.379370000000000437e+04
4.252759999999998399e+04
4.719300000000000728e+04
6.227280000000001746e+04
5.248599999999999272e+04
3.750149999999999272e+04
3.128300000000000364e+04
3.463509999999999854e+04
4.006989999999999418e+04
3.117360000000000218e+04
3.623600000000001455e+04
4.557009999999999127e+04
5.550980000000001019e+04
6.389750000000000728e+04
5.731899999999997817e+04
4.995019999999998981e+04
5.096249999999998545e+04
4.561759999999999127e+04
3.120109999999998763e+04
3.652159999999999127e+04
4.337739999999999418e+04
5.672289999999998690e+04
6.824460000000000582e+04
6.816980000000000291e+04
6.902819999999998254e+04
6.345019999999998981e+04
6.221850000000000000e+04
4.191909999999999127e+04
3.041499999999998909e+04
3.719920000000002619e+04
4.279999999999999272e+04
5.390020000000000437e+04
5.654579999999999563e+04
4.936649999999997817e+04
4.495879999999999563e+04
4.734630000000001019e+04
4.518730000000000291e+04
3.909539999999998690e+04
3.908309999999999127e+04
4.751270000000001164e+04
5.772180000000000291e+04
7.011599999999997090e+04
7.242100000000002910e+04
5.121960000000000582e+04
3.641540000000000873e+04
4.233830000000001019e+04
4.321189999999999418e+04
3.113639999999998690e+04
3.857420000000001164e+04
4.647750000000000000e+04
4.923520000000000437e+04
5.718490000000000873e+04
4.418549999999997817e+04
3.322519999999999709e+04
3.298040000000000146e+04
4.301890000000000146e+04
3.904270000000000437e+04
2.889389999999999782e+04
3.676180000000001019e+04
3.743549999999997817e+04
4.648229999999999563e+04
4.865160000000000582e+04
3.490150000000000000e+04
2.967789999999998327e+04
2.977309999999999854e+04
3.108400000000001455e+04
2.507999999999998909e+04
2.083519999999999709e+04
2.020940000000000146e+04
2.149299999999999636e+04
2.798870000000000800e+04
4.334650000000001455e+04
5.664379999999999563e+04
4.437560000000002037e+04
3.037829999999999927e+04
3.447619999999999709e+04
3.536639999999999418e+04
3.217270000000000073e+04
4.062400000000000000e+04
4.830270000000001164e+04
4.812050000000000728e+04
4.691520000000000437e+04
4.391860000000001310e+04
4.246650000000001455e+04
3.486230000000001746e+04
2.660029999999999927e+04
3.085300000000000000e+04
3.749969999999999709e+04
4.753209999999998399e+04
5.699229999999999563e+04
5.997970000000000437e+04
5.113149999999999272e+04
3.941989999999999418e+04
3.861770000000001164e+04
3.558300000000000000e+04
3.014160000000000218e+04
3.730549999999999272e+04
4.752260000000002037e+04
6.009980000000000291e+04
7.219900000000000000e+04
6.164159999999999127e+04
4.502060000000001310e+04
3.837190000000000146e+04
3.638189999999999418e+04
3.063799999999999272e+04
2.809610000000000218e+04
3.163020000000000437e+04
3.390059999999999854e+04
4.131150000000000728e+04
3.969989999999999418e+04
3.836439999999997963e+04
3.576690000000000146e+04
3.757169999999999709e+04
4.548619999999999709e+04
3.401800000000000728e+04
4.117390000000000873e+04
4.920559999999999854e+04
5.402340000000000873e+04
7.124349999999998545e+04
5.170139999999999418e+04
3.116200000000000000e+04
2.852470000000000073e+04
3.862910000000002037e+04
4.155730000000001019e+04
3.420800000000000000e+04
4.581730000000000291e+04
4.834620000000001164e+04
5.891989999999997963e+04
5.580569999999998254e+04
3.761999999999998545e+04
3.287490000000000146e+04
3.449109999999999127e+04
4.835569999999999709e+04
3.930390000000001601e+04
3.531709999999998399e+04
4.475610000000001310e+04
4.856809999999998399e+04
5.512280000000000291e+04
4.962669999999998254e+04
3.789920000000000437e+04
4.044909999999999854e+04
4.713390000000000146e+04
3.390590000000000873e+04
3.159520000000000437e+04
3.842730000000000291e+04
4.419060000000001310e+04
5.429250000000001455e+04
5.221239999999999418e+04
4.976069999999998254e+04
5.145790000000000146e+04
6.152740000000001601e+04
4.862899999999999272e+04
3.054859999999999127e+04
3.667630000000000291e+04
4.135749999999998545e+04
5.149780000000003201e+04
6.127519999999998254e+04
6.498809999999999127e+04
6.617500000000000000e+04
6.076800000000002183e+04
4.928870000000001164e+04
3.098279999999999927e+04
2.301480000000001382e+04
2.121909999999999127e+04
1.965980000000000291e+04
2.109310000000000582e+04
2.485219999999999345e+04
3.687579999999998836e+04
4.171469999999999709e+04
3.097370000000000073e+04
3.023309999999999127e+04
3.356210000000000582e+04
2.905250000000000364e+04
3.121929999999999927e+04
3.527629999999998836e+04
3.744470000000001892e+04
3.478180000000000291e+04
2.734219999999999345e+04
2.645470000000000800e+04
3.192510000000000218e+04
3.164109999999999854e+04
2.649859999999999127e+04
3.299040000000000873e+04
3.849040000000000146e+04
4.281350000000000728e+04
4.718300000000002910e+04
3.756159999999999127e+04
2.904050000000000000e+04
3.234290000000002328e+04
3.756129999999998836e+04
2.990250000000001091e+04
2.881059999999999854e+04
3.458360000000000582e+04
3.855299999999998545e+04
4.862800000000000000e+04
4.667160000000001310e+04
3.710840000000000146e+04
3.458570000000001164e+04
3.634790000000000873e+04
3.277340000000000873e+04
2.437419999999999345e+04
2.482450000000000000e+04
2.970670000000000437e+04
3.811729999999998108e+04
4.679700000000002183e+04
4.901729999999998836e+04
4.872650000000000728e+04
4.745129999999996653e+04
3.800090000000000146e+04
2.539899999999999272e+04
2.314800000000000364e+04
2.501150000000000000e+04
2.821559999999999491e+04
3.600360000000000582e+04
3.745459999999998399e+04
3.763600000000002183e+04
4.044369999999999709e+04
3.897599999999999272e+04
2.988310000000001310e+04
2.229439999999999418e+04
2.454230000000000655e+04
2.706949999999998545e+04
3.458930000000000291e+04
4.516539999999999418e+04
4.532619999999998981e+04
4.241580000000000291e+04
4.050179999999998836e+04
3.553569999999998254e+04
2.749489999999998690e+04
2.191779999999999927e+04
2.422700000000000364e+04
2.773490000000000509e+04
3.608390000000000146e+04
4.375799999999999272e+04
4.301180000000000291e+04
4.017330000000001019e+04
3.623720000000000437e+04
2.993499999999998909e+04
2.347760000000000946e+04
2.273849999999998909e+04
2.661340000000000509e+04
2.988149999999999272e+04
3.722420000000000437e+04
4.222390000000000146e+04
3.678289999999999418e+04
3.176140000000000509e+04
2.831470000000000800e+04
2.414320000000000437e+04
2.078030000000000291e+04
2.244610000000000218e+04
2.470930000000000655e+04
2.766659999999998763e+04
3.556679999999999563e+04
3.649269999999999709e+04
3.234839999999999418e+04
3.037160000000000946e+04
2.609079999999998836e+04
2.270470000000000437e+04
2.018079999999999563e+04
1.939940000000000146e+04
1.956659999999999854e+04
1.977630000000000655e+04
2.106189999999999782e+04
2.594689999999999418e+04
3.429690000000000873e+04
3.381679999999999563e+04
2.768789999999999782e+04
2.328539999999999418e+04
2.038259999999999854e+04
2.180870000000000073e+04
2.701189999999999782e+04
3.353190000000000873e+04
4.532249999999999272e+04
6.414350000000000728e+04
6.373040000000000873e+04
4.325700000000000000e+04
2.815200000000000000e+04
2.338710000000000218e+04
2.190160000000000218e+04
2.268300000000001091e+04
3.066820000000000073e+04
3.778490000000003056e+04
4.888210000000001310e+04
6.163339999999999418e+04
5.238239999999998690e+04
3.269380000000001019e+04
2.563420000000000437e+04
2.217559999999999127e+04
1.987639999999999418e+04
2.214059999999999127e+04
2.908380000000000655e+04
3.469180000000001019e+04
4.370630000000001746e+04
4.740039999999998690e+04
3.445259999999999854e+04
2.266489999999999418e+04
2.178300000000000728e+04
2.061359999999999854e+04
2.085099999999999636e+04
2.223379999999999563e+04
2.366740000000000146e+04
2.722180000000000291e+04
3.301250000000000000e+04
3.618689999999998690e+04
2.939030000000001019e+04
2.245360000000000218e+04
2.463019999999999345e+04
2.592570000000000437e+04
2.478499999999999636e+04
2.761650000000000728e+04
2.954759999999999854e+04
3.090620000000000437e+04
3.505329999999999563e+04
3.811679999999999563e+04
2.947419999999999709e+04
2.362749999999998909e+04
2.753760000000000946e+04
2.691430000000000655e+04
2.879159999999999491e+04
3.313220000000000437e+04
3.153490000000000873e+04
3.317980000000000291e+04
3.842650000000000728e+04
3.700230000000001746e+04
2.767930000000000291e+04
2.400460000000000582e+04
2.653939999999999782e+04
2.837539999999998690e+04
3.588469999999999709e+04
4.402550000000000000e+04
5.163479999999998836e+04
5.772669999999997526e+04
5.095600000000002910e+04
3.544490000000000146e+04
2.471100000000000728e+04
2.329899999999999272e+04
2.231779999999999927e+04
2.467159999999999854e+04
3.239160000000001310e+04
3.464669999999999709e+04
3.589760000000000582e+04
3.631620000000000437e+04
2.961499999999999272e+04
2.319980000000000655e+04
2.138610000000000582e+04
2.199099999999999272e+04
2.251039999999999782e+04
2.720780000000001019e+04
3.188069999999999345e+04
3.264260000000000582e+04
2.917349999999999272e+04
2.392280000000001019e+04
2.014810000000000582e+04
1.989700000000000000e+04
1.979719999999999709e+04
1.998619999999998981e+04
2.228899999999999272e+04
2.506159999999999491e+04
2.835840000000000873e+04
2.800669999999999709e+04
2.335740000000000873e+04
2.140769999999998618e+04
2.064459999999999491e+04
2.014990000000000146e+04
2.028820000000000800e+04
2.073859999999999854e+04
2.435609999999999854e+04
2.730290000000000509e+04
2.642689999999999782e+04
2.729290000000000509e+04
3.075459999999999491e+04
2.717970000000001164e+04
2.173350000000000364e+04
2.256189999999999418e+04
2.293620000000000437e+04
2.415639999999999782e+04
2.985559999999999854e+04
3.009980000000000291e+04
2.969100000000000000e+04
3.596880000000000291e+04
3.748740000000001601e+04
2.941879999999999927e+04
2.211570000000000437e+04
2.249089999999999782e+04
2.145790000000000509e+04
2.067700000000000000e+04
2.243590000000000146e+04
2.326490000000000509e+04
2.858729999999999927e+04
3.651540000000000873e+04
3.714129999999998836e+04
2.889250000000000000e+04
2.286150000000001091e+04
2.481429999999999927e+04
2.495910000000000218e+04
2.615999999999999636e+04
3.541850000000000728e+04
4.202030000000000291e+04
3.913239999999999418e+04
3.110189999999999054e+04
2.372639999999999782e+04
2.082330000000000291e+04
2.201419999999999709e+04
2.260079999999999563e+04
2.365710000000001310e+04
3.056449999999998545e+04
3.842330000000001746e+04
4.004929999999999563e+04
3.444740000000000873e+04
2.546559999999999854e+04
2.096059999999999127e+04
2.120219999999999709e+04
2.030900000000000364e+04
1.934580000000000291e+04
2.047650000000001455e+04
2.173910000000000582e+04
2.318799999999999636e+04
2.688949999999999272e+04
2.987920000000000800e+04
2.669739999999999418e+04
2.171110000000000946e+04
2.082080000000000655e+04
2.045419999999999709e+04
2.008399999999999636e+04
2.190349999999998909e+04
2.273330000000001019e+04
2.203479999999999563e+04
2.306499999999999272e+04
2.510009999999999491e+04
2.337229999999999927e+04
2.022000000000000728e+04
2.149240000000000146e+04
2.216140000000000146e+04
2.151259999999999491e+04
2.319530000000001019e+04
2.227390000000000146e+04
1.999540000000000509e+04
2.035689999999998327e+04
2.059690000000000873e+04
1.946710000000000582e+04
1.892670000000000073e+04
1.989940000000000873e+04
1.990159999999999127e+04
2.042460000000000946e+04
2.315140000000000146e+04
2.264690000000000146e+04
2.125659999999999127e+04
2.103950000000000000e+04
1.996990000000000146e+04
2.077370000000000073e+04
2.157440000000000146e+04
2.041970000000000073e+04
2.233669999999998981e+04
2.491329999999999563e+04
2.172209999999999854e+04
1.968859999999999491e+04
1.963109999999999854e+04
2.070010000000000218e+04
2.179420000000000437e+04
2.025200000000000000e+04
2.019670000000000437e+04
2.304969999999999345e+04
2.402549999999999636e+04
2.442420000000000073e+04
2.674559999999999854e+04
2.764170000000000073e+04
2.427019999999999345e+04
2.029069999999998981e+04
1.888359999999998763e+04
2.080670000000001164e+04
2.442989999999999054e+04
2.642280000000000291e+04
2.955650000000001091e+04
3.344950000000000728e+04
3.601270000000001892e+04
3.139640000000000873e+04
2.371590000000001237e+04
1.944829999999999563e+04
1.914619999999999709e+04
2.063429999999999927e+04
2.156779999999999200e+04
2.171150000000000728e+04
2.289890000000000146e+04
2.858979999999999563e+04
3.505130000000000291e+04
3.387700000000000000e+04
2.568100000000000000e+04
2.011400000000000364e+04
1.974500000000000000e+04
2.031129999999999563e+04
1.959029999999998836e+04
1.918010000000000218e+04
2.158949999999999636e+04
2.735779999999999927e+04
3.298900000000000000e+04
3.185810000000000218e+04
2.502880000000000291e+04
2.004709999999999127e+04
2.143379999999998836e+04
2.412359999999999491e+04
2.332989999999999418e+04
2.222409999999999854e+04
2.328079999999999200e+04
2.474449999999998909e+04
2.476459999999999854e+04
2.310740000000000146e+04
2.043110000000000218e+04
1.924590000000000146e+04
2.030499999999999636e+04
2.134380000000000655e+04
2.039279999999999200e+04
2.136930000000000655e+04
2.604659999999998763e+04
2.966209999999999127e+04
2.779270000000000073e+04
2.235519999999999709e+04
1.901670000000000073e+04
1.945020000000000073e+04
2.085800000000000728e+04
2.085670000000000437e+04
2.140070000000000073e+04
2.505620000000001164e+04
3.027050000000001455e+04
2.977870000000000073e+04
2.370700000000000728e+04
1.984229999999999563e+04
2.057859999999999854e+04
2.227929999999999927e+04
2.335009999999999127e+04
2.410730000000000655e+04
2.730820000000000073e+04
3.098839999999999782e+04
3.112299999999999272e+04
2.696999999999999272e+04
2.133879999999999563e+04
1.965340000000000509e+04
2.142060000000000582e+04
2.329130000000001746e+04
2.451970000000000437e+04
2.812569999999998981e+04
3.108449999999999272e+04
3.020779999999999200e+04
2.447879999999999200e+04
