1.542948007583618164e+00,7.409967119064933740e+02
3.673832416534423828e+00,7.410582680538173008e+02
5.168930530548095703e+00,7.411857469762862820e+02
6.898084878921508789e+00,7.414548546282417192e+02
8.530494689941406250e+00,7.410583420418797687e+02
1.014262294769287109e+01,7.407306943523806240e+02
1.175829553604125977e+01,7.406476052328798687e+02
1.480991196632385254e+01,7.413875303454880168e+02
1.631740093231201172e+01,7.413196566882796787e+02
1.800360321998596191e+01,7.411910792229851950e+02
1.960890197753906250e+01,7.406588075629807690e+02
2.102114129066467285e+01,7.406075262629087774e+02
2.273063039779663086e+01,7.407238629802352534e+02
2.436000084877014160e+01,7.405604116004188882e+02
2.579828166961669922e+01,7.405531413934984357e+02
2.750259256362915039e+01,7.406123957112047265e+02
2.912767696380615234e+01,7.405346697037422246e+02
3.082898998260498047e+01,7.404992072094967170e+02
3.228535747528076172e+01,7.409724272385898303e+02
3.395872092247009277e+01,7.404661839225104814e+02
3.532345366477966309e+01,7.406795001065565884e+02
3.686767005920410156e+01,7.405851169232132634e+02
3.858495640754699707e+01,7.405025960563464196e+02
4.005145311355590820e+01,7.404446064795052962e+02
4.178192901611328125e+01,7.408675999724490566e+02
4.341703581809997559e+01,7.405879726960133667e+02
4.484439516067504883e+01,7.406762808336826538e+02
4.713377594947814941e+01,7.408677785760985444e+02
4.892901182174682617e+01,7.405540543789314825e+02
5.064554071426391602e+01,7.407034050160318657e+02
5.231792688369750977e+01,7.406041669038858117e+02
5.376000881195068359e+01,7.406846147617886800e+02
5.547498655319213867e+01,7.405645826331511898e+02
5.711672782897949219e+01,7.405379443547557230e+02
5.871449494361877441e+01,7.406200907742974096e+02
6.042445898056030273e+01,7.410764139888731279e+02
6.213754057884216309e+01,7.407522561180589946e+02
6.380762076377868652e+01,7.408502086901183930e+02
6.542778730392456055e+01,7.407981021883052790e+02
6.708820509910583496e+01,7.407158813203712953e+02
6.854865646362304688e+01,7.408732700825884194e+02
7.028772449493408203e+01,7.411673654616142812e+02
7.199985766410827637e+01,7.408411345966126191e+02
7.368429541587829590e+01,7.408388496761521083e+02
7.517791557312011719e+01,7.408994460948091501e+02
7.692057704925537109e+01,7.407256635006282295e+02
7.857496500015258789e+01,7.409641355976425530e+02
8.022279524803161621e+01,7.410029277398876957e+02
8.168959760665893555e+01,7.408873926860110259e+02
8.340004920959472656e+01,7.408423578058523162e+02
8.507842159271240234e+01,7.407199411189894818e+02
8.657783174514770508e+01,7.409000612265060681e+02
8.833018875122070312e+01,7.410498303617497413e+02
8.983794355392456055e+01,7.411151677343856363e+02
9.153042912483215332e+01,7.408679958345853720e+02
9.326945400238037109e+01,7.409812838124259997e+02
9.494998478889465332e+01,7.408349171344825663e+02
9.667566823959350586e+01,7.410326651269970171e+02
9.839790725708007812e+01,7.413724154568722042e+02
1.000789179801940918e+02,7.410814536845942939e+02
1.018201837539672852e+02,7.410649494160370523e+02
1.035418720245361328e+02,7.409318891294169589e+02
1.053243653774261475e+02,7.407883452947230580e+02
1.069207725524902344e+02,7.410553964345323266e+02
1.086390197277069092e+02,7.409217290458489060e+02
1.101496372222900391e+02,7.410916306692193984e+02
1.118693356513977051e+02,7.408495330975023307e+02
1.133877930641174316e+02,7.408054550437776697e+02
1.149314496517181396e+02,7.408212539577571079e+02
1.166758627891540527e+02,7.411190926181814120e+02
1.183140583038330078e+02,7.409329058235923640e+02
1.200302448272705078e+02,7.409647019951155471e+02
1.217355222702026367e+02,7.409821588874746112e+02
1.234883606433868408e+02,7.407295906789920537e+02
1.251902427673339844e+02,7.409637367807537203e+02
1.269256424903869629e+02,7.411476979010781179e+02
1.286452898979187012e+02,7.410732586571530192e+02
1.304256644248962402e+02,7.410333064725854229e+02
1.321488633155822754e+02,7.409300730010078269e+02
1.336495821475982666e+02,7.411087076176072514e+02
1.353862745761871338e+02,7.412325371285927531e+02
1.369420018196105957e+02,7.410638290370475261e+02
1.385056555271148682e+02,7.409281534563775722e+02
1.402499744892120361e+02,7.409300411715086057e+02
1.419587829113006592e+02,7.406845577150396593e+02
1.435142681598663330e+02,7.409373514888388854e+02
1.452683596611022949e+02,7.411399991610620646e+02
1.468096072673797607e+02,7.409338692686997092e+02
1.483756465911865234e+02,7.408983340036716072e+02
1.500966982841491699e+02,7.407394385370405416e+02
1.516701407432556152e+02,7.408571296229810059e+02
1.532422473430633545e+02,7.409856908518808041e+02
1.548202583789825439e+02,7.410183093624223147e+02
1.563858032226562500e+02,7.406928952776667074e+02
1.581603903770446777e+02,7.408010474707768935e+02
1.598997032642364502e+02,7.407939495233058551e+02
1.616699326038360596e+02,7.407964815604824480e+02
1.634689884185791016e+02,7.411566345011875683e+02
1.652513928413391113e+02,7.409473337879679775e+02
1.669468879699707031e+02,7.408745941969158366e+02
1.687316732406616211e+02,7.409245112726522393e+02
1.703170719146728516e+02,7.408259019259681963e+02
1.719024531841278076e+02,7.409774364142666627e+02
1.734257361888885498e+02,7.410177048838864948e+02
1.752398190498352051e+02,7.408572527970443389e+02
1.769978899955749512e+02,7.410248192124622619e+02
1.787398619651794434e+02,7.409356096333350479e+02
1.805242049694061279e+02,7.410712922781963243e+02
1.821156964302062988e+02,7.412202067643563623e+02
1.838993411064147949e+02,7.407654634311678592e+02
1.857290356159210205e+02,7.409993296288462261e+02
1.874674308300018311e+02,7.408806654974954427e+02
1.892483749389648438e+02,7.407696790266595599e+02
1.910402870178222656e+02,7.410287248670155122e+02
1.928405401706695557e+02,7.410044343950463599e+02
1.944344112873077393e+02,7.410492187459323077e+02
1.962295320034027100e+02,7.409217733117729949e+02
1.978678765296936035e+02,7.407726893860835844e+02
1.996816797256469727e+02,7.409186497179175603e+02
2.014553439617156982e+02,7.410966593035279857e+02
2.032194390296936035e+02,7.410246222200989905e+02
2.048378851413726807e+02,7.410291613605074872e+02
2.064556982517242432e+02,7.408921989918286499e+02
2.082889974117279053e+02,7.408455719590979243e+02
2.099096078872680664e+02,7.411405336693272830e+02
2.117689864635467529e+02,7.409301878678440971e+02
2.133758366107940674e+02,7.411395720397169953e+02
2.151902163028717041e+02,7.409470053031592442e+02
2.168067557811737061e+02,7.407116573022249213e+02
2.186693463325500488e+02,7.410675241552913803e+02
2.204400112628936768e+02,7.409045909968721162e+02
2.222674546241760254e+02,7.409794488412785540e+02
2.240410816669464111e+02,7.410806689418645874e+02
2.257875537872314453e+02,7.409313972238827546e+02
2.273464255332946777e+02,7.411147026924431884e+02
2.291999890804290771e+02,7.412214519833737540e+02
2.310288701057434082e+02,7.409804105251510009e+02
2.328449938297271729e+02,7.411361545445555521e+02
2.346579470634460449e+02,7.410023729119521931e+02
2.364887340068817139e+02,7.411015422378814037e+02
2.383214259147644043e+02,7.412976003680054191e+02
2.401515474319458008e+02,7.410719880293588631e+02
2.417904717922210693e+02,7.411001248794191270e+02
2.436322920322418213e+02,7.409971114208515246e+02
2.454334650039672852e+02,7.410647728158859309e+02
2.470745735168457031e+02,7.411596949911498768e+02
2.488739461898803711e+02,7.410653393489509426e+02
2.504917690753936768e+02,7.410887925412677077e+02
2.523280513286590576e+02,7.410783313708541300e+02
2.539691057205200195e+02,7.409771760408361843e+02
2.558134508132934570e+02,7.410555616132269279e+02
2.576693034172058105e+02,7.411942093088879346e+02
2.593419220447540283e+02,7.411284116396514037e+02
2.610290439128875732e+02,7.413021796081407047e+02
2.627052507400512695e+02,7.408643777096762051e+02
2.643551192283630371e+02,7.415258915556953525e+02
2.660303609371185303e+02,7.415357114141060038e+02
2.678979499340057373e+02,7.414577974803105462e+02
2.695678904056549072e+02,7.415749499430171454e+02
2.712543551921844482e+02,7.414195971381299159e+02
2.731496911048889160e+02,7.409538017658154558e+02
2.750360345840454102e+02,7.411951058889551405e+02
2.768701748847961426e+02,7.412575002862488418e+02
2.785530412197113037e+02,7.413877899552302324e+02
2.804410755634307861e+02,7.411904671894568537e+02
2.823601174354553223e+02,7.411496214788130601e+02
2.842473635673522949e+02,7.415191268512450051e+02
2.859559497833251953e+02,7.414229166994610978e+02
2.877714855670928955e+02,7.413659727859487703e+02
2.896769194602966309e+02,7.414234387110516309e+02
2.915695707798004150e+02,7.413580794082153034e+02
2.932687408924102783e+02,7.414933362081966379e+02
2.949841706752777100e+02,7.415371244961088451e+02
2.968797283172607422e+02,7.413448432335061398e+02
2.987919027805328369e+02,7.413508592916030011e+02
3.006634283065795898e+02,7.413493719951965204e+02
3.035390467643737793e+02,7.412362727956611934e+02
3.054591479301452637e+02,7.412038440020972985e+02
3.073546311855316162e+02,7.412620344375710602e+02
3.092713379859924316e+02,7.412488990362509185e+02
3.109980282783508301e+02,7.413851878504849537e+02
3.129216876029968262e+02,7.414543950782294814e+02
3.146431016921997070e+02,7.413820634391970543e+02
3.163798971176147461e+02,1.000000000000000000e+03
3.183290078639984131e+02,7.408748108793902247e+02
3.200677509307861328e+02,7.410935288144021342e+02
3.220018711090087891e+02,7.412110840871924893e+02
3.239692101478576660e+02,7.411385809247228735e+02
3.258998682498931885e+02,7.411711252337235010e+02
3.278392519950866699e+02,7.408763301078290624e+02
3.295874104499816895e+02,7.410979459425840332e+02
3.314974136352539062e+02,7.410668139345010559e+02
3.334497368335723877e+02,7.412627282103850348e+02
3.354042654037475586e+02,7.411097444863635246e+02
3.371296482086181641e+02,7.408725893806669092e+02
3.391179499626159668e+02,7.410600121904337811e+02
3.410515520572662354e+02,7.411555450502245321e+02
3.428162620067596436e+02,7.413022616084823539e+02
3.447391932010650635e+02,7.411180598359653686e+02
3.466604456901550293e+02,7.408378615931225113e+02
3.485759050846099854e+02,7.411820308432688762e+02
3.505045995712280273e+02,7.412099090832709862e+02
3.524694840908050537e+02,7.412384556249780871e+02
3.542657592296600342e+02,7.411452727954590500e+02
3.562152533531188965e+02,7.408827732811359965e+02
3.579905695915222168e+02,7.411033752400231833e+02
3.599724056720733643e+02,7.409931044182284268e+02
3.619510591030120850e+02,7.411114962033357187e+02
3.639884831905364990e+02,7.409772934045938655e+02
3.659679441452026367e+02,7.410383026817785321e+02
3.679510271549224854e+02,7.412267286875659238e+02
3.697315063476562500e+02,7.410149274250817371e+02
3.715444545745849609e+02,7.411950485001971174e+02
3.733538401126861572e+02,7.408070048010106348e+02
3.753005573749542236e+02,7.408259629189275302e+02
3.772883203029632568e+02,7.411210871424281095e+02
3.792717857360839844e+02,7.410797371807398122e+02
3.812743406295776367e+02,7.412541542434117900e+02
3.832786071300506592e+02,7.410175098224488011e+02
3.852919771671295166e+02,7.410231622122045110e+02
3.871319401264190674e+02,7.411784656415292147e+02
3.889709560871124268e+02,7.410314599108693301e+02
3.909898667335510254e+02,7.410784080373074403e+02
3.928175945281982422e+02,7.408072187057213114e+02
3.949001441001892090e+02,7.408237456221010007e+02
3.969307661056518555e+02,7.410719061063119852e+02
3.987815392017364502e+02,7.412003058532569639e+02
4.006383969783782959e+02,7.411019239447550717e+02
4.024811792373657227e+02,7.407158527302348148e+02
4.044902217388153076e+02,7.409022707370800163e+02
4.063104035854339600e+02,7.410987351407968617e+02
4.083295123577117920e+02,7.411283928642358205e+02
4.103982689380645752e+02,7.412462762333383353e+02
4.124398450851440430e+02,7.410067125163693618e+02
4.144505062103271484e+02,7.411943489116877117e+02
4.165176715850830078e+02,7.411455929376390941e+02
4.185890130996704102e+02,7.412799221927701865e+02
4.204570927619934082e+02,7.410253085356315523e+02
4.224889945983886719e+02,7.410003893741011325e+02
4.245577149391174316e+02,7.412174956074072725e+02
4.264266347885131836e+02,7.409754269425595794e+02
4.284937553405761719e+02,7.411102034420833888e+02
4.305300059318542480e+02,7.409433843049148436e+02
4.325998871326446533e+02,7.409894441374553935e+02
4.346695892810821533e+02,7.410952936688375985e+02
4.365777280330657959e+02,7.411405520550742949e+02
4.384705028533935547e+02,7.409881287275823070e+02
4.405504114627838135e+02,7.410040261566417712e+02
4.426585226058959961e+02,7.409401046398759263e+02
4.447618331909179688e+02,7.408824777301157383e+02
4.466674287319183350e+02,7.411875898550915736e+02
4.487697799205780029e+02,7.408181830226615148e+02
4.509015297889709473e+02,7.409428587087176084e+02
4.530035748481750488e+02,7.410468388264362147e+02
4.549227073192596436e+02,7.409992700110293526e+02
4.570477318763732910e+02,7.410324156596445846e+02
4.591554858684539795e+02,7.409441160652979761e+02
4.610947425365447998e+02,7.410372047418964030e+02
4.630192360877990723e+02,7.409412082227198653e+02
4.649347875118255615e+02,7.409204878767861828e+02
4.670167093276977539e+02,7.409684971687170219e+02
4.691375114917755127e+02,7.408464592058480775e+02
4.712655167579650879e+02,7.409811467225605384e+02
4.732090094089508057e+02,7.409227790146725283e+02
4.751592013835906982e+02,7.409909159514779731e+02
4.773035497665405273e+02,7.408782124145396892e+02
4.792514226436614990e+02,7.407613448059622669e+02
4.814073629379272461e+02,7.409570367654720258e+02
4.835815057754516602e+02,7.408571017138692696e+02
4.857076082229614258e+02,7.409172511974763893e+02
4.878274924755096436e+02,7.408119832831034728e+02
4.899908857345581055e+02,7.408695279042476614e+02
4.919297981262207031e+02,7.408626966169031220e+02
4.941066141128540039e+02,7.410360579135090120e+02
4.962276599407196045e+02,7.408865853903492962e+02
4.983875577449798584e+02,7.409151986999098654e+02
5.003723592758178711e+02,7.408770481177799638e+02
5.025327327251434326e+02,7.408152734404201283e+02
5.045315384864807129e+02,7.409514976218540596e+02
5.067337679862976074e+02,7.406714996056748532e+02
5.089345054626464844e+02,7.408882032679899794e+02
5.109234964847564697e+02,7.408161369453142697e+02
5.130894556045532227e+02,7.409577712340258131e+02
5.153096446990966797e+02,7.408481004809439128e+02
5.175082125663757324e+02,7.408974151721613453e+02
5.196889884471893311e+02,7.407287144787667330e+02
5.216937701702117920e+02,7.409381960800449178e+02
5.237130079269409180e+02,7.408486316529283613e+02
5.258948850631713867e+02,7.407741720093777076e+02
5.280664324760437012e+02,7.409164863450191660e+02
5.301017258167266846e+02,7.407732737727327503e+02
5.321248660087585449e+02,7.409482973441815830e+02
5.343649768829345703e+02,7.407243201448760601e+02
5.365669262409210205e+02,7.408703196324029250e+02
5.388119246959686279e+02,7.404828858192121288e+02
5.410019516944885254e+02,7.409339102591446817e+02
5.432696452140808105e+02,7.408925551538088712e+02
5.453318741321563721e+02,7.407905264772925875e+02
5.473877503871917725e+02,7.407066977429137751e+02
5.494408359527587891e+02,7.408344429725145801e+02
5.515040149688720703e+02,7.408563459961505941e+02
5.537975180149078369e+02,7.406744511347288835e+02
5.559936826229095459e+02,7.408659771590673699e+02
5.580554432868957520e+02,7.407388381912452360e+02
5.601182289123535156e+02,7.409974657046487891e+02
5.623614044189453125e+02,7.409071330703566218e+02
5.646745839118957520e+02,7.408227515001840402e+02
5.669390742778778076e+02,7.405154133698885062e+02
5.690316011905670166e+02,7.409278234283191296e+02
5.712915945053100586e+02,7.408727751390684944e+02
5.735839400291442871e+02,7.407766370120593820e+02
5.756643321514129639e+02,7.406281664368383417e+02
5.777596974372863770e+02,7.409072029049938237e+02
5.800458874702453613e+02,7.409704690866703913e+02
5.821216127872467041e+02,7.407848809985237040e+02
5.844290819168090820e+02,7.409331575476004446e+02
5.866301152706146240e+02,7.408045136188108017e+02
5.889058494567871094e+02,7.410836052161371299e+02
5.910245518684387207e+02,7.409084545086999469e+02
5.933510632514953613e+02,7.409651769492737685e+02
5.956519415378570557e+02,7.407888151434497104e+02
5.979592826366424561e+02,7.409611329372936552e+02
6.002833614349365234e+02,7.408421393368056442e+02
6.043790445327758789e+02,7.411873534674906523e+02
6.067470083236694336e+02,7.413335711780528072e+02
6.088954792022705078e+02,7.411724344402435918e+02
6.111986072063446045e+02,7.412061633092788497e+02
6.133158235549926758e+02,7.407293412156882368e+02
6.156960101127624512e+02,7.411813118241267375e+02
6.178456830978393555e+02,7.411226025853937927e+02
6.201876761913299561e+02,7.408900555752461514e+02
6.223402132987976074e+02,7.405998239827656562e+02
6.246379804611206055e+02,7.410401500305448508e+02
6.270037863254547119e+02,7.411132868130824818e+02
6.291753189563751221e+02,7.408381266416819244e+02
6.315357952117919922e+02,7.408730908269602651e+02
6.339069936275482178e+02,7.409672569225122061e+02
6.362379834651947021e+02,7.410847055652801600e+02
6.386080317497253418e+02,7.408760645478698734e+02
6.409791717529296875e+02,7.407860392831945546e+02
6.433797056674957275e+02,7.409806817861026502e+02
6.457406549453735352e+02,7.410459796580404372e+02
6.480913984775543213e+02,7.408671139549196596e+02
6.504603707790374756e+02,7.406119879961615879e+02
6.528391368389129639e+02,7.409880891193213301e+02
6.552019884586334229e+02,7.410852654023383366e+02
6.575986328125000000e+02,7.408695178774368060e+02
6.598017640113830566e+02,7.406043181472360857e+02
6.620294294357299805e+02,7.410306797232310601e+02
6.642320315837860107e+02,7.411791577039437016e+02
6.666590270996093750e+02,7.410415120654353132e+02
6.688818180561065674e+02,7.406511224009271928e+02
6.711157896518707275e+02,7.412001801939801453e+02
6.733515021800994873e+02,7.413466152242084490e+02
6.755979418754577637e+02,7.411764542197570336e+02
6.780288100242614746e+02,7.410592742742232986e+02
6.802980182170867920e+02,7.411537788816082184e+02
6.825516226291656494e+02,7.413098421865502132e+02
6.849898707866668701e+02,7.411837000859612772e+02
6.874178111553192139e+02,7.408584733890853613e+02
6.898849341869354248e+02,7.411811025204001453e+02
6.923504276275634766e+02,7.413381411392592781e+02
6.948035302162170410e+02,7.410080451165657678e+02
6.972940719127655029e+02,7.407142638568121811e+02
6.997225737571716309e+02,7.412000786320268162e+02
7.020096285343170166e+02,7.413604395775150806e+02
7.042798035144805908e+02,7.412352168210910577e+02
7.065144634246826172e+02,7.409434102394232013e+02
7.087705316543579102e+02,7.414607554620214387e+02
7.112990474700927734e+02,7.415160558644158755e+02
7.138205709457397461e+02,7.412108771080501128e+02
7.163404088020324707e+02,7.408053282540114424e+02
7.187953443527221680e+02,7.412342568617541474e+02
7.213003675937652588e+02,7.413747547825294077e+02
7.238231375217437744e+02,7.410130313963973094e+02
7.263287305831909180e+02,7.410277222704447695e+02
7.287962322235107422e+02,7.413138709577140162e+02
7.313375811576843262e+02,7.412487279434985794e+02
7.338604159355163574e+02,7.409663892400023997e+02
7.363777420520782471e+02,7.410751090726339498e+02
7.389340844154357910e+02,7.413190299155885441e+02
7.414798946380615234e+02,7.409931509416809376e+02
7.439995360374450684e+02,7.407287767186187466e+02
7.465320758819580078e+02,7.412685206753051261e+02
7.490780615806579590e+02,7.413746996622867300e+02
7.515896646976470947e+02,7.411292785527534761e+02
7.541058235168457031e+02,7.408623410925143844e+02
7.564777977466583252e+02,7.413493592872490581e+02
7.590037353038787842e+02,7.414059940567669855e+02
7.615503187179565430e+02,7.410036808731908877e+02
7.639390239715576172e+02,7.412160070123322839e+02
7.664242856502532959e+02,7.415879781940355997e+02
7.687742102146148682e+02,7.414502432043818771e+02
7.713000206947326660e+02,7.412557640048134999e+02
7.738618743419647217e+02,7.415466862329373043e+02
7.762616541385650635e+02,7.416218211140508174e+02
7.786703331470489502e+02,7.412760919601855676e+02
7.812589921951293945e+02,7.410436821853064657e+02
7.836629142761230469e+02,7.415756265892039210e+02
7.862736608982086182e+02,7.416076417006481734e+02
7.886299312114715576e+02,7.413406834041061302e+02
7.912193968296051025e+02,7.411070567028768892e+02
7.938292686939239502e+02,7.414931812334051529e+02
7.964657654762268066e+02,7.415887476444803497e+02
7.990790462493896484e+02,7.411530952037987845e+02
8.016879229545593262e+02,7.413975949457046681e+02
8.042879638671875000e+02,7.415482541476900451e+02
8.067353591918945312e+02,7.412279191483328304e+02
8.093693063259124756e+02,7.410753162005811419e+02
8.120054743289947510e+02,7.415460764560741609e+02
8.146228504180908203e+02,7.416872809521928502e+02
8.170318398475646973e+02,7.412982765717267739e+02
8.194716603755950928e+02,7.414236602054141940e+02
8.221174042224884033e+02,7.416684016448114107e+02
8.247666294574737549e+02,7.415514756522163680e+02
8.271594617366790771e+02,7.411677212826828054e+02
8.296268708705902100e+02,7.415756337978918964e+02
8.320704543590545654e+02,7.417390038389956999e+02
8.347494702339172363e+02,7.413570992997076701e+02
8.374177036285400391e+02,7.410441033455322213e+02
8.401202139854431152e+02,7.415845039147644684e+02
8.426418435573577881e+02,7.416456614071646527e+02
8.453656318187713623e+02,7.411552454128421914e+02
8.479887151718139648e+02,7.412611715781395105e+02
8.504691271781921387e+02,7.415333525523108165e+02
8.531692433357238770e+02,7.414645265219783141e+02
8.558691971302032471e+02,7.410079344521125222e+02
8.585705664157867432e+02,7.415093793011395746e+02
8.612677843570709229e+02,7.416029226738229454e+02
8.637779352664947510e+02,7.411384978215711499e+02
8.664934325218200684e+02,7.412622964198515092e+02
8.690095555782318115e+02,7.415454191186264552e+02
8.717117633819580078e+02,7.415498517852481655e+02
8.744091584682464600e+02,7.411631798185006801e+02
8.769620337486267090e+02,7.415664211264405594e+02
8.796919813156127930e+02,7.415852084860077866e+02
8.824800450801849365e+02,7.411577713053183061e+02
8.852537662982940674e+02,7.412185881879101998e+02
8.878094441890716553e+02,7.415979198080116248e+02
8.905494601726531982e+02,7.414483248735077723e+02
8.932469120025634766e+02,7.409611323818528490e+02
8.959826240539550781e+02,7.413903187120415623e+02
8.987688245773315430e+02,7.415116773520950346e+02
9.040145792961120605e+02,7.408139244852553702e+02
9.067775926589965820e+02,7.413243666089555290e+02
9.095304274559020996e+02,7.412377031705470927e+02
9.121149115562438965e+02,7.409260077976397270e+02
9.149157910346984863e+02,7.414544212131548875e+02
9.176702904701232910e+02,7.415671797744737432e+02
9.202843680381774902e+02,7.412099761500779778e+02
9.228851561546325684e+02,7.411780632500742740e+02
9.254976146221160889e+02,7.414646440531759026e+02
9.282949197292327881e+02,7.411749086952570451e+02
9.310615501403808594e+02,7.409375938041703193e+02
9.336850504875183105e+02,7.413488399839646945e+02
9.364797139167785645e+02,7.413231416523783537e+02
9.393040630817413330e+02,7.409794613054773436e+02
9.421492509841918945e+02,7.411474492718598412e+02
9.450019400119781494e+02,7.414978025586483454e+02
9.478176379203796387e+02,7.411439398819060216e+02
9.506378405094146729e+02,7.409895158528472621e+02
9.534924111366271973e+02,7.412984916445668659e+02
9.561519851684570312e+02,7.410805556331307571e+02
9.590112137794494629e+02,7.408425734754766836e+02
9.618855135440826416e+02,7.412593917750986066e+02
9.645264873504638672e+02,7.412854732744756348e+02
9.673830370903015137e+02,7.409731349745882198e+02
9.702576816082000732e+02,7.412600577451254367e+02
9.729205904006958008e+02,7.413667793505460395e+02
9.758092570304870605e+02,7.410356709749881929e+02
9.786853623390197754e+02,7.411698312904738941e+02
9.813860824108123779e+02,7.414132046592296774e+02
9.842990489006042480e+02,7.410824843690161288e+02
9.870019714832305908e+02,7.409593987086383322e+02
9.897158441543579102e+02,7.412463139803433023e+02
9.924483399391174316e+02,7.412693873280228445e+02
9.953697092533111572e+02,7.408222815941479666e+02
9.982597649097442627e+02,7.410399023542739769e+02
1.000971839427947998e+03,7.414384040171260040e+02
1.003889761447906494e+03,7.411269190005259588e+02
1.006792403459548950e+03,7.409812956019266039e+02
1.009711941719055176e+03,7.414053686202280460e+02
1.012461829423904419e+03,7.410950828016425476e+02
1.015217629909515381e+03,7.408335525214314430e+02
1.017975574254989624e+03,7.411021916919410160e+02
1.020919144153594971e+03,7.411440784394779939e+02
1.023869143009185791e+03,7.408523258835427896e+02
1.026632853746414185e+03,7.411751881316678237e+02
1.029573323249816895e+03,7.411781019441192484e+02
1.032364274501800537e+03,7.409062159044596001e+02
1.035151612281799316e+03,7.408292742825997266e+02
1.038121296405792236e+03,7.411068988722643098e+02
1.041101538419723511e+03,7.407436846598334341e+02
1.044099529743194580e+03,7.408018228171093824e+02
1.047069280624389648e+03,7.411800073736848162e+02
1.050069161653518677e+03,7.409173752877968582e+02
1.052867165803909302e+03,7.408386203402471892e+02
1.055672182798385620e+03,7.411595711721462294e+02
1.058673151016235352e+03,7.408514971212116507e+02
1.061722661972045898e+03,7.407032477367100682e+02
1.064520198345184326e+03,7.410356547223385633e+02
1.067318043470382690e+03,7.409168525428162866e+02
1.070371296882629395e+03,7.406865354875347975e+02
1.073367562294006348e+03,7.409016751939750520e+02
1.076399326562881470e+03,7.410559567510180159e+02
1.079461570978164673e+03,7.407522303326024939e+02
1.082325850486755371e+03,7.407753385533661685e+02
1.085397706270217896e+03,7.411722693288951405e+02
1.088429077625274658e+03,7.408073870926341442e+02
1.091519222259521484e+03,7.408996854738841193e+02
1.094579775094985962e+03,7.411377866886068659e+02
1.097448905944824219e+03,7.407437106128053301e+02
1.100549500703811646e+03,7.404343840158308012e+02
1.103607886314392090e+03,7.410004445533708122e+02
1.106680131673812866e+03,7.407110690070126111e+02
1.109760465383529663e+03,7.406708718645435283e+02
1.112667945384979248e+03,7.410357286925478775e+02
1.115803368091583252e+03,7.405914063666319862e+02
1.118908333539962769e+03,7.406206264889855220e+02
1.122009612560272217e+03,7.409925207939523943e+02
1.124935681104660034e+03,7.405758241444509622e+02
1.128095844507217407e+03,7.403633874536425310e+02
1.130999038219451904e+03,7.409092111997845223e+02
1.134119595766067505e+03,7.404599041138845905e+02
1.137242817401885986e+03,7.403976634518564879e+02
1.140403065204620361e+03,7.409338616432360141e+02
1.143327880859375000e+03,7.405497209271189831e+02
1.146287830591201782e+03,7.403593025910962524e+02
1.149450205087661743e+03,7.408286731793808713e+02
1.152600187301635742e+03,7.405728635959935673e+02
1.155780411481857300e+03,7.404010987234426011e+02
1.158957540988922119e+03,7.409455472835758201e+02
1.161929015636444092e+03,7.405299017790614471e+02
1.164885516405105591e+03,7.403515533504347559e+02
1.168025363445281982e+03,7.408235188382677734e+02
1.171225548505783081e+03,7.406840730336238039e+02
1.174409543752670288e+03,7.404659180051419298e+02
1.177619570255279541e+03,7.409811560099219605e+02
1.180809031248092651e+03,7.407293917875945226e+02
1.184039600849151611e+03,7.406365499874307261e+02
1.187228731632232666e+03,7.408725876535510224e+02
1.190427596092224121e+03,7.404915116593219864e+02
1.193427656888961792e+03,7.405037486424121198e+02
1.196439633369445801e+03,7.408820226236711051e+02
1.199459014177322388e+03,7.405172719341228458e+02
1.206329616308212280e+03,7.409625698325926351e+02
1.209598327159881592e+03,7.404640287433509229e+02
1.212841558694839478e+03,7.404751654618930843e+02
1.216082442045211792e+03,7.407735511185798032e+02
1.219319314241409302e+03,7.405214986044233001e+02
1.222624073266983032e+03,7.405284967704110386e+02
1.225682003974914551e+03,7.408016685943362063e+02
1.228768278360366821e+03,7.405345021644063763e+02
1.231985835075378418e+03,7.404774657938201017e+02
1.235035268545150757e+03,7.408137040246144807e+02
1.238308913707733154e+03,7.405281740551240546e+02
1.241649289369583130e+03,7.406130892494352338e+02
1.244935188293457031e+03,7.406787453007320892e+02
1.248246698617935181e+03,7.404900827731563595e+02
1.251566901206970215e+03,7.407799267216494172e+02
1.254867722034454346e+03,7.405639402527928041e+02
1.257985860109329224e+03,7.402932990010883714e+02
1.261264997482299805e+03,7.405757425275836567e+02
1.264590116739273071e+03,7.404661805964310588e+02
1.267889323711395264e+03,7.400540172425864966e+02
1.271247909307479858e+03,7.407051715097306896e+02
1.274594432353973389e+03,7.402934432076448275e+02
1.277725827693939209e+03,7.403543948871688372e+02
1.281094031810760498e+03,7.407346962798795857e+02
1.284449896812438965e+03,7.404020862377999492e+02
1.287783881664276123e+03,7.403545280041391834e+02
1.291174461126327515e+03,7.407216324908113165e+02
1.294298034429550171e+03,7.403882009892499809e+02
1.297683014154434204e+03,7.404302120803971548e+02
1.301055863142013550e+03,7.406416277790225422e+02
1.304434925794601440e+03,7.404528314007517338e+02
1.307815665006637573e+03,7.406212525359881056e+02
1.311209320306777954e+03,7.404215481789079831e+02
1.314419036626815796e+03,7.401446994128177721e+02
1.317654629945755005e+03,7.406340316458695270e+02
1.321081564903259277e+03,7.403098182264586740e+02
1.324270979166030884e+03,7.402393772163395624e+02
1.327723426818847656e+03,7.406555528273505615e+02
1.331131279230117798e+03,7.403619786384092549e+02
1.334595833063125610e+03,7.402978333858079623e+02
1.338031525135040283e+03,7.406431171070267965e+02
1.341451268911361694e+03,7.405047347953357075e+02
1.344895846605300903e+03,7.405263270272482714e+02
1.348165781736373901e+03,7.404558734311450507e+02
1.351425827026367188e+03,7.401367700706382493e+02
1.354700602531433105e+03,7.405355985729635222e+02
1.358221429109573364e+03,7.403893473011393098e+02
1.361699809551239014e+03,7.401349803940707943e+02
1.364977850198745728e+03,7.405372946813647559e+02
1.368264751434326172e+03,7.404823090388293849e+02
1.371750607967376709e+03,7.402829334670735761e+02
1.375052897691726685e+03,7.405540344100934362e+02
1.378507835388183594e+03,7.403955941193751187e+02
1.382039656877517700e+03,7.403461307438966514e+02
1.385581965684890747e+03,7.405176920573560437e+02
1.388918013811111450e+03,7.400564260499807006e+02
1.392419673681259155e+03,7.404506745146788944e+02
1.395960023641586304e+03,7.403111119462416809e+02
1.399527585268020630e+03,7.401991057215740284e+02
1.402879898786544800e+03,7.405183823039868685e+02
1.406219748973846436e+03,7.404598788865464485e+02
1.409559554100036621e+03,7.404929467523164703e+02
1.413089333057403564e+03,7.405653251385441536e+02
1.416440400123596191e+03,7.401830987110870410e+02
1.420017757892608643e+03,7.404401302957417101e+02
1.423397436380386353e+03,7.402602519882763090e+02
1.426940503597259521e+03,7.401616624656367094e+02
1.430256945848464966e+03,7.405403826506499172e+02
1.433819527864456177e+03,7.404105216450823264e+02
1.437204414367675781e+03,7.404426416868111573e+02
1.440779588937759399e+03,7.406221622640238138e+02
1.444190467119216919e+03,7.404329563115701376e+02
1.447797299623489380e+03,7.406009190691496542e+02
1.451401357412338257e+03,7.404387740294886271e+02
1.454840476989746094e+03,7.400831600237955854e+02
1.458452176809310913e+03,7.405884040973330684e+02
1.461871123075485229e+03,7.405265095060856311e+02
1.465499206781387329e+03,7.404771703899144768e+02
1.469129431247711182e+03,7.406105267257822788e+02
1.472760285377502441e+03,7.402467845937492257e+02
1.476394890546798706e+03,7.404997552932697999e+02
1.479853717327117920e+03,7.403728282903592799e+02
1.483318775653839111e+03,7.404729938480238616e+02
1.486947016716003418e+03,7.406060379871631767e+02
1.490585784912109375e+03,7.404833280665989150e+02
1.494283901453018188e+03,7.405511833704372293e+02
1.497960259914398193e+03,7.405242882884325581e+02
1.505995527029037476e+03,7.413943578825771965e+02
1.509735859870910645e+03,7.407031224337368940e+02
1.513469172954559326e+03,7.407435066578092346e+02
1.516980717897415161e+03,7.405893964169906667e+02
1.520700137138366699e+03,7.405169516815650468e+02
1.524395288228988647e+03,7.406559922357696450e+02
1.528106242656707764e+03,7.406660492826889595e+02
1.531829839229583740e+03,7.405662599166415703e+02
1.535581182003021240e+03,7.405379466235335713e+02
1.539329706430435181e+03,7.404863493568359445e+02
1.543054026603698730e+03,7.405637132891929468e+02
1.546752660036087036e+03,7.407510430467829110e+02
1.550330422878265381e+03,7.406312467752303519e+02
1.553899725914001465e+03,7.406499364030937613e+02
1.557660039186477661e+03,7.402692852233999474e+02
1.561229949474334717e+03,7.405303637328859168e+02
1.564979293346405029e+03,7.406524473831848354e+02
1.568730046272277832e+03,7.406191635499718586e+02
1.572294811725616455e+03,7.406986125641086574e+02
1.576079737663269043e+03,7.402120436592421129e+02
1.579695729970932007e+03,7.405902111476931395e+02
1.583519050598144531e+03,7.406974069196795654e+02
1.587330940246582031e+03,7.406068707867781313e+02
1.591143234014511108e+03,7.407334461435719959e+02
1.594977046966552734e+03,7.402437395100577078e+02
1.598848688602447510e+03,7.405217431294255448e+02
1.602631630420684814e+03,7.405796327560994996e+02
1.606384043216705322e+03,7.407070585878439033e+02
1.610217904806137085e+03,7.406181326708480128e+02
1.613897655248641968e+03,7.403821693368339538e+02
1.617778326272964478e+03,7.406989679647782623e+02
1.621693228244781494e+03,7.407185234538695795e+02
1.625523029565811157e+03,7.407238462265079306e+02
1.629362425804138184e+03,7.406626467532481684e+02
1.633036867141723633e+03,7.403889087553915260e+02
1.636766112565994263e+03,7.407216178808979521e+02
1.640639780282974243e+03,7.406335990477282394e+02
1.644474089860916138e+03,7.407553841776175432e+02
1.648381508350372314e+03,7.405237946263058575e+02
1.652100368976593018e+03,7.405480243695972149e+02
1.656004923582077026e+03,7.407842113870425464e+02
1.659733038187026978e+03,7.403978391535924857e+02
1.663619256019592285e+03,7.407977237980171594e+02
1.667515664339065552e+03,7.408420429060280412e+02
1.671264655828475952e+03,7.406679612387611087e+02
1.675010225772857666e+03,7.408700670514281228e+02
1.678950442075729370e+03,7.405352615603950426e+02
1.682707813024520874e+03,7.406801078616132372e+02
1.686481492042541504e+03,7.408359312431407488e+02
1.690500262975692749e+03,7.408757862431123158e+02
1.694467940568923950e+03,7.406848195572208624e+02
1.698269634723663330e+03,7.405907486570181391e+02
1.702227626323699951e+03,7.407376957565480780e+02
1.706205344438552856e+03,7.406763236694316674e+02
1.710211236000061035e+03,7.406918986234692284e+02
1.714226968526840210e+03,7.407230976144395527e+02
1.718251488208770752e+03,7.406807839013765715e+02
1.722240602970123291e+03,7.407738016956036518e+02
1.726175283670425415e+03,7.406610334810249014e+02
1.730219466447830200e+03,7.406742934968581267e+02
1.734275521755218506e+03,7.405545613671671390e+02
1.738289885997772217e+03,7.406712173947310021e+02
1.742318060636520386e+03,7.405875691372602887e+02
1.746368680238723755e+03,7.406589431354234421e+02
1.750438193798065186e+03,7.407655144718813744e+02
1.754493529796600342e+03,7.404927700763664689e+02
1.758539808034896851e+03,7.408283998372587575e+02
1.762431911945343018e+03,7.405430396124656909e+02
1.766305468320846558e+03,7.409069855147987482e+02
1.770199809074401855e+03,7.409431799090704089e+02
1.774080376625061035e+03,7.411698438450084723e+02
1.778159797430038452e+03,7.412868149094102819e+02
1.782313592433929443e+03,7.408215588159815752e+02
1.786210968017578125e+03,7.410171400889686311e+02
1.790125680208206177e+03,7.408264465228307927e+02
1.794284673690795898e+03,7.410221115576035800e+02
1.798376914978027344e+03,7.409686329373245144e+02
1.807868740797042847e+03,7.414814151711724435e+02
1.811998399496078491e+03,7.412140802636731678e+02
1.816151419639587402e+03,7.410955327497342751e+02
1.820124491930007935e+03,7.409864925621182010e+02
1.824271472454071045e+03,7.411350922512141324e+02
1.828410963535308838e+03,7.406945175507023578e+02
1.832556841373443604e+03,7.408680220515966539e+02
1.836688928127288818e+03,7.408353297615717565e+02
1.840859597682952881e+03,7.408375109911414711e+02
1.845068039417266846e+03,7.409111021565747706e+02
1.849259675502777100e+03,7.408626955879497018e+02
1.853488845586776733e+03,7.410177493603771381e+02
1.857529800176620483e+03,7.406960069662002297e+02
1.861571672439575195e+03,7.402006207501918880e+02
1.865825849056243896e+03,7.403521789887264504e+02
1.870057960271835327e+03,7.401883593899026437e+02
1.874298408508300781e+03,7.400107971350221305e+02
1.878509792566299438e+03,7.399306352058490575e+02
1.882739903688430786e+03,7.399547794679798471e+02
1.886997083902359009e+03,7.398878879253728655e+02
1.891289578914642334e+03,7.400389430334914778e+02
1.895547568321228027e+03,7.399156072491992973e+02
1.899636243581771851e+03,7.400603803702830419e+02
1.903700393438339233e+03,7.402119315162456132e+02
1.908029565572738647e+03,7.402049558674428908e+02
1.912295298099517822e+03,7.401586675072536536e+02
1.916611903429031372e+03,7.401704497749135498e+02
1.920899040222167969e+03,7.399504078134236806e+02
1.925031411170959473e+03,7.398967891429406336e+02
1.929361870288848877e+03,7.399759128235151593e+02
1.933623736619949341e+03,7.399643409687992062e+02
1.937909822225570679e+03,7.402131396088494739e+02
1.942230580806732178e+03,7.400809394873394922e+02
1.946577312231063843e+03,7.402762076448879043e+02
1.950744145393371582e+03,7.400032287676102669e+02
1.954885354757308960e+03,7.401718916735296716e+02
1.959240802288055420e+03,7.403346121918734752e+02
1.963659243345260620e+03,7.402473232412372681e+02
1.968060163736343384e+03,7.400515881727170608e+02
1.972440077066421509e+03,7.399500307763895535e+02
1.976599688768386841e+03,7.399902541421408841e+02
1.980781170845031738e+03,7.400604096552935971e+02
1.985219876050949097e+03,7.401803896605653108e+02
1.989628881692886353e+03,7.400423864083262515e+02
1.994069623708724976e+03,7.402164596976227813e+02
1.998323915243148804e+03,7.403269149777390794e+02
2.002717574834823608e+03,7.405200839390612373e+02
2.007126629829406738e+03,7.404114503774229661e+02
2.011367710590362549e+03,7.404719675549962403e+02
2.015819817304611206e+03,7.402549511773707991e+02
2.020081732273101807e+03,7.403924699410529229e+02
2.024518985509872437e+03,7.401981908917468900e+02
2.028987800359725952e+03,7.402887016000698850e+02
2.033460183858871460e+03,7.400503086551257184e+02
2.037930446624755859e+03,7.401319108346235680e+02
2.042397716283798218e+03,7.403218634940654965e+02
2.046709592580795288e+03,7.403638849885963964e+02
2.051221704244613647e+03,7.405348711703510389e+02
2.055722929000854492e+03,7.404593088964736580e+02
2.060263959884643555e+03,7.404688238558183002e+02
2.064778711795806885e+03,7.404843567035468368e+02
2.069286660432815552e+03,7.402915585406253740e+02
2.073840674877166748e+03,7.403354639663873513e+02
2.078192248344421387e+03,7.403791911277046438e+02
2.082750139474868774e+03,7.405439164876131599e+02
2.087294854402542114e+03,7.404871819955891397e+02
2.091838809728622437e+03,7.404861736533567864e+02
2.096440412282943726e+03,7.404004820106654279e+02
2.101020579099655151e+03,7.404916376954989801e+02
2.111854568243026733e+03,7.408866239503387305e+02
2.116229758262634277e+03,7.406280284600285313e+02
2.120863882303237915e+03,7.405533893248403956e+02
2.125423812627792358e+03,7.404629021720102173e+02
2.129845795154571533e+03,7.404363684860087460e+02
2.134414450883865356e+03,7.406191240560099232e+02
2.139002285003662109e+03,7.404830793036935574e+02
2.143433719873428345e+03,7.405681605200248896e+02
2.147895848512649536e+03,7.405885101827270773e+02
2.152472461700439453e+03,7.406310147203945462e+02
2.157120066404342651e+03,7.406558666138980698e+02
2.161781363010406494e+03,7.405978018833174019e+02
2.166391165494918823e+03,7.405667476737622792e+02
2.170825789928436279e+03,7.404983098149663192e+02
2.175509953737258911e+03,7.405372826170329290e+02
2.180160449266433716e+03,7.406988157724355233e+02
2.184621772289276123e+03,7.406260716916050342e+02
2.189319037199020386e+03,7.408060697738044382e+02
2.193991606235504150e+03,7.406265084888493675e+02
2.198653638362884521e+03,7.406914322901241121e+02
2.203319000482559204e+03,7.406303155202577955e+02
2.208045309782028198e+03,7.406864100150972945e+02
2.212770090579986572e+03,7.403969220769143931e+02
2.217452677965164185e+03,7.405950676757103111e+02
2.222003885507583618e+03,7.405347575431161431e+02
2.226753943920135498e+03,7.407721394823611263e+02
2.231492414474487305e+03,7.405138855016733714e+02
2.236020955324172974e+03,7.406902210018380401e+02
2.240570872783660889e+03,7.405779782789151113e+02
2.245335229396820068e+03,7.407436109363018204e+02
2.250091913223266602e+03,7.405035493661673627e+02
2.254677717924118042e+03,7.406865052210064277e+02
2.259479410409927368e+03,7.404554122372038591e+02
2.264087765455245972e+03,7.405643443991111781e+02
2.268897409915924072e+03,7.404986773814939625e+02
2.273727435350418091e+03,7.406676193046563412e+02
2.278592591285705566e+03,7.404619041617514767e+02
2.283451770305633545e+03,7.404351232993334406e+02
2.288269720315933228e+03,7.405768587318789287e+02
2.293109959840774536e+03,7.403957746040509846e+02
2.297970988750457764e+03,7.404253036290000409e+02
2.302635812044143677e+03,7.403687233009582087e+02
