2.492990000000000000e+05
2.858320000000000000e+05
2.046240000000000000e+05
1.043290000000000000e+05
4.603600000000000000e+04
3.067700000000000000e+04
3.484200000000000000e+04
4.892900000000000000e+04
9.005200000000000000e+04
1.810500000000000000e+05
2.748830000000000000e+05
2.448880000000000000e+05
1.183890000000000000e+05
4.082700000000000000e+04
2.691500000000000000e+04
2.574400000000000000e+04
3.971100000000000000e+04
5.630500000000000000e+04
1.127800000000000000e+05
2.500920000000000000e+05
3.097360000000000000e+05
2.044620000000000000e+05
9.109100000000000000e+04
4.315500000000000000e+04
2.487300000000000000e+04
3.376500000000000000e+04
4.332900000000000000e+04
6.384800000000000000e+04
1.431270000000000000e+05
2.060300000000000000e+05
1.645080000000000000e+05
9.126500000000000000e+04
5.188500000000000000e+04
2.900000000000000000e+04
2.934100000000000000e+04
4.360900000000000000e+04
5.074200000000000000e+04
1.011580000000000000e+05
2.102870000000000000e+05
2.545660000000000000e+05
1.582880000000000000e+05
6.695000000000000000e+04
4.192600000000000000e+04
2.616300000000000000e+04
3.346500000000000000e+04
4.361500000000000000e+04
4.973800000000000000e+04
1.223810000000000000e+05
1.752350000000000000e+05
1.150460000000000000e+05
7.117900000000000000e+04
7.347000000000000000e+04
4.252400000000000000e+04
2.858800000000000000e+04
3.901400000000000000e+04
3.528500000000000000e+04
6.658400000000000000e+04
1.294370000000000000e+05
1.965440000000000000e+05
2.804180000000000000e+05
3.001360000000000000e+05
1.772240000000000000e+05
7.364200000000000000e+04
5.247900000000000000e+04
4.017800000000000000e+04
5.397200000000000000e+04
1.285690000000000000e+05
2.700950000000000000e+05
4.069930000000000000e+05
3.357340000000000000e+05
1.347030000000000000e+05
5.402300000000000000e+04
4.973000000000000000e+04
3.408300000000000000e+04
5.170200000000000000e+04
8.411900000000000000e+04
1.898070000000000000e+05
3.702530000000000000e+05
3.775620000000000000e+05
1.938250000000000000e+05
6.242800000000000000e+04
3.557300000000000000e+04
3.175900000000000000e+04
3.899700000000000000e+04
5.711100000000000000e+04
1.226410000000000000e+05
2.665940000000000000e+05
3.695260000000000000e+05
2.871150000000000000e+05
1.241050000000000000e+05
4.357300000000000000e+04
3.128800000000000000e+04
3.094600000000000000e+04
3.886900000000000000e+04
5.919100000000000000e+04
1.403260000000000000e+05
2.408370000000000000e+05
2.239960000000000000e+05
1.245360000000000000e+05
6.133900000000000000e+04
3.454100000000000000e+04
3.255700000000000000e+04
4.017600000000000000e+04
4.649400000000000000e+04
1.048290000000000000e+05
2.155230000000000000e+05
2.587430000000000000e+05
1.879570000000000000e+05
1.038720000000000000e+05
5.550200000000000000e+04
3.024900000000000000e+04
2.871700000000000000e+04
3.242600000000000000e+04
4.934100000000000000e+04
1.186350000000000000e+05
1.752750000000000000e+05
1.474110000000000000e+05
1.107290000000000000e+05
8.934100000000000000e+04
4.836600000000000000e+04
3.083900000000000000e+04
3.710900000000000000e+04
4.416100000000000000e+04
1.012520000000000000e+05
2.320080000000000000e+05
3.522640000000000000e+05
3.217400000000000000e+05
1.656610000000000000e+05
6.064200000000000000e+04
4.416900000000000000e+04
3.192300000000000000e+04
3.132800000000000000e+04
4.865600000000000000e+04
1.180560000000000000e+05
2.652050000000000000e+05
3.377110000000000000e+05
2.447290000000000000e+05
1.123250000000000000e+05
4.640200000000000000e+04
3.687800000000000000e+04
3.628600000000000000e+04
4.982700000000000000e+04
9.070200000000000000e+04
2.001450000000000000e+05
3.412590000000000000e+05
3.297080000000000000e+05
1.834800000000000000e+05
7.596400000000000000e+04
3.473900000000000000e+04
2.672600000000000000e+04
3.023400000000000000e+04
3.261800000000000000e+04
5.564600000000000000e+04
9.590600000000000000e+04
1.668430000000000000e+05
2.574470000000000000e+05
2.502270000000000000e+05
1.310630000000000000e+05
4.706800000000000000e+04
4.477600000000000000e+04
4.031200000000000000e+04
5.518000000000000000e+04
1.444250000000000000e+05
2.201200000000000000e+05
1.879770000000000000e+05
1.211460000000000000e+05
8.932700000000000000e+04
4.718600000000000000e+04
3.083500000000000000e+04
3.889400000000000000e+04
3.936600000000000000e+04
9.699400000000000000e+04
1.670830000000000000e+05
1.593270000000000000e+05
1.205510000000000000e+05
9.188600000000000000e+04
6.032300000000000000e+04
3.011800000000000000e+04
2.787300000000000000e+04
3.824700000000000000e+04
4.989200000000000000e+04
1.196150000000000000e+05
1.813250000000000000e+05
1.361930000000000000e+05
1.083040000000000000e+05
1.017020000000000000e+05
4.901100000000000000e+04
3.331800000000000000e+04
3.572500000000000000e+04
3.208400000000000000e+04
6.970300000000000000e+04
1.831280000000000000e+05
4.243960000000000000e+05
5.385900000000000000e+05
3.223300000000000000e+05
9.242800000000000000e+04
5.277200000000000000e+04
3.778500000000000000e+04
2.811000000000000000e+04
5.102100000000000000e+04
1.238080000000000000e+05
3.293870000000000000e+05
5.387090000000000000e+05
4.464480000000000000e+05
1.743150000000000000e+05
5.238400000000000000e+04
4.062000000000000000e+04
2.620100000000000000e+04
3.319600000000000000e+04
5.524800000000000000e+04
1.181370000000000000e+05
2.278620000000000000e+05
2.859040000000000000e+05
2.171120000000000000e+05
9.473900000000000000e+04
4.576100000000000000e+04
4.528000000000000000e+04
3.447800000000000000e+04
5.356000000000000000e+04
1.054910000000000000e+05
2.502810000000000000e+05
4.181850000000000000e+05
3.588400000000000000e+05
1.554230000000000000e+05
5.573700000000000000e+04
4.095100000000000000e+04
3.508500000000000000e+04
3.351300000000000000e+04
5.970900000000000000e+04
1.517370000000000000e+05
3.084990000000000000e+05
3.844310000000000000e+05
2.586040000000000000e+05
1.000080000000000000e+05
4.452800000000000000e+04
3.498000000000000000e+04
3.311300000000000000e+04
4.245100000000000000e+04
9.279400000000000000e+04
1.921110000000000000e+05
2.534120000000000000e+05
2.193250000000000000e+05
1.242310000000000000e+05
5.915300000000000000e+04
3.437100000000000000e+04
3.195400000000000000e+04
4.065000000000000000e+04
5.938300000000000000e+04
1.101670000000000000e+05
1.315350000000000000e+05
1.361690000000000000e+05
2.662290000000000000e+05
3.064670000000000000e+05
1.385090000000000000e+05
6.381900000000000000e+04
6.347000000000000000e+04
3.816300000000000000e+04
7.474900000000000000e+04
1.776580000000000000e+05
4.634540000000000000e+05
6.254940000000000000e+05
3.517960000000000000e+05
9.425400000000000000e+04
5.669300000000000000e+04
3.358400000000000000e+04
2.993900000000000000e+04
4.708600000000000000e+04
1.091150000000000000e+05
3.017800000000000000e+05
5.110200000000000000e+05
4.564970000000000000e+05
1.944950000000000000e+05
6.306200000000000000e+04
5.796100000000000000e+04
3.211800000000000000e+04
3.872100000000000000e+04
6.745900000000000000e+04
1.957700000000000000e+05
4.351390000000000000e+05
4.850190000000000000e+05
2.812520000000000000e+05
9.471800000000000000e+04
5.370200000000000000e+04
4.414800000000000000e+04
2.978400000000000000e+04
5.381100000000000000e+04
1.059680000000000000e+05
2.553130000000000000e+05
3.713440000000000000e+05
2.815600000000000000e+05
1.343540000000000000e+05
5.482900000000000000e+04
3.829000000000000000e+04
3.247300000000000000e+04
3.378600000000000000e+04
6.617600000000000000e+04
1.509220000000000000e+05
3.184720000000000000e+05
3.763710000000000000e+05
2.307850000000000000e+05
9.959800000000000000e+04
4.598000000000000000e+04
3.016600000000000000e+04
2.763500000000000000e+04
4.405300000000000000e+04
1.090570000000000000e+05
2.293790000000000000e+05
3.560630000000000000e+05
3.062170000000000000e+05
1.545490000000000000e+05
7.360600000000000000e+04
3.696600000000000000e+04
3.855000000000000000e+04
3.038300000000000000e+04
5.323500000000000000e+04
1.241700000000000000e+05
3.399870000000000000e+05
6.738590000000000000e+05
5.926760000000000000e+05
2.062030000000000000e+05
7.573900000000000000e+04
5.258400000000000000e+04
2.337100000000000000e+04
2.696900000000000000e+04
5.663400000000000000e+04
1.553120000000000000e+05
4.017790000000000000e+05
6.237330000000000000e+05
4.342440000000000000e+05
1.355520000000000000e+05
9.040100000000000000e+04
5.813800000000000000e+04
2.908100000000000000e+04
3.938600000000000000e+04
9.891700000000000000e+04
2.856870000000000000e+05
5.350010000000000000e+05
5.685770000000000000e+05
2.783350000000000000e+05
8.966900000000000000e+04
8.352100000000000000e+04
4.311400000000000000e+04
4.486100000000000000e+04
5.692900000000000000e+04
1.344560000000000000e+05
1.752300000000000000e+05
1.302860000000000000e+05
2.911480000000000000e+05
3.201080000000000000e+05
1.180350000000000000e+05
7.292000000000000000e+04
5.217900000000000000e+04
5.361000000000000000e+04
1.193080000000000000e+05
2.812930000000000000e+05
5.553920000000000000e+05
5.330700000000000000e+05
2.346400000000000000e+05
6.707200000000000000e+04
4.199600000000000000e+04
2.898200000000000000e+04
2.635500000000000000e+04
5.728300000000000000e+04
1.476290000000000000e+05
3.530450000000000000e+05
5.095720000000000000e+05
3.618300000000000000e+05
1.260550000000000000e+05
5.447200000000000000e+04
5.068200000000000000e+04
3.238800000000000000e+04
4.262500000000000000e+04
1.001450000000000000e+05
2.455050000000000000e+05
4.587710000000000000e+05
4.726450000000000000e+05
2.449130000000000000e+05
7.721400000000000000e+04
4.521000000000000000e+04
3.739100000000000000e+04
2.699600000000000000e+04
4.645600000000000000e+04
1.092040000000000000e+05
2.972230000000000000e+05
5.640740000000000000e+05
5.002770000000000000e+05
1.915670000000000000e+05
6.865000000000000000e+04
5.443500000000000000e+04
2.968000000000000000e+04
3.161800000000000000e+04
6.706600000000000000e+04
1.880650000000000000e+05
4.528820000000000000e+05
6.065750000000000000e+05
3.883000000000000000e+05
1.184200000000000000e+05
6.545800000000000000e+04
5.336500000000000000e+04
3.084400000000000000e+04
5.021400000000000000e+04
1.168940000000000000e+05
3.164440000000000000e+05
5.389250000000000000e+05
4.787270000000000000e+05
2.117020000000000000e+05
6.364300000000000000e+04
5.681100000000000000e+04
3.916800000000000000e+04
3.193200000000000000e+04
6.123900000000000000e+04
1.519110000000000000e+05
3.428770000000000000e+05
4.033650000000000000e+05
2.629920000000000000e+05
1.104280000000000000e+05
4.845600000000000000e+04
5.547000000000000000e+04
3.542100000000000000e+04
5.415000000000000000e+04
9.836900000000000000e+04
2.662830000000000000e+05
4.597360000000000000e+05
3.849480000000000000e+05
2.324010000000000000e+05
1.025150000000000000e+05
6.008500000000000000e+04
5.435600000000000000e+04
4.256200000000000000e+04
7.452100000000000000e+04
1.394670000000000000e+05
2.986670000000000000e+05
3.244460000000000000e+05
2.322910000000000000e+05
1.398570000000000000e+05
5.074200000000000000e+04
4.290600000000000000e+04
3.853900000000000000e+04
4.252200000000000000e+04
7.375600000000000000e+04
1.269510000000000000e+05
1.245400000000000000e+05
1.522090000000000000e+05
3.610260000000000000e+05
3.083560000000000000e+05
1.068910000000000000e+05
9.236700000000000000e+04
5.032300000000000000e+04
4.800600000000000000e+04
9.474800000000000000e+04
2.884700000000000000e+05
6.046740000000000000e+05
6.013180000000000000e+05
2.606590000000000000e+05
1.008820000000000000e+05
9.196900000000000000e+04
3.737500000000000000e+04
2.853300000000000000e+04
4.725500000000000000e+04
1.438070000000000000e+05
3.395640000000000000e+05
6.459000000000000000e+05
5.813930000000000000e+05
2.139970000000000000e+05
1.298860000000000000e+05
8.461900000000000000e+04
3.819000000000000000e+04
4.190800000000000000e+04
9.119800000000000000e+04
2.372820000000000000e+05
4.931810000000000000e+05
6.466640000000000000e+05
3.416650000000000000e+05
1.124420000000000000e+05
9.464600000000000000e+04
3.979300000000000000e+04
3.437900000000000000e+04
5.269100000000000000e+04
1.432650000000000000e+05
3.222580000000000000e+05
5.531840000000000000e+05
4.510130000000000000e+05
1.538280000000000000e+05
7.949200000000000000e+04
6.696500000000000000e+04
3.853300000000000000e+04
4.759500000000000000e+04
9.873200000000000000e+04
2.473050000000000000e+05
5.080720000000000000e+05
5.216290000000000000e+05
2.562440000000000000e+05
7.841900000000000000e+04
5.809800000000000000e+04
4.581700000000000000e+04
3.225300000000000000e+04
5.818000000000000000e+04
1.278730000000000000e+05
3.136810000000000000e+05
4.262430000000000000e+05
3.279240000000000000e+05
1.472890000000000000e+05
5.794200000000000000e+04
6.417900000000000000e+04
3.438900000000000000e+04
3.792000000000000000e+04
7.114700000000000000e+04
1.964180000000000000e+05
4.053050000000000000e+05
5.530380000000000000e+05
4.105880000000000000e+05
1.460940000000000000e+05
9.911700000000000000e+04
5.826600000000000000e+04
3.267800000000000000e+04
3.840200000000000000e+04
8.492800000000000000e+04
2.016240000000000000e+05
4.921020000000000000e+05
6.551230000000000000e+05
3.304820000000000000e+05
1.339420000000000000e+05
9.885200000000000000e+04
3.671600000000000000e+04
3.197000000000000000e+04
4.925500000000000000e+04
1.241710000000000000e+05
3.297720000000000000e+05
6.574280000000000000e+05
5.523200000000000000e+05
1.884420000000000000e+05
9.771000000000000000e+04
6.402000000000000000e+04
3.595000000000000000e+04
5.157600000000000000e+04
8.915500000000000000e+04
1.756590000000000000e+05
1.343370000000000000e+05
1.431460000000000000e+05
3.074590000000000000e+05
1.960260000000000000e+05
8.180700000000000000e+04
7.875300000000000000e+04
4.227300000000000000e+04
7.356100000000000000e+04
1.386000000000000000e+05
3.376190000000000000e+05
4.030650000000000000e+05
2.848220000000000000e+05
1.400570000000000000e+05
5.788800000000000000e+04
6.420600000000000000e+04
3.550700000000000000e+04
4.721000000000000000e+04
8.178500000000000000e+04
2.042110000000000000e+05
3.496570000000000000e+05
3.769950000000000000e+05
2.631650000000000000e+05
9.431900000000000000e+04
5.990000000000000000e+04
5.424000000000000000e+04
3.539400000000000000e+04
5.718700000000000000e+04
1.077680000000000000e+05
2.458880000000000000e+05
2.889710000000000000e+05
2.282070000000000000e+05
1.418150000000000000e+05
5.428200000000000000e+04
5.441100000000000000e+04
3.497200000000000000e+04
3.606900000000000000e+04
6.558000000000000000e+04
1.529100000000000000e+05
3.756700000000000000e+05
6.136860000000000000e+05
5.005470000000000000e+05
2.086510000000000000e+05
1.320880000000000000e+05
7.442800000000000000e+04
3.514600000000000000e+04
3.035200000000000000e+04
4.689600000000000000e+04
1.094250000000000000e+05
3.365660000000000000e+05
5.724090000000000000e+05
3.728780000000000000e+05
1.586000000000000000e+05
1.031470000000000000e+05
4.227300000000000000e+04
3.743300000000000000e+04
4.460100000000000000e+04
1.218680000000000000e+05
3.006860000000000000e+05
5.902400000000000000e+05
4.931420000000000000e+05
1.603780000000000000e+05
7.971000000000000000e+04
5.273400000000000000e+04
3.505200000000000000e+04
5.300700000000000000e+04
1.050980000000000000e+05
2.503310000000000000e+05
4.561900000000000000e+05
4.470730000000000000e+05
2.169280000000000000e+05
6.433000000000000000e+04
5.243000000000000000e+04
3.862200000000000000e+04
3.174200000000000000e+04
5.593200000000000000e+04
1.231840000000000000e+05
2.692390000000000000e+05
3.301680000000000000e+05
2.501610000000000000e+05
1.248400000000000000e+05
5.369300000000000000e+04
6.153000000000000000e+04
4.219400000000000000e+04
5.431200000000000000e+04
8.169300000000000000e+04
1.963610000000000000e+05
2.980200000000000000e+05
2.313260000000000000e+05
2.079140000000000000e+05
1.163100000000000000e+05
5.374300000000000000e+04
5.496100000000000000e+04
2.956200000000000000e+04
4.103800000000000000e+04
4.258700000000000000e+04
7.835500000000000000e+04
1.342350000000000000e+05
2.161270000000000000e+05
2.095220000000000000e+05
7.913500000000000000e+04
3.578400000000000000e+04
2.518900000000000000e+04
3.162700000000000000e+04
6.009000000000000000e+04
1.450290000000000000e+05
3.404520000000000000e+05
4.752220000000000000e+05
3.261330000000000000e+05
1.018050000000000000e+05
5.426800000000000000e+04
4.876600000000000000e+04
3.654600000000000000e+04
6.794100000000000000e+04
1.171450000000000000e+05
2.816560000000000000e+05
4.324150000000000000e+05
3.738810000000000000e+05
1.880360000000000000e+05
5.951400000000000000e+04
5.669300000000000000e+04
3.960400000000000000e+04
3.724200000000000000e+04
6.083300000000000000e+04
1.284010000000000000e+05
2.961530000000000000e+05
4.115930000000000000e+05
2.830870000000000000e+05
9.964600000000000000e+04
4.739900000000000000e+04
4.917700000000000000e+04
3.593100000000000000e+04
5.492900000000000000e+04
8.957600000000000000e+04
1.909920000000000000e+05
2.923050000000000000e+05
2.120460000000000000e+05
1.575480000000000000e+05
8.062000000000000000e+04
5.504900000000000000e+04
5.580500000000000000e+04
4.090400000000000000e+04
6.345200000000000000e+04
9.832500000000000000e+04
2.002040000000000000e+05
1.689430000000000000e+05
1.628650000000000000e+05
1.517470000000000000e+05
5.876900000000000000e+04
5.756800000000000000e+04
3.863300000000000000e+04
4.353100000000000000e+04
5.612800000000000000e+04
1.132580000000000000e+05
1.605020000000000000e+05
1.083980000000000000e+05
1.746410000000000000e+05
1.346570000000000000e+05
6.408200000000000000e+04
6.909100000000000000e+04
4.024300000000000000e+04
7.035300000000000000e+04
9.956700000000000000e+04
2.527460000000000000e+05
3.199210000000000000e+05
2.661280000000000000e+05
1.632290000000000000e+05
5.729100000000000000e+04
5.631600000000000000e+04
3.513000000000000000e+04
4.293900000000000000e+04
6.580900000000000000e+04
1.570590000000000000e+05
3.042290000000000000e+05
3.446510000000000000e+05
2.234520000000000000e+05
8.631800000000000000e+04
4.425000000000000000e+04
5.541000000000000000e+04
3.915500000000000000e+04
7.054000000000000000e+04
1.038870000000000000e+05
2.297030000000000000e+05
2.773530000000000000e+05
2.068860000000000000e+05
1.595230000000000000e+05
6.434300000000000000e+04
3.671200000000000000e+04
2.625200000000000000e+04
1.908400000000000000e+04
2.308100000000000000e+04
4.042500000000000000e+04
8.683200000000000000e+04
1.365920000000000000e+05
1.381730000000000000e+05
9.185800000000000000e+04
4.000400000000000000e+04
2.748200000000000000e+04
3.106500000000000000e+04
3.009800000000000000e+04
4.708200000000000000e+04
7.995500000000000000e+04
1.075610000000000000e+05
9.051500000000000000e+04
1.689900000000000000e+05
1.292640000000000000e+05
6.562200000000000000e+04
7.142600000000000000e+04
4.484000000000000000e+04
7.007700000000000000e+04
8.233800000000000000e+04
1.798740000000000000e+05
1.468620000000000000e+05
1.610520000000000000e+05
1.662700000000000000e+05
6.658200000000000000e+04
6.012400000000000000e+04
3.621800000000000000e+04
3.469500000000000000e+04
3.753300000000000000e+04
7.761300000000000000e+04
9.647100000000000000e+04
8.357200000000000000e+04
1.781580000000000000e+05
1.426650000000000000e+05
6.056900000000000000e+04
6.489500000000000000e+04
4.076000000000000000e+04
6.899400000000000000e+04
8.627500000000000000e+04
2.008490000000000000e+05
2.216140000000000000e+05
1.763840000000000000e+05
1.706980000000000000e+05
6.856400000000000000e+04
5.589100000000000000e+04
3.988200000000000000e+04
4.880500000000000000e+04
6.561600000000000000e+04
1.281210000000000000e+05
2.218670000000000000e+05
2.012310000000000000e+05
1.770870000000000000e+05
1.061850000000000000e+05
4.287000000000000000e+04
4.920900000000000000e+04
3.148700000000000000e+04
4.775100000000000000e+04
6.078400000000000000e+04
1.368980000000000000e+05
1.800220000000000000e+05
1.510840000000000000e+05
1.761350000000000000e+05
9.402100000000000000e+04
6.043400000000000000e+04
5.042500000000000000e+04
3.933900000000000000e+04
5.349300000000000000e+04
7.441800000000000000e+04
1.331480000000000000e+05
9.055200000000000000e+04
1.336830000000000000e+05
1.417850000000000000e+05
5.893100000000000000e+04
5.417400000000000000e+04
3.117100000000000000e+04
3.818800000000000000e+04
4.316600000000000000e+04
7.901200000000000000e+04
9.084100000000000000e+04
9.139000000000000000e+04
1.959030000000000000e+05
1.308760000000000000e+05
7.107700000000000000e+04
6.584000000000000000e+04
3.769400000000000000e+04
4.995500000000000000e+04
4.698900000000000000e+04
8.723400000000000000e+04
7.187900000000000000e+04
1.701610000000000000e+05
1.940030000000000000e+05
8.181800000000000000e+04
4.252100000000000000e+04
2.581400000000000000e+04
1.774500000000000000e+04
2.847500000000000000e+04
6.350200000000000000e+04
1.258200000000000000e+05
1.521990000000000000e+05
1.066180000000000000e+05
5.035300000000000000e+04
2.254100000000000000e+04
2.159600000000000000e+04
2.776800000000000000e+04
3.603400000000000000e+04
7.438300000000000000e+04
1.596300000000000000e+05
3.265020000000000000e+05
3.142570000000000000e+05
1.519620000000000000e+05
4.954200000000000000e+04
4.083900000000000000e+04
3.886300000000000000e+04
5.056200000000000000e+04
7.393200000000000000e+04
1.219710000000000000e+05
2.563700000000000000e+05
3.059120000000000000e+05
2.484680000000000000e+05
1.076250000000000000e+05
4.055500000000000000e+04
3.565100000000000000e+04
2.722100000000000000e+04
4.160100000000000000e+04
6.323000000000000000e+04
1.366800000000000000e+05
2.180430000000000000e+05
2.103540000000000000e+05
1.273680000000000000e+05
4.811400000000000000e+04
4.211400000000000000e+04
4.283600000000000000e+04
3.631400000000000000e+04
6.007100000000000000e+04
9.442400000000000000e+04
2.008550000000000000e+05
1.966280000000000000e+05
1.547500000000000000e+05
1.082610000000000000e+05
4.173300000000000000e+04
4.244100000000000000e+04
2.924500000000000000e+04
4.565400000000000000e+04
6.068900000000000000e+04
1.218430000000000000e+05
1.857180000000000000e+05
1.691830000000000000e+05
1.510900000000000000e+05
8.373800000000000000e+04
4.285900000000000000e+04
4.546000000000000000e+04
3.384800000000000000e+04
5.669800000000000000e+04
7.713400000000000000e+04
1.658780000000000000e+05
1.453460000000000000e+05
1.179380000000000000e+05
1.283090000000000000e+05
5.755800000000000000e+04
5.005700000000000000e+04
3.212500000000000000e+04
3.628000000000000000e+04
4.687800000000000000e+04
9.099900000000000000e+04
1.749970000000000000e+05
1.969650000000000000e+05
1.619050000000000000e+05
8.016700000000000000e+04
3.446200000000000000e+04
3.608700000000000000e+04
3.236000000000000000e+04
5.463300000000000000e+04
8.988300000000000000e+04
2.061990000000000000e+05
3.450960000000000000e+05
2.909200000000000000e+05
1.606390000000000000e+05
5.679000000000000000e+04
4.913600000000000000e+04
3.770300000000000000e+04
4.879800000000000000e+04
6.100700000000000000e+04
1.057330000000000000e+05
1.824200000000000000e+05
1.697760000000000000e+05
1.600790000000000000e+05
9.539500000000000000e+04
3.311000000000000000e+04
2.253800000000000000e+04
1.712000000000000000e+04
1.690700000000000000e+04
2.683600000000000000e+04
6.103200000000000000e+04
1.045130000000000000e+05
1.230790000000000000e+05
1.019290000000000000e+05
4.872600000000000000e+04
1.924300000000000000e+04
1.581300000000000000e+04
1.919200000000000000e+04
2.434000000000000000e+04
4.003900000000000000e+04
6.205800000000000000e+04
1.015410000000000000e+05
1.665490000000000000e+05
1.286170000000000000e+05
4.874300000000000000e+04
2.659700000000000000e+04
1.845200000000000000e+04
1.493300000000000000e+04
1.892600000000000000e+04
3.238000000000000000e+04
1.079260000000000000e+05
2.697510000000000000e+05
3.079390000000000000e+05
1.627280000000000000e+05
5.527200000000000000e+04
2.960100000000000000e+04
2.330100000000000000e+04
2.845400000000000000e+04
4.141900000000000000e+04
8.338300000000000000e+04
9.426800000000000000e+04
1.290000000000000000e+05
1.844870000000000000e+05
8.421900000000000000e+04
6.001600000000000000e+04
4.252000000000000000e+04
5.113900000000000000e+04
6.530400000000000000e+04
1.260460000000000000e+05
2.589520000000000000e+05
3.749520000000000000e+05
3.220520000000000000e+05
1.202550000000000000e+05
4.857000000000000000e+04
2.627700000000000000e+04
2.888500000000000000e+04
3.374800000000000000e+04
5.607700000000000000e+04
1.172500000000000000e+05
2.761030000000000000e+05
3.900530000000000000e+05
2.215420000000000000e+05
6.115500000000000000e+04
3.554000000000000000e+04
2.879800000000000000e+04
3.143200000000000000e+04
4.600200000000000000e+04
9.448900000000000000e+04
2.282520000000000000e+05
3.751990000000000000e+05
3.245950000000000000e+05
1.334150000000000000e+05
4.462900000000000000e+04
3.678100000000000000e+04
3.048800000000000000e+04
4.715200000000000000e+04
6.651400000000000000e+04
1.380950000000000000e+05
2.346610000000000000e+05
2.667200000000000000e+05
1.793500000000000000e+05
6.159100000000000000e+04
3.060100000000000000e+04
2.992500000000000000e+04
3.034600000000000000e+04
4.834400000000000000e+04
7.298900000000000000e+04
1.616180000000000000e+05
2.359200000000000000e+05
2.075470000000000000e+05
1.221860000000000000e+05
4.502400000000000000e+04
4.229600000000000000e+04
3.172100000000000000e+04
4.577300000000000000e+04
6.010700000000000000e+04
1.211500000000000000e+05
1.912250000000000000e+05
1.637220000000000000e+05
1.429910000000000000e+05
7.932100000000000000e+04
2.980100000000000000e+04
2.443100000000000000e+04
1.524500000000000000e+04
1.693700000000000000e+04
2.338400000000000000e+04
4.453600000000000000e+04
7.210200000000000000e+04
9.981600000000000000e+04
9.924000000000000000e+04
4.996600000000000000e+04
2.087500000000000000e+04
2.294400000000000000e+04
3.462900000000000000e+04
5.801100000000000000e+04
1.062240000000000000e+05
2.164060000000000000e+05
3.156250000000000000e+05
2.509560000000000000e+05
9.955700000000000000e+04
3.464700000000000000e+04
3.074900000000000000e+04
2.894100000000000000e+04
4.779400000000000000e+04
7.254300000000000000e+04
1.512970000000000000e+05
2.632750000000000000e+05
2.874580000000000000e+05
1.820390000000000000e+05
6.113500000000000000e+04
3.697900000000000000e+04
2.985200000000000000e+04
2.884400000000000000e+04
4.340700000000000000e+04
7.838500000000000000e+04
1.653290000000000000e+05
2.104130000000000000e+05
1.978590000000000000e+05
1.143760000000000000e+05
4.178400000000000000e+04
4.112900000000000000e+04
2.912900000000000000e+04
4.120900000000000000e+04
5.714400000000000000e+04
1.139750000000000000e+05
1.648550000000000000e+05
1.557930000000000000e+05
1.505630000000000000e+05
7.780200000000000000e+04
3.754300000000000000e+04
3.704200000000000000e+04
3.373000000000000000e+04
5.504200000000000000e+04
6.820300000000000000e+04
1.282770000000000000e+05
1.295780000000000000e+05
1.322460000000000000e+05
1.329890000000000000e+05
5.828100000000000000e+04
3.953600000000000000e+04
2.672400000000000000e+04
3.627900000000000000e+04
3.924500000000000000e+04
6.183700000000000000e+04
9.640700000000000000e+04
1.200770000000000000e+05
1.816330000000000000e+05
1.184860000000000000e+05
4.697000000000000000e+04
3.861700000000000000e+04
2.784600000000000000e+04
4.256200000000000000e+04
5.810900000000000000e+04
1.286230000000000000e+05
2.212850000000000000e+05
2.609440000000000000e+05
1.643520000000000000e+05
5.029100000000000000e+04
2.876200000000000000e+04
2.234700000000000000e+04
3.246600000000000000e+04
5.184600000000000000e+04
9.651900000000000000e+04
1.940530000000000000e+05
2.875060000000000000e+05
2.382730000000000000e+05
9.536800000000000000e+04
3.840200000000000000e+04
3.453700000000000000e+04
2.966900000000000000e+04
4.794100000000000000e+04
6.563200000000000000e+04
1.273510000000000000e+05
1.981410000000000000e+05
2.338670000000000000e+05
1.693300000000000000e+05
5.899700000000000000e+04
2.687600000000000000e+04
1.837600000000000000e+04
1.523100000000000000e+04
1.665100000000000000e+04
2.420500000000000000e+04
4.728700000000000000e+04
7.213100000000000000e+04
8.539400000000000000e+04
6.469300000000000000e+04
2.818600000000000000e+04
1.851100000000000000e+04
2.170100000000000000e+04
3.018100000000000000e+04
4.605600000000000000e+04
8.560400000000000000e+04
1.299740000000000000e+05
1.376920000000000000e+05
1.632880000000000000e+05
1.066160000000000000e+05
4.608600000000000000e+04
4.696400000000000000e+04
3.579300000000000000e+04
6.133100000000000000e+04
7.205700000000000000e+04
1.423540000000000000e+05
1.501980000000000000e+05
1.293550000000000000e+05
1.221430000000000000e+05
5.616100000000000000e+04
4.029500000000000000e+04
2.514300000000000000e+04
3.148900000000000000e+04
3.563600000000000000e+04
5.980500000000000000e+04
9.794400000000000000e+04
8.327100000000000000e+04
1.129730000000000000e+05
8.911700000000000000e+04
3.625300000000000000e+04
3.705700000000000000e+04
2.965800000000000000e+04
4.362400000000000000e+04
5.890500000000000000e+04
1.265240000000000000e+05
2.173020000000000000e+05
2.236920000000000000e+05
1.330270000000000000e+05
4.454600000000000000e+04
2.988700000000000000e+04
2.371600000000000000e+04
3.003800000000000000e+04
4.221900000000000000e+04
7.853300000000000000e+04
1.573990000000000000e+05
2.165510000000000000e+05
2.001110000000000000e+05
9.571800000000000000e+04
3.727600000000000000e+04
3.274400000000000000e+04
2.424000000000000000e+04
3.665000000000000000e+04
5.196500000000000000e+04
1.083840000000000000e+05
1.674080000000000000e+05
1.739950000000000000e+05
1.250840000000000000e+05
5.131300000000000000e+04
3.614100000000000000e+04
3.009300000000000000e+04
2.774800000000000000e+04
4.051900000000000000e+04
5.835400000000000000e+04
1.041450000000000000e+05
1.155610000000000000e+05
1.180130000000000000e+05
9.974300000000000000e+04
4.605000000000000000e+04
3.865200000000000000e+04
2.792200000000000000e+04
3.906500000000000000e+04
5.136500000000000000e+04
9.015300000000000000e+04
1.285340000000000000e+05
1.113970000000000000e+05
1.401990000000000000e+05
9.141900000000000000e+04
5.014000000000000000e+04
4.040900000000000000e+04
2.836500000000000000e+04
3.922600000000000000e+04
4.211200000000000000e+04
7.232200000000000000e+04
5.305700000000000000e+04
7.258400000000000000e+04
1.006850000000000000e+05
5.973100000000000000e+04
2.614500000000000000e+04
1.777600000000000000e+04
1.478000000000000000e+04
2.011500000000000000e+04
3.566000000000000000e+04
5.890400000000000000e+04
6.815900000000000000e+04
5.594300000000000000e+04
3.803400000000000000e+04
2.389700000000000000e+04
1.832900000000000000e+04
3.041100000000000000e+04
3.542000000000000000e+04
6.898800000000000000e+04
1.350210000000000000e+05
2.488980000000000000e+05
3.240860000000000000e+05
1.933600000000000000e+05
5.558100000000000000e+04
3.498700000000000000e+04
2.896000000000000000e+04
3.643600000000000000e+04
5.501200000000000000e+04
9.297300000000000000e+04
1.760760000000000000e+05
2.387380000000000000e+05
1.891090000000000000e+05
8.593500000000000000e+04
3.783400000000000000e+04
3.110500000000000000e+04
2.218300000000000000e+04
3.610300000000000000e+04
4.586900000000000000e+04
8.923800000000000000e+04
1.133630000000000000e+05
1.021680000000000000e+05
1.088000000000000000e+05
6.247400000000000000e+04
3.274400000000000000e+04
2.923700000000000000e+04
2.587300000000000000e+04
4.147600000000000000e+04
6.636800000000000000e+04
1.123290000000000000e+05
1.260230000000000000e+05
1.336080000000000000e+05
9.718900000000000000e+04
4.015600000000000000e+04
3.434300000000000000e+04
2.545700000000000000e+04
3.625300000000000000e+04
4.561900000000000000e+04
8.069800000000000000e+04
1.162070000000000000e+05
1.135020000000000000e+05
1.253310000000000000e+05
7.761800000000000000e+04
4.064200000000000000e+04
3.720800000000000000e+04
2.824800000000000000e+04
4.225900000000000000e+04
5.505500000000000000e+04
1.123570000000000000e+05
1.066720000000000000e+05
9.969300000000000000e+04
1.077230000000000000e+05
5.009900000000000000e+04
3.663000000000000000e+04
2.923000000000000000e+04
3.562100000000000000e+04
5.122900000000000000e+04
8.459500000000000000e+04
1.364860000000000000e+05
1.522560000000000000e+05
1.254060000000000000e+05
5.781800000000000000e+04
2.932500000000000000e+04
2.505200000000000000e+04
2.201100000000000000e+04
3.384800000000000000e+04
5.202600000000000000e+04
9.652400000000000000e+04
1.374550000000000000e+05
1.811730000000000000e+05
1.538110000000000000e+05
7.333000000000000000e+04
5.041000000000000000e+04
3.201700000000000000e+04
3.509700000000000000e+04
5.178100000000000000e+04
8.751400000000000000e+04
1.317120000000000000e+05
1.311710000000000000e+05
1.214160000000000000e+05
7.444300000000000000e+04
2.955400000000000000e+04
2.052800000000000000e+04
1.548400000000000000e+04
1.269400000000000000e+04
1.599200000000000000e+04
3.037900000000000000e+04
5.279200000000000000e+04
6.641400000000000000e+04
6.017500000000000000e+04
4.204000000000000000e+04
2.258000000000000000e+04
2.048700000000000000e+04
2.802000000000000000e+04
3.496300000000000000e+04
6.537700000000000000e+04
1.069160000000000000e+05
1.052850000000000000e+05
9.850800000000000000e+04
9.169800000000000000e+04
4.370800000000000000e+04
4.390700000000000000e+04
3.184300000000000000e+04
3.718500000000000000e+04
5.326700000000000000e+04
9.098000000000000000e+04
1.319920000000000000e+05
9.328000000000000000e+04
1.065280000000000000e+05
8.061600000000000000e+04
4.257900000000000000e+04
3.421100000000000000e+04
2.256600000000000000e+04
3.230400000000000000e+04
3.944000000000000000e+04
8.786400000000000000e+04
8.274700000000000000e+04
8.824300000000000000e+04
1.095460000000000000e+05
5.261600000000000000e+04
3.445200000000000000e+04
3.027300000000000000e+04
2.625900000000000000e+04
3.648200000000000000e+04
6.685300000000000000e+04
1.282450000000000000e+05
1.623790000000000000e+05
1.325400000000000000e+05
6.128100000000000000e+04
2.956200000000000000e+04
2.617500000000000000e+04
1.886100000000000000e+04
3.091200000000000000e+04
4.937600000000000000e+04
8.992900000000000000e+04
1.311070000000000000e+05
1.356220000000000000e+05
9.103600000000000000e+04
4.019300000000000000e+04
3.340800000000000000e+04
2.417700000000000000e+04
2.798100000000000000e+04
4.560300000000000000e+04
6.894600000000000000e+04
1.075690000000000000e+05
1.173190000000000000e+05
1.070860000000000000e+05
6.395100000000000000e+04
3.108200000000000000e+04
2.853200000000000000e+04
2.317200000000000000e+04
3.571500000000000000e+04
4.310200000000000000e+04
6.697400000000000000e+04
8.807200000000000000e+04
7.253800000000000000e+04
6.314200000000000000e+04
3.904200000000000000e+04
3.041600000000000000e+04
2.628900000000000000e+04
2.775200000000000000e+04
4.266400000000000000e+04
4.443100000000000000e+04
8.809600000000000000e+04
8.915900000000000000e+04
6.734700000000000000e+04
5.710100000000000000e+04
3.264600000000000000e+04
3.392800000000000000e+04
2.453100000000000000e+04
3.933600000000000000e+04
3.961800000000000000e+04
5.616900000000000000e+04
6.328700000000000000e+04
4.528100000000000000e+04
6.089300000000000000e+04
4.741300000000000000e+04
2.567500000000000000e+04
1.695000000000000000e+04
1.174600000000000000e+04
1.360400000000000000e+04
1.896800000000000000e+04
2.996500000000000000e+04
4.752900000000000000e+04
5.978200000000000000e+04
5.739500000000000000e+04
4.068100000000000000e+04
2.190100000000000000e+04
2.407100000000000000e+04
3.998200000000000000e+04
5.399100000000000000e+04
9.008000000000000000e+04
1.335570000000000000e+05
1.507750000000000000e+05
1.102070000000000000e+05
4.629500000000000000e+04
3.437800000000000000e+04
3.815500000000000000e+04
2.770400000000000000e+04
4.582900000000000000e+04
6.358500000000000000e+04
9.879000000000000000e+04
1.247790000000000000e+05
1.119210000000000000e+05
8.658900000000000000e+04
4.062800000000000000e+04
2.938900000000000000e+04
2.444800000000000000e+04
2.069100000000000000e+04
3.254600000000000000e+04
5.124600000000000000e+04
9.240600000000000000e+04
9.819900000000000000e+04
9.551400000000000000e+04
6.383000000000000000e+04
3.059100000000000000e+04
3.570500000000000000e+04
2.552000000000000000e+04
2.978300000000000000e+04
3.766000000000000000e+04
6.783400000000000000e+04
8.548100000000000000e+04
7.268800000000000000e+04
7.681500000000000000e+04
4.889000000000000000e+04
3.115200000000000000e+04
2.709600000000000000e+04
1.861100000000000000e+04
2.606400000000000000e+04
3.320600000000000000e+04
6.634500000000000000e+04
6.485200000000000000e+04
6.764000000000000000e+04
7.722500000000000000e+04
4.114900000000000000e+04
3.592600000000000000e+04
2.424300000000000000e+04
3.222100000000000000e+04
3.810000000000000000e+04
6.461600000000000000e+04
8.129400000000000000e+04
5.871200000000000000e+04
8.436600000000000000e+04
6.119000000000000000e+04
3.136700000000000000e+04
2.793900000000000000e+04
2.440100000000000000e+04
3.703400000000000000e+04
5.474300000000000000e+04
9.368700000000000000e+04
1.209050000000000000e+05
1.327450000000000000e+05
9.014100000000000000e+04
3.822700000000000000e+04
3.102800000000000000e+04
2.228500000000000000e+04
3.346200000000000000e+04
4.747700000000000000e+04
7.701300000000000000e+04
1.062570000000000000e+05
1.365090000000000000e+05
1.269120000000000000e+05
5.796000000000000000e+04
3.864200000000000000e+04
3.082800000000000000e+04
2.895800000000000000e+04
3.731800000000000000e+04
4.902500000000000000e+04
7.726000000000000000e+04
9.707900000000000000e+04
1.109050000000000000e+05
8.009300000000000000e+04
3.575700000000000000e+04
2.425400000000000000e+04
1.917700000000000000e+04
1.345700000000000000e+04
1.302300000000000000e+04
1.386800000000000000e+04
2.011700000000000000e+04
3.780000000000000000e+04
7.110000000000000000e+04
7.295900000000000000e+04
3.343800000000000000e+04
1.773600000000000000e+04
2.048400000000000000e+04
2.860900000000000000e+04
3.971800000000000000e+04
7.148600000000000000e+04
9.969400000000000000e+04
9.111400000000000000e+04
8.424700000000000000e+04
4.850100000000000000e+04
3.270800000000000000e+04
3.084900000000000000e+04
2.375600000000000000e+04
3.570300000000000000e+04
4.372000000000000000e+04
7.165500000000000000e+04
6.508600000000000000e+04
5.205000000000000000e+04
4.497800000000000000e+04
2.906500000000000000e+04
2.876100000000000000e+04
2.057000000000000000e+04
2.889300000000000000e+04
3.385600000000000000e+04
5.663500000000000000e+04
7.351800000000000000e+04
5.516900000000000000e+04
5.841400000000000000e+04
4.080700000000000000e+04
2.847400000000000000e+04
2.821500000000000000e+04
2.699300000000000000e+04
3.784700000000000000e+04
4.883600000000000000e+04
7.661100000000000000e+04
9.733900000000000000e+04
1.018920000000000000e+05
6.798600000000000000e+04
3.180800000000000000e+04
2.704200000000000000e+04
2.218400000000000000e+04
3.051000000000000000e+04
4.323300000000000000e+04
7.017400000000000000e+04
9.680000000000000000e+04
1.103610000000000000e+05
9.649600000000000000e+04
4.736600000000000000e+04
3.055900000000000000e+04
2.954100000000000000e+04
2.395000000000000000e+04
3.295800000000000000e+04
4.375700000000000000e+04
7.198500000000000000e+04
9.727100000000000000e+04
9.028300000000000000e+04
6.152800000000000000e+04
2.946900000000000000e+04
3.035200000000000000e+04
2.848400000000000000e+04
2.765400000000000000e+04
3.985600000000000000e+04
5.643100000000000000e+04
9.652500000000000000e+04
9.280800000000000000e+04
7.699400000000000000e+04
5.528300000000000000e+04
3.471800000000000000e+04
3.722300000000000000e+04
2.247900000000000000e+04
2.817100000000000000e+04
3.112200000000000000e+04
5.520400000000000000e+04
6.248800000000000000e+04
4.620400000000000000e+04
5.852200000000000000e+04
3.951000000000000000e+04
2.808100000000000000e+04
2.205300000000000000e+04
1.979300000000000000e+04
2.356700000000000000e+04
3.310700000000000000e+04
5.330800000000000000e+04
3.950500000000000000e+04
4.440300000000000000e+04
5.967900000000000000e+04
3.722400000000000000e+04
1.968800000000000000e+04
1.559700000000000000e+04
1.223700000000000000e+04
1.188000000000000000e+04
1.545800000000000000e+04
2.665100000000000000e+04
4.586900000000000000e+04
5.332400000000000000e+04
3.879700000000000000e+04
2.091200000000000000e+04
1.890200000000000000e+04
2.668300000000000000e+04
2.734700000000000000e+04
4.277100000000000000e+04
6.168100000000000000e+04
8.652000000000000000e+04
1.118310000000000000e+05
7.474500000000000000e+04
3.626600000000000000e+04
2.609800000000000000e+04
1.982600000000000000e+04
2.635900000000000000e+04
3.605300000000000000e+04
5.740100000000000000e+04
8.432300000000000000e+04
1.188900000000000000e+05
1.109240000000000000e+05
5.413000000000000000e+04
3.120800000000000000e+04
2.515900000000000000e+04
2.214100000000000000e+04
3.034200000000000000e+04
4.119200000000000000e+04
6.465900000000000000e+04
9.133300000000000000e+04
1.002100000000000000e+05
6.667900000000000000e+04
3.097000000000000000e+04
3.030200000000000000e+04
2.808100000000000000e+04
3.004200000000000000e+04
4.070800000000000000e+04
5.676100000000000000e+04
9.003700000000000000e+04
1.048650000000000000e+05
8.812200000000000000e+04
4.843900000000000000e+04
2.928700000000000000e+04
3.044400000000000000e+04
2.241400000000000000e+04
2.958000000000000000e+04
3.540500000000000000e+04
6.051000000000000000e+04
8.392200000000000000e+04
7.459800000000000000e+04
5.988200000000000000e+04
3.393700000000000000e+04
2.922400000000000000e+04
2.588600000000000000e+04
2.369900000000000000e+04
3.105300000000000000e+04
4.148000000000000000e+04
7.009400000000000000e+04
7.364800000000000000e+04
6.895600000000000000e+04
4.853600000000000000e+04
2.651200000000000000e+04
2.673600000000000000e+04
2.194600000000000000e+04
2.708600000000000000e+04
3.443200000000000000e+04
5.635800000000000000e+04
8.142500000000000000e+04
9.801100000000000000e+04
8.902300000000000000e+04
4.461500000000000000e+04
3.007000000000000000e+04
2.588500000000000000e+04
2.511900000000000000e+04
3.365500000000000000e+04
4.667000000000000000e+04
7.200900000000000000e+04
9.182200000000000000e+04
1.020150000000000000e+05
7.034800000000000000e+04
3.494100000000000000e+04
2.774500000000000000e+04
1.977100000000000000e+04
2.476100000000000000e+04
3.355500000000000000e+04
4.798200000000000000e+04
7.459900000000000000e+04
9.906300000000000000e+04
9.589800000000000000e+04
5.174400000000000000e+04
2.639300000000000000e+04
2.415200000000000000e+04
1.555700000000000000e+04
1.328900000000000000e+04
1.213000000000000000e+04
1.314100000000000000e+04
2.111400000000000000e+04
4.473800000000000000e+04
6.075200000000000000e+04
4.026400000000000000e+04
1.853200000000000000e+04
1.883200000000000000e+04
2.857800000000000000e+04
3.168900000000000000e+04
4.135500000000000000e+04
5.818100000000000000e+04
5.635300000000000000e+04
5.610200000000000000e+04
4.187100000000000000e+04
2.583200000000000000e+04
2.414000000000000000e+04
1.848800000000000000e+04
2.724200000000000000e+04
3.370000000000000000e+04
5.122300000000000000e+04
6.669900000000000000e+04
6.370300000000000000e+04
5.487400000000000000e+04
3.099200000000000000e+04
2.228300000000000000e+04
2.005900000000000000e+04
1.953600000000000000e+04
2.657600000000000000e+04
3.429400000000000000e+04
5.099100000000000000e+04
5.673500000000000000e+04
6.242400000000000000e+04
4.960900000000000000e+04
2.486500000000000000e+04
2.311900000000000000e+04
2.249300000000000000e+04
2.283500000000000000e+04
3.321500000000000000e+04
4.760300000000000000e+04
7.089900000000000000e+04
1.094950000000000000e+05
1.058750000000000000e+05
6.187400000000000000e+04
4.017600000000000000e+04
2.283000000000000000e+04
1.823900000000000000e+04
2.190900000000000000e+04
2.978400000000000000e+04
4.614600000000000000e+04
6.264100000000000000e+04
8.817200000000000000e+04
7.394500000000000000e+04
4.424000000000000000e+04
2.683600000000000000e+04
1.525900000000000000e+04
1.793500000000000000e+04
2.150300000000000000e+04
3.593400000000000000e+04
4.621400000000000000e+04
6.391600000000000000e+04
8.025200000000000000e+04
4.819700000000000000e+04
2.469700000000000000e+04
2.453500000000000000e+04
2.447500000000000000e+04
3.216000000000000000e+04
4.358800000000000000e+04
6.364700000000000000e+04
8.025900000000000000e+04
8.468100000000000000e+04
5.969300000000000000e+04
3.302800000000000000e+04
2.958900000000000000e+04
1.981300000000000000e+04
2.226000000000000000e+04
2.843700000000000000e+04
3.629700000000000000e+04
5.604200000000000000e+04
6.388700000000000000e+04
5.782400000000000000e+04
3.589400000000000000e+04
2.342900000000000000e+04
2.128900000000000000e+04
1.807600000000000000e+04
2.824700000000000000e+04
2.764500000000000000e+04
3.613500000000000000e+04
5.016700000000000000e+04
5.869400000000000000e+04
6.721200000000000000e+04
4.095500000000000000e+04
2.291700000000000000e+04
2.374300000000000000e+04
1.976200000000000000e+04
2.514200000000000000e+04
2.575400000000000000e+04
2.290300000000000000e+04
2.151100000000000000e+04
4.733500000000000000e+04
6.455000000000000000e+04
3.442100000000000000e+04
2.573500000000000000e+04
3.056500000000000000e+04
2.829600000000000000e+04
3.845700000000000000e+04
4.020500000000000000e+04
5.050500000000000000e+04
6.848700000000000000e+04
5.623700000000000000e+04
4.160000000000000000e+04
3.634600000000000000e+04
2.313400000000000000e+04
2.420300000000000000e+04
2.923600000000000000e+04
3.459100000000000000e+04
4.480600000000000000e+04
5.931700000000000000e+04
7.417200000000000000e+04
6.377100000000000000e+04
5.289600000000000000e+04
3.441700000000000000e+04
2.028300000000000000e+04
2.695300000000000000e+04
2.479800000000000000e+04
3.378000000000000000e+04
4.342300000000000000e+04
4.957400000000000000e+04
5.524100000000000000e+04
4.555500000000000000e+04
3.301900000000000000e+04
2.005600000000000000e+04
2.243500000000000000e+04
2.312200000000000000e+04
2.518600000000000000e+04
3.828200000000000000e+04
4.095400000000000000e+04
5.287800000000000000e+04
5.502900000000000000e+04
3.971500000000000000e+04
2.427200000000000000e+04
1.521300000000000000e+04
1.885800000000000000e+04
2.006700000000000000e+04
2.779700000000000000e+04
3.744300000000000000e+04
4.264200000000000000e+04
4.696100000000000000e+04
3.615300000000000000e+04
2.311100000000000000e+04
1.471900000000000000e+04
1.284900000000000000e+04
1.617600000000000000e+04
2.005000000000000000e+04
2.697800000000000000e+04
3.269600000000000000e+04
3.862700000000000000e+04
3.708100000000000000e+04
2.489600000000000000e+04
1.646900000000000000e+04
1.378300000000000000e+04
1.372400000000000000e+04
1.718400000000000000e+04
2.151100000000000000e+04
2.920300000000000000e+04
5.985200000000000000e+04
8.548600000000000000e+04
6.390800000000000000e+04
3.132500000000000000e+04
1.548000000000000000e+04
1.099700000000000000e+04
1.196300000000000000e+04
1.374100000000000000e+04
1.878300000000000000e+04
3.371400000000000000e+04
6.736700000000000000e+04
8.689500000000000000e+04
5.982100000000000000e+04
2.637400000000000000e+04
1.385600000000000000e+04
1.211900000000000000e+04
1.288900000000000000e+04
1.336500000000000000e+04
2.161400000000000000e+04
4.133700000000000000e+04
6.784900000000000000e+04
6.842800000000000000e+04
3.818000000000000000e+04
1.831000000000000000e+04
1.573300000000000000e+04
1.230500000000000000e+04
1.143000000000000000e+04
1.197400000000000000e+04
1.516600000000000000e+04
2.630000000000000000e+04
3.444100000000000000e+04
3.081500000000000000e+04
2.522800000000000000e+04
2.066400000000000000e+04
1.469700000000000000e+04
1.221600000000000000e+04
1.564700000000000000e+04
2.143100000000000000e+04
3.089300000000000000e+04
4.537800000000000000e+04
5.174000000000000000e+04
3.865000000000000000e+04
2.051400000000000000e+04
1.216800000000000000e+04
1.249100000000000000e+04
1.312800000000000000e+04
1.426700000000000000e+04
2.347200000000000000e+04
3.925800000000000000e+04
4.982700000000000000e+04
4.457800000000000000e+04
2.731500000000000000e+04
1.388800000000000000e+04
1.141100000000000000e+04
1.285700000000000000e+04
1.173700000000000000e+04
1.348000000000000000e+04
2.359500000000000000e+04
3.436600000000000000e+04
3.606300000000000000e+04
2.973700000000000000e+04
2.003000000000000000e+04
1.215400000000000000e+04
1.062700000000000000e+04
1.202800000000000000e+04
1.235600000000000000e+04
1.803600000000000000e+04
3.903500000000000000e+04
6.109300000000000000e+04
5.516200000000000000e+04
3.061500000000000000e+04
1.479600000000000000e+04
1.172000000000000000e+04
1.207300000000000000e+04
1.191800000000000000e+04
1.451500000000000000e+04
2.668700000000000000e+04
4.805900000000000000e+04
6.145600000000000000e+04
4.972400000000000000e+04
2.616000000000000000e+04
1.377700000000000000e+04
1.368600000000000000e+04
1.374800000000000000e+04
1.269800000000000000e+04
1.821500000000000000e+04
3.555300000000000000e+04
5.420600000000000000e+04
5.258100000000000000e+04
3.334700000000000000e+04
1.645800000000000000e+04
1.234000000000000000e+04
1.367000000000000000e+04
1.360600000000000000e+04
1.362300000000000000e+04
1.843100000000000000e+04
2.746100000000000000e+04
3.431600000000000000e+04
3.115200000000000000e+04
2.051400000000000000e+04
1.321300000000000000e+04
1.306600000000000000e+04
1.473200000000000000e+04
1.505800000000000000e+04
1.555400000000000000e+04
1.834500000000000000e+04
2.089100000000000000e+04
2.083100000000000000e+04
1.986400000000000000e+04
1.651800000000000000e+04
1.234700000000000000e+04
1.211600000000000000e+04
1.510300000000000000e+04
1.762600000000000000e+04
1.815300000000000000e+04
2.213800000000000000e+04
2.680600000000000000e+04
2.513400000000000000e+04
1.710000000000000000e+04
1.117900000000000000e+04
9.748000000000000000e+03
9.592000000000000000e+03
9.998000000000000000e+03
1.475700000000000000e+04
2.422100000000000000e+04
3.013000000000000000e+04
2.684500000000000000e+04
2.006200000000000000e+04
1.637300000000000000e+04
1.418100000000000000e+04
1.117900000000000000e+04
1.278000000000000000e+04
1.845200000000000000e+04
2.381000000000000000e+04
3.209500000000000000e+04
4.137200000000000000e+04
4.021200000000000000e+04
2.667400000000000000e+04
1.487500000000000000e+04
1.154200000000000000e+04
1.308400000000000000e+04
1.422000000000000000e+04
1.628300000000000000e+04
2.823500000000000000e+04
4.528800000000000000e+04
4.867800000000000000e+04
3.320900000000000000e+04
1.695300000000000000e+04
1.135500000000000000e+04
1.163500000000000000e+04
1.255100000000000000e+04
1.278400000000000000e+04
1.528000000000000000e+04
2.181600000000000000e+04
3.107900000000000000e+04
3.703800000000000000e+04
2.909100000000000000e+04
1.657900000000000000e+04
1.183500000000000000e+04
1.351100000000000000e+04
1.439200000000000000e+04
1.434400000000000000e+04
1.794400000000000000e+04
2.382200000000000000e+04
2.791800000000000000e+04
2.778400000000000000e+04
2.248700000000000000e+04
1.408700000000000000e+04
1.049300000000000000e+04
1.268700000000000000e+04
1.490400000000000000e+04
1.566300000000000000e+04
1.907500000000000000e+04
2.569700000000000000e+04
2.829000000000000000e+04
2.335900000000000000e+04
1.558300000000000000e+04
1.062400000000000000e+04
1.045400000000000000e+04
1.239900000000000000e+04
1.366400000000000000e+04
1.442500000000000000e+04
1.697100000000000000e+04
2.152500000000000000e+04
2.368000000000000000e+04
2.056500000000000000e+04
1.362200000000000000e+04
1.045000000000000000e+04
1.248000000000000000e+04
1.546200000000000000e+04
1.712300000000000000e+04
2.345700000000000000e+04
3.421900000000000000e+04
3.824400000000000000e+04
2.941300000000000000e+04
1.716200000000000000e+04
1.090700000000000000e+04
1.084600000000000000e+04
1.105500000000000000e+04
