1.463719000000000524e+05
2.347083000000000175e+05
3.029472999999998719e+05
2.608911999999999825e+05
1.691914999999999709e+05
1.182013999999999942e+05
9.720969999999996799e+04
9.750080000000001746e+04
1.048612999999999302e+05
1.339686000000000931e+05
2.288520999999999476e+05
2.986982999999999302e+05
2.652724000000000815e+05
2.102975000000000291e+05
1.667514000000000524e+05
1.244918000000000029e+05
1.135172000000000407e+05
1.147619999999999418e+05
1.151588999999999796e+05
1.663998000000000466e+05
2.387160000000000000e+05
2.443165999999999185e+05
2.135279000000000233e+05
2.018127000000000407e+05
1.607955000000000000e+05
1.217505999999999767e+05
1.228590000000000000e+05
1.139442999999999593e+05
1.465625000000000000e+05
2.370945000000000582e+05
2.556166000000000349e+05
1.992130999999999476e+05
1.874096999999999243e+05
1.884990999999999185e+05
1.391914000000000233e+05
1.142745999999999767e+05
1.193577000000000116e+05
1.095411999999999825e+05
1.214873999999999360e+05
1.569342000000000407e+05
2.744826999999999534e+05
4.389202999999999884e+05
4.094494999999999418e+05
2.273483999999999942e+05
1.332741999999999825e+05
1.220285000000000437e+05
1.299080000000000437e+05
1.798085000000000000e+05
3.038857999999999302e+05
4.632214999999995925e+05
4.749616000000001513e+05
3.069065000000000582e+05
1.557266999999999243e+05
1.197836000000000204e+05
1.099846000000000204e+05
9.535350000000001455e+04
1.066194000000000233e+05
1.557027999999999884e+05
2.659611999999999534e+05
3.908844000000001397e+05
3.692845000000000000e+05
2.117912999999999884e+05
1.149525999999999767e+05
1.034920999999999331e+05
9.621950000000005821e+04
9.849330000000001746e+04
1.282305999999999622e+05
2.220096000000000349e+05
3.890624999999998836e+05
4.826327000000001863e+05
3.816408999999997322e+05
2.071453999999999651e+05
1.177984999999999854e+05
1.083389999999999709e+05
1.106937000000000116e+05
1.088327999999999593e+05
1.497290000000000291e+05
2.588432000000000116e+05
3.947689999999997090e+05
4.557640000000000000e+05
3.512385999999998021e+05
1.922968000000000175e+05
1.363107000000000407e+05
1.182440000000000582e+05
1.161770999999999767e+05
1.388474999999999709e+05
2.178794000000000524e+05
3.801335999999999185e+05
4.294281000000000349e+05
3.265302999999999884e+05
2.142260999999999767e+05
1.392999999999999709e+05
1.148318999999999942e+05
1.121948999999999651e+05
1.220018999999999214e+05
1.529180999999999767e+05
2.269543999999999651e+05
3.268146999999998952e+05
3.168972999999998719e+05
2.066518000000000466e+05
1.256258999999999505e+05
9.202700000000001455e+04
9.449930000000001746e+04
9.855000000000001455e+04
1.124871999999999534e+05
1.699048000000000757e+05
3.268618000000001630e+05
6.380469000000001397e+05
7.272517999999998137e+05
4.432381000000000931e+05
1.908420000000000000e+05
1.199812000000000698e+05
9.879030000000000291e+04
1.063026999999999243e+05
1.163735000000000146e+05
1.698354000000000524e+05
3.918923000000001048e+05
6.770981999999998370e+05
6.456448999999997905e+05
3.344266000000000931e+05
1.713066000000000058e+05
1.330375000000000000e+05
1.135951999999999971e+05
1.302457000000000116e+05
1.533868000000000175e+05
3.187413999999999069e+05
6.244407000000000698e+05
7.402807000000001863e+05
4.931422000000001281e+05
2.211453000000000466e+05
1.682411999999998370e+05
1.474401000000001222e+05
1.732036999999999825e+05
2.290474000000000233e+05
2.343312999999999884e+05
2.375567999999999593e+05
1.875115999999999476e+05
2.878968000000001048e+05
4.316125000000000582e+05
2.980909000000002561e+05
1.919812000000000698e+05
1.598326999999999825e+05
1.359537999999999884e+05
1.962288999999999651e+05
2.431490000000000582e+05
4.462566999999998952e+05
6.115885999999998603e+05
4.169848000000001630e+05
1.857106999999999825e+05
1.168381999999999825e+05
1.078503999999999651e+05
1.191220000000000000e+05
1.544102000000000116e+05
2.143301000000000640e+05
3.865445000000000000e+05
6.554987999999999302e+05
6.398231999999998370e+05
3.337254999999998836e+05
1.505584000000000233e+05
1.072712000000000262e+05
1.001517000000000116e+05
1.157281000000000204e+05
1.595357999999999884e+05
2.710387000000001281e+05
5.040577999999998719e+05
6.541481999999999534e+05
4.621048000000001048e+05
2.005325000000000582e+05
1.126723999999999942e+05
9.790889999999996508e+04
9.703140000000002328e+04
1.199370000000000000e+05
1.816197000000001281e+05
3.112231000000000349e+05
5.624945000000000000e+05
6.666250000000002328e+05
4.143286999999998952e+05
1.869873000000000757e+05
1.326817999999999884e+05
1.068092999999999447e+05
1.143688999999999796e+05
1.308681999999999825e+05
2.138243999999999651e+05
4.069866999999998952e+05
6.057701000000000931e+05
5.653605000000000000e+05
2.913425000000000582e+05
1.711613999999999942e+05
1.364004000000000524e+05
1.239854000000000087e+05
1.584602000000000698e+05
1.932975000000000873e+05
3.629791000000000931e+05
6.081318999999997905e+05
6.578782999999999302e+05
4.449365000000000000e+05
2.053590000000000582e+05
1.524723000000000757e+05
1.297444999999999563e+05
1.475186999999999825e+05
1.919383000000000175e+05
2.484269000000000524e+05
4.534312000000001281e+05
5.628654999999997672e+05
4.687840999999999767e+05
2.822294000000000815e+05
1.567256000000000640e+05
1.650425000000000291e+05
1.398530999999999476e+05
1.609437999999999884e+05
2.277313999999999360e+05
3.280067999999998137e+05
4.961733999999999651e+05
5.050885999999999767e+05
3.167344999999999418e+05
1.686233000000000175e+05
1.430676999999999243e+05
1.321109999999999127e+05
1.120219000000000087e+05
1.399583999999999942e+05
2.116364000000000233e+05
3.167320999999999767e+05
3.859261000000000931e+05
3.201348999999999651e+05
2.006048999999999360e+05
1.206037999999999738e+05
1.054135999999999913e+05
1.173993000000000175e+05
1.307027000000000116e+05
1.668196999999999534e+05
2.088937999999999884e+05
1.891746999999999243e+05
1.607297999999999593e+05
2.755391999999999534e+05
3.293741000000000349e+05
2.176426999999999825e+05
1.899365999999999185e+05
1.682818000000000175e+05
1.324260000000000000e+05
1.780886999999999243e+05
3.253219000000000815e+05
7.413502000000003027e+05
9.468561000000005588e+05
5.744007999999999302e+05
2.640491000000000931e+05
1.806872000000000698e+05
1.173514999999999418e+05
1.106065000000000000e+05
1.141798999999999360e+05
1.959447000000000407e+05
4.073915999999999185e+05
6.599195000000000000e+05
6.434005999999998603e+05
3.566411000000000931e+05
2.188705999999998894e+05
1.702123000000000175e+05
1.178791000000000058e+05
1.230666000000000058e+05
1.593206999999999534e+05
3.446071999999999534e+05
5.961034000000000233e+05
6.676205999999999767e+05
4.704699000000000815e+05
2.279072999999999884e+05
1.794871999999998952e+05
1.361840000000000000e+05
1.218213000000000466e+05
1.409161000000000349e+05
2.192563999999999942e+05
4.366783000000001630e+05
5.369935999999999767e+05
4.435260999999999767e+05
2.561027000000000407e+05
1.611410000000000000e+05
1.511440000000000000e+05
1.161773000000000029e+05
1.221019000000000233e+05
1.662006999999999243e+05
3.350723999999999069e+05
5.640642000000000698e+05
5.969306999999998370e+05
3.968886999999998370e+05
1.870104999999998836e+05
1.423435999999999767e+05
1.299890999999999913e+05
1.098151000000000495e+05
1.264493999999999360e+05
1.871841000000000058e+05
3.425674999999998836e+05
4.363508999999999069e+05
3.831560999999999767e+05
2.499469999999999709e+05
1.424100000000000000e+05
1.138189999999999709e+05
1.107050999999999913e+05
1.043452000000000407e+05
1.401017000000000407e+05
2.653554999999999418e+05
5.244669000000000233e+05
8.181698000000001630e+05
6.695403999999999069e+05
3.095210000000000582e+05
1.827821999999999825e+05
1.254058000000000029e+05
1.119727000000000116e+05
1.169974999999999709e+05
1.539303000000000175e+05
3.105217999999999884e+05
5.926525999999999767e+05
7.699452000000001863e+05
5.341082999999999302e+05
2.606551000000000349e+05
1.912953000000000466e+05
1.339521999999999825e+05
1.218079000000000669e+05
1.249983000000000466e+05
2.072578000000000175e+05
4.058356999999998952e+05
6.158917999999998137e+05
6.298123000000001630e+05
3.702502000000000698e+05
1.963455999999999767e+05
1.515790000000000873e+05
1.213461999999998952e+05
1.352151999999999825e+05
1.456612000000000116e+05
1.988911000000000931e+05
2.109541999999999534e+05
2.349072999999999884e+05
4.143008999999999069e+05
3.765034000000000233e+05
2.089189999999999709e+05
1.853407999999999884e+05
1.392560000000000000e+05
1.682941000000000931e+05
2.236640000000000582e+05
3.823046000000000349e+05
5.374906999999999534e+05
3.914025999999999767e+05
2.180911000000000640e+05
1.311526999999999825e+05
1.411977000000000407e+05
1.584557000000000116e+05
1.539357999999999593e+05
1.838342999999999884e+05
3.286161000000000931e+05
6.161395999999999767e+05
6.213210000000000000e+05
3.672765000000001164e+05
1.846875000000000000e+05
1.234661999999999680e+05
1.395288999999999651e+05
1.309190999999999913e+05
1.579903999999999942e+05
1.921093999999999360e+05
3.284252000000000698e+05
4.313205999999999767e+05
3.398946000000002678e+05
2.390893999999999651e+05
1.449285000000000291e+05
1.152064999999999563e+05
1.149084000000000087e+05
1.038242999999999593e+05
1.323850000000000000e+05
2.290125999999999476e+05
4.629091999999997788e+05
7.553179999999998836e+05
7.473473000000002794e+05
4.225986000000000349e+05
2.491325999999999767e+05
1.774290000000000291e+05
1.250736999999999825e+05
1.272000000000000000e+05
1.684308999999999069e+05
3.142665999999999767e+05
5.149749999999999418e+05
7.382242999999995809e+05
6.329648000000000466e+05
3.358788000000000466e+05
2.413376999999999534e+05
1.537594999999999709e+05
1.347259000000000233e+05
1.408687000000000407e+05
2.369482999999999010e+05
4.108037000000001281e+05
5.911717999999998137e+05
6.559791999999999534e+05
3.836428000000000466e+05
2.027826000000000640e+05
1.587043999999999360e+05
1.204228000000000320e+05
1.467045999999999476e+05
1.837741000000000640e+05
3.434191999999998952e+05
5.397224000000001397e+05
6.046464000000000233e+05
4.006532000000001281e+05
1.723923999999999942e+05
1.335142999999999593e+05
1.215801000000000204e+05
1.136596000000000058e+05
1.354080999999999767e+05
1.746214000000000233e+05
2.928203999999999069e+05
3.814910000000000582e+05
3.196395000000000582e+05
2.301525000000000873e+05
1.460054000000000233e+05
1.556249999999998836e+05
1.527285000000000291e+05
1.298236000000000204e+05
1.612603000000000757e+05
2.188472000000000990e+05
3.939425000000002328e+05
4.119694999999999418e+05
2.992106000000000349e+05
2.151311000000000058e+05
1.436461999999999825e+05
1.465713000000000466e+05
1.292227999999999593e+05
1.384797000000000407e+05
1.463295999999999767e+05
1.304485000000000437e+05
1.664440000000000291e+05
2.710601999999998952e+05
3.394570000000001164e+05
2.378875000000000000e+05
1.515464999999999709e+05
1.250911999999999971e+05
1.108372999999999738e+05
1.420544999999999709e+05
2.291113999999999651e+05
4.082628000000001048e+05
5.646492999999998137e+05
4.858152000000000116e+05
2.478525000000001455e+05
1.618702000000000407e+05
1.526979000000000233e+05
1.119368000000000320e+05
1.215196999999999971e+05
1.805063999999999069e+05
3.545696000000000931e+05
5.422545999999999767e+05
5.464140000000000000e+05
3.547230000000000000e+05
1.720807999999999593e+05
1.481048000000000175e+05
1.273852000000000407e+05
1.147892000000000407e+05
1.414558000000000175e+05
2.057841999999999825e+05
3.690691000000000349e+05
4.516917000000000698e+05
3.476122999999999884e+05
1.962815000000000291e+05
1.197615000000000146e+05
1.232953000000000029e+05
1.132438999999999651e+05
1.228151999999999971e+05
1.646672000000000116e+05
2.583643000000000466e+05
4.048205000000000582e+05
3.713821000000000349e+05
2.446316000000000349e+05
1.546872999999999302e+05
1.252563999999999796e+05
1.303983000000000175e+05
1.133210999999999767e+05
1.447025000000000873e+05
1.794571000000000349e+05
3.020778000000001630e+05
3.752814000000000815e+05
2.807143999999999069e+05
2.207493000000000175e+05
1.479864000000000233e+05
1.343508999999999942e+05
1.291909999999999854e+05
1.178775999999999476e+05
1.510459999999999418e+05
1.905399999999999709e+05
3.049977999999999302e+05
2.969393999999998487e+05
2.838777999999999884e+05
2.730619000000000815e+05
1.674773999999999651e+05
1.658633000000000466e+05
1.374237999999999593e+05
1.623930000000000291e+05
2.395510000000000582e+05
3.890524000000001979e+05
5.617191000000000931e+05
4.761954000000000815e+05
2.790122000000000116e+05
1.480173000000000466e+05
1.392441000000000931e+05
1.191652000000000262e+05
1.141336000000000349e+05
1.602613999999999942e+05
2.881280000000001746e+05
4.579180999999998603e+05
5.229648999999999651e+05
4.194499999999999418e+05
2.172063000000000757e+05
1.231241999999999825e+05
1.162077999999999884e+05
9.985839999999995052e+04
1.168856999999999680e+05
1.688466000000000058e+05
2.976008999999999069e+05
4.352841000000002095e+05
3.922019000000000815e+05
2.907158000000000466e+05
1.767980000000000582e+05
1.205876999999999825e+05
1.182743000000000175e+05
1.039662000000000116e+05
1.224573999999999942e+05
1.276765999999999913e+05
1.518871999999999243e+05
2.172548000000000757e+05
3.020785000000000582e+05
2.508872999999999593e+05
1.373548999999999942e+05
1.062196999999999825e+05
1.096512000000000262e+05
1.163233000000000175e+05
1.384165000000000000e+05
1.781723999999999651e+05
2.409067999999998719e+05
2.398567000000001281e+05
2.233649999999999127e+05
1.806848999999999942e+05
1.288549000000000815e+05
1.340353999999999942e+05
1.287411999999999971e+05
1.619356999999999534e+05
2.122975999999998603e+05
3.426763000000001630e+05
3.958546999999999534e+05
2.893595999999997439e+05
2.179162999999999593e+05
1.476468999999999360e+05
1.371724999999999709e+05
1.432222999999999593e+05
1.320416000000000349e+05
1.542637999999999593e+05
1.889337999999999593e+05
2.614029999999999709e+05
2.473741999999998952e+05
2.272936999999999534e+05
2.168006000000000931e+05
1.497332000000000407e+05
1.447292999999999302e+05
1.353559000000000524e+05
1.504310000000000000e+05
1.870916999999999243e+05
3.119098999999999069e+05
4.443580999999999767e+05
3.588229999999998836e+05
2.305607000000000116e+05
1.514162000000000407e+05
1.284353999999999505e+05
1.149438999999999942e+05
1.130346000000000058e+05
1.393581000000000640e+05
2.013036999999999534e+05
3.376189000000000233e+05
4.012653000000001630e+05
3.129825999999999767e+05
1.877277999999999884e+05
1.258423000000000175e+05
1.263302000000000407e+05
1.114574000000000087e+05
1.263190999999999767e+05
1.607581000000000058e+05
2.546327000000000698e+05
3.788914999999999418e+05
3.626951999999998952e+05
2.580704999999999418e+05
1.628353000000000175e+05
1.326861999999999825e+05
1.402306999999999825e+05
1.167316999999999971e+05
1.540494000000000524e+05
1.931965000000000582e+05
3.050178000000001048e+05
3.418548000000001630e+05
2.581303999999999942e+05
2.129680000000000582e+05
1.561452000000000116e+05
1.537490000000000291e+05
1.268933000000000320e+05
1.407855999999999476e+05
1.663249999999998836e+05
2.215443999999999360e+05
2.761278000000000466e+05
2.210070999999999476e+05
1.957423999999999360e+05
1.640072999999999010e+05
1.247058999999999651e+05
1.258630999999999622e+05
1.124601000000000204e+05
1.274895000000000291e+05
1.311820000000000000e+05
1.726027999999999884e+05
1.980953999999999942e+05
1.994658000000000466e+05
2.878413999999999651e+05
2.368083000000000175e+05
1.621144000000000233e+05
1.405500000000000000e+05
1.100473000000000320e+05
1.184056000000000058e+05
1.196169000000000233e+05
1.510704000000000524e+05
2.340804000000000815e+05
2.755909999999999418e+05
2.047556999999999825e+05
1.191647999999999884e+05
9.726590000000003783e+04
1.002856999999999825e+05
1.204138999999999942e+05
1.853074999999998836e+05
2.837940999999999767e+05
4.841175000000000582e+05
5.430115000000002328e+05
3.665327999999999884e+05
1.891015000000000873e+05
1.382678999999999942e+05
1.192606000000000349e+05
1.227399999999999854e+05
1.606128999999999651e+05
2.577387999999999593e+05
4.580796000000000349e+05
5.981884000000002561e+05
5.458241000000002095e+05
2.940390000000001746e+05
1.612045000000000291e+05
1.328403000000000175e+05
1.139981999999999971e+05
1.373477000000000116e+05
1.969593000000000175e+05
3.214169000000000815e+05
4.656128000000000466e+05
4.777392999999999302e+05
3.024710000000000582e+05
1.548850000000000000e+05
1.185450000000000291e+05
1.188959000000000669e+05
1.187095000000000437e+05
1.532239000000000524e+05
2.003001000000000058e+05
3.111071999999999534e+05
4.036604000000000233e+05
4.160847999999998137e+05
2.667015999999999767e+05
1.436125999999999185e+05
1.246151000000000204e+05
1.187831000000000058e+05
1.344135999999999767e+05
1.718915000000000000e+05
2.535899000000000233e+05
3.776745000000000000e+05
4.072755999999999185e+05
3.435991999999998952e+05
2.138903999999999942e+05
1.343140999999999767e+05
1.256435000000000000e+05
1.259488000000000611e+05
1.599846000000000349e+05
2.005881999999999825e+05
2.901422000000000116e+05
3.574108000000000466e+05
3.296320000000000582e+05
2.717023000000001048e+05
1.795412000000000116e+05
1.466695000000000000e+05
1.480841999999999825e+05
1.521057999999999884e+05
1.701645000000001164e+05
2.104279999999999709e+05
3.335687000000001281e+05
3.762461999999998952e+05
3.792679000000001979e+05
2.640685999999999767e+05
1.604282000000000407e+05
1.434551999999999534e+05
1.297137000000000407e+05
1.509609000000000524e+05
1.850759999999999709e+05
3.166114000000000233e+05
4.993303000000002212e+05
4.950693999999998487e+05
3.467390000000000582e+05
1.857634999999999709e+05
1.417464999999999418e+05
1.143133999999999651e+05
1.217639000000000233e+05
1.297847000000000116e+05
1.785940000000000000e+05
2.850618999999998487e+05
3.825863000000001630e+05
3.395127000000000116e+05
2.359627000000000407e+05
1.693056000000000349e+05
1.507097000000000116e+05
1.269563999999999942e+05
1.226110999999999767e+05
1.291929000000000087e+05
1.355160999999999767e+05
2.019571000000000058e+05
2.664165000000000582e+05
2.366286999999999534e+05
1.504117999999999593e+05
1.157117999999999738e+05
1.110459999999999418e+05
1.118761999999999825e+05
1.308742000000000116e+05
1.795657000000000698e+05
2.429506999999999825e+05
2.965078999999999069e+05
2.315332999999999884e+05
2.334196000000000640e+05
1.859920999999999767e+05
1.685546000000000058e+05
1.404092000000000407e+05
1.304874000000000233e+05
1.461227999999999884e+05
1.892812999999999884e+05
2.570168000000000175e+05
2.533055000000001455e+05
2.555620000000000582e+05
2.207283999999999360e+05
1.588522999999999884e+05
1.420237000000000116e+05
1.310092000000000262e+05
1.546100000000000291e+05
1.850941999999999534e+05
2.372083999999999360e+05
2.808916000000000349e+05
2.173152000000000116e+05
2.388217999999999884e+05
2.007156000000000349e+05
1.622427999999999884e+05
1.365566999999999825e+05
1.372538000000000175e+05
1.642952000000000116e+05
2.255954000000000524e+05
4.084601000000000349e+05
5.901228000000000466e+05
6.074675999999999767e+05
3.690055000000000000e+05
1.928962999999999884e+05
1.328452999999999884e+05
1.286578000000000611e+05
1.554569000000000524e+05
1.762434999999999709e+05
2.478270000000000000e+05
4.174967000000000698e+05
5.607566000000000931e+05
4.439730999999999767e+05
2.246496000000000931e+05
1.521760999999999767e+05
1.202095000000000873e+05
1.224029999999999272e+05
1.471093999999999651e+05
2.114184999999999418e+05
3.397766999999998952e+05
5.072871999999999534e+05
5.355035999999999767e+05
3.094682999999999884e+05
1.496895999999999185e+05
1.269844000000000233e+05
1.257181000000000204e+05
1.657347000000000990e+05
2.081337000000000407e+05
2.783232000000001281e+05
4.209098000000000466e+05
4.761909000000001397e+05
3.846308000000000466e+05
2.057498000000001048e+05
1.491767000000000407e+05
1.355250000000000000e+05
1.274114999999999854e+05
1.753125000000000291e+05
2.308974000000000233e+05
3.675359000000001397e+05
4.710697999999998719e+05
3.925300000000000000e+05
2.561973999999999651e+05
1.516699000000000524e+05
1.369427999999999884e+05
1.127602000000000116e+05
1.243918000000000029e+05
1.532020999999999185e+05
2.105915999999999767e+05
3.212082999999999884e+05
4.111633999999999651e+05
3.448094000000000233e+05
1.942274000000000233e+05
1.247900999999999913e+05
1.207111999999999680e+05
1.103866000000000349e+05
1.150300999999999622e+05
1.264912000000000698e+05
1.287598999999999360e+05
1.590568000000000175e+05
2.076373999999999651e+05
2.130782999999999884e+05
1.414104000000000233e+05
1.034424000000000378e+05
1.101375000000000437e+05
1.298359000000000378e+05
1.637366999999999534e+05
2.587908000000000175e+05
4.349899999999999418e+05
6.240021999999996042e+05
5.149386000000002678e+05
2.660308000000001048e+05
1.497436000000000058e+05
1.440793000000000466e+05
1.326750000000000582e+05
1.553935999999999476e+05
1.871492000000000116e+05
2.822472000000000116e+05
4.132166999999998952e+05
4.589824999999998836e+05
3.920144000000000815e+05
2.147108999999999942e+05
1.374365999999999767e+05
1.241463999999999505e+05
1.364824000000000233e+05
1.642241000000000058e+05
2.367285000000000291e+05
4.089158000000000466e+05
5.200722999999999884e+05
4.587003999999996740e+05
2.832973000000000466e+05
1.507937000000000116e+05
1.316553999999999651e+05
1.297058000000000320e+05
1.448895000000000000e+05
1.848195999999999767e+05
2.576494000000000815e+05
3.597175000000000582e+05
3.368355999999999767e+05
2.652012999999998137e+05
1.922395000000000291e+05
1.383692000000000116e+05
1.309036000000000204e+05
1.157527000000000407e+05
1.395302000000000407e+05
1.672027000000000698e+05
2.673748000000001048e+05
3.438585000000001746e+05
3.256063000000000466e+05
2.310860999999999476e+05
1.447370000000000291e+05
1.211525999999999913e+05
1.188483999999999942e+05
1.180215999999999622e+05
1.383332000000000407e+05
1.556333000000000757e+05
2.170644999999999709e+05
2.514279000000000233e+05
3.872034000000000233e+05
4.082279999999998254e+05
2.389860000000000291e+05
1.824404000000000233e+05
1.458790999999999476e+05
1.754883999999999942e+05
1.968066999999999825e+05
3.060829000000001397e+05
4.395796000000003260e+05
4.750896000000000349e+05
3.738737000000000698e+05
2.026380000000000291e+05
1.326336999999999534e+05
1.165559999999999563e+05
1.190853999999999942e+05
1.492242000000000698e+05
2.121674999999999709e+05
3.383542000000000698e+05
4.362395000000003492e+05
4.563000000000000582e+05
3.116422000000001281e+05
1.721726000000000058e+05
1.307447999999999738e+05
1.068098999999999942e+05
1.278918999999999942e+05
1.544667999999999593e+05
2.287949999999999709e+05
3.289097999999999884e+05
3.877152000000002445e+05
3.456231000000002095e+05
2.036437000000000407e+05
1.294148999999999942e+05
1.078315000000000146e+05
1.014018999999999942e+05
1.046805000000000437e+05
1.020333000000000029e+05
1.170466000000000058e+05
1.454716000000000640e+05
1.869882000000000990e+05
1.945795000000000582e+05
1.571135000000000291e+05
1.206190000000000146e+05
1.341898000000000175e+05
1.371948999999999360e+05
1.673986999999999534e+05
2.105356000000000058e+05
3.124566000000000349e+05
3.321102000000000116e+05
2.620328999999999069e+05
1.974527000000000407e+05
1.495640000000000291e+05
1.453835000000000582e+05
1.418502999999999593e+05
1.648260999999998894e+05
1.756733999999999942e+05
2.664636999999999534e+05
3.255797999999999884e+05
2.952789000000000233e+05
2.119504999999999709e+05
1.309959999999999854e+05
1.113743999999999796e+05
1.186458999999999942e+05
1.314760999999999767e+05
1.537304000000000524e+05
1.860663000000000757e+05
2.688978000000000466e+05
2.888926999999999534e+05
2.290453999999999942e+05
1.740524999999999127e+05
1.294623000000000611e+05
1.219085999999999913e+05
1.227927999999999884e+05
1.420233000000000466e+05
1.721261000000000640e+05
2.569980000000000873e+05
4.094828000000000466e+05
4.647253999999996740e+05
3.376318999999999651e+05
1.822051000000000058e+05
1.241182000000000407e+05
1.115108000000000175e+05
1.169403999999999942e+05
1.277541999999999534e+05
1.585494999999999418e+05
2.494625999999998021e+05
3.589156999999999534e+05
3.988619000000000233e+05
2.717819000000000233e+05
1.510642999999999302e+05
1.157473999999999796e+05
1.063187999999999884e+05
1.238135999999999476e+05
1.531239000000000524e+05
2.189865000000000000e+05
2.959152999999999884e+05
3.680865999999999185e+05
2.958968999999999069e+05
1.650935999999999476e+05
1.138922999999999738e+05
1.045386000000000058e+05
1.193772999999999884e+05
1.384714999999999709e+05
1.813989999999999418e+05
2.719037999999998137e+05
3.486854000000001397e+05
2.980723999999997322e+05
1.933865000000000000e+05
1.251619000000000233e+05
1.187653000000000029e+05
1.062478000000000175e+05
1.281783999999999651e+05
1.465607999999999884e+05
1.846170000000000582e+05
2.665605000000000000e+05
2.619766999999999243e+05
2.406505999999999767e+05
1.716671999999999825e+05
1.232837000000000116e+05
1.125746999999999389e+05
1.075119999999999854e+05
1.282497000000000116e+05
1.439782000000000407e+05
2.014001000000000058e+05
2.503811999999998952e+05
2.311199999999999127e+05
2.099401000000000058e+05
1.593113000000000466e+05
1.236402000000000116e+05
1.129481000000000204e+05
9.865020000000005530e+04
1.067329000000000524e+05
1.043420000000000146e+05
1.154752999999999738e+05
1.364226999999999534e+05
1.906335000000000291e+05
1.906632999999999593e+05
1.222901999999999534e+05
9.883149999999997090e+04
9.382839999999997963e+04
1.067234000000000087e+05
1.274730000000000291e+05
1.865005000000000291e+05
3.074945000000001164e+05
4.112922999999999302e+05
3.640180000000000582e+05
2.123061000000000640e+05
1.448826000000000349e+05
1.092284999999999854e+05
1.150025000000000000e+05
1.219028999999999360e+05
1.519535999999999476e+05
2.239762999999999593e+05
3.327587999999999302e+05
4.224001999999998952e+05
2.947055000000000000e+05
1.672468000000001048e+05
1.231980999999999913e+05
1.155194999999999709e+05
1.384583999999999651e+05
1.626733000000000175e+05
2.258020000000000582e+05
3.196128000000000466e+05
3.968537999999999302e+05
3.402470999999998603e+05
1.948987000000000116e+05
1.376714000000000524e+05
1.157723999999999796e+05
1.298643999999999651e+05
1.665520000000000000e+05
2.078453000000000757e+05
2.893685999999999185e+05
3.691047999999999884e+05
3.604511000000000349e+05
2.393408000000000466e+05
1.403476999999999825e+05
1.198373000000000175e+05
1.050845000000000582e+05
1.163581000000000495e+05
1.326071999999999825e+05
1.647315999999999476e+05
2.195882000000000116e+05
2.677563999999999651e+05
2.738812000000000116e+05
1.810675000000000582e+05
1.282901000000000349e+05
1.140436000000000495e+05
1.053902000000000407e+05
1.223748000000000175e+05
1.461150000000000582e+05
2.019397000000000116e+05
2.761900999999999185e+05
3.022389000000001397e+05
2.258782999999999593e+05
1.422545000000000582e+05
1.236799000000000233e+05
1.118671000000000204e+05
1.218486999999999389e+05
1.541872000000000407e+05
1.972470000000000873e+05
2.903088999999999651e+05
3.748499999999998836e+05
3.423924000000001979e+05
2.167253000000000175e+05
1.394612000000000407e+05
1.210684999999999854e+05
1.116415000000000291e+05
1.331791000000000349e+05
1.531898000000000175e+05
2.263305999999999476e+05
3.148305999999998021e+05
4.226035999999998603e+05
3.731336999999999534e+05
2.093903000000000466e+05
1.455155000000000582e+05
1.134227000000000553e+05
1.189435999999999913e+05
1.259188000000000029e+05
1.429598999999999942e+05
1.977596999999999534e+05
2.627257999999999884e+05
2.971710000000000000e+05
2.458283999999999651e+05
1.553249999999999709e+05
1.212990999999999913e+05
9.840409999999999127e+04
9.978339999999996508e+04
1.003787000000000262e+05
1.047284000000000233e+05
1.194656999999999534e+05
1.500320000000000582e+05
1.858467999999999302e+05
1.622358999999999651e+05
1.111961999999999825e+05
1.064207000000000262e+05
1.232184000000000378e+05
1.518491000000000349e+05
1.837160999999999767e+05
2.422305999999999767e+05
3.118974000000000815e+05
2.504084000000000524e+05
1.537507000000000990e+05
1.202024999999999854e+05
1.289341000000000058e+05
1.308816999999999825e+05
1.569900000000000000e+05
1.957991000000000058e+05
2.521235999999998894e+05
3.562984999999998836e+05
3.783514999999998836e+05
3.154340000000001164e+05
1.955717000000000698e+05
1.332457999999999593e+05
1.315017999999999593e+05
1.131726000000000495e+05
1.378376999999999825e+05
1.555400000000000291e+05
1.899114000000000233e+05
2.324823999999999360e+05
2.229984999999999709e+05
1.988299999999999418e+05
1.432033000000000466e+05
1.252406999999999534e+05
1.112742999999999447e+05
1.024303999999999942e+05
1.156005000000000291e+05
1.332857999999999593e+05
1.761695000000000291e+05
2.026097999999999884e+05
2.311969999999999709e+05
2.016708999999999942e+05
1.467924999999999709e+05
1.169700000000000000e+05
9.725119999999999709e+04
1.026774999999999854e+05
1.080926999999999534e+05
1.480610000000000000e+05
2.144514000000000524e+05
3.149282000000000116e+05
2.779152999999999884e+05
1.643602000000000407e+05
1.249264999999999709e+05
1.111905000000000000e+05
1.265842999999999884e+05
1.421313000000000175e+05
1.889895000000001164e+05
2.825682999999999884e+05
3.670281000000000931e+05
3.474908999999999651e+05
2.353175000000000000e+05
1.480840000000000291e+05
1.273768999999999360e+05
1.062484999999999854e+05
1.226892000000000262e+05
1.407060999999999767e+05
1.987941000000000349e+05
2.844864000000001397e+05
3.170542000000000116e+05
2.523671000000000640e+05
1.516335000000000000e+05
1.220803000000001193e+05
1.144853999999999942e+05
1.119055999999999913e+05
1.454806000000000058e+05
1.767714999999999709e+05
2.382273999999999360e+05
2.772592000000000698e+05
2.642420999999999767e+05
2.218109000000000233e+05
1.529410999999999767e+05
1.484060999999999476e+05
1.274076999999999825e+05
1.171816999999999825e+05
1.258043999999999942e+05
1.381508000000000175e+05
1.746703000000000466e+05
1.770448000000000175e+05
1.646230000000000291e+05
1.270743000000000320e+05
1.036197000000000262e+05
1.021563000000000029e+05
9.174180000000000291e+04
9.480829999999998836e+04
9.907590000000006694e+04
1.006700000000000000e+05
1.186534999999999563e+05
1.680935999999999767e+05
2.003713000000000466e+05
1.545801000000000058e+05
1.057690999999999767e+05
9.762730000000000291e+04
9.665520000000001164e+04
1.075564999999999709e+05
1.365797000000000116e+05
1.929037000000000698e+05
2.805481000000000349e+05
2.849172999999999884e+05
1.869594999999999709e+05
1.218385000000000000e+05
1.070729999999999709e+05
1.078895000000000146e+05
1.288666000000000495e+05
1.639730000000000000e+05
2.211301999999999534e+05
3.184350000000000000e+05
3.584516999999999534e+05
2.926905999999999767e+05
1.884097000000000116e+05
1.389980999999999767e+05
1.139371999999999825e+05
1.134462000000000698e+05
1.323160000000000000e+05
1.553435000000000291e+05
2.203361000000000058e+05
2.857119999999999418e+05
2.929974999999999418e+05
2.021750999999999476e+05
1.322709000000000524e+05
1.117796999999999825e+05
1.107535000000000146e+05
1.268446999999999389e+05
1.606988999999999360e+05
2.117708999999998778e+05
2.888579000000000815e+05
2.906700000000000582e+05
2.139252999999999010e+05
1.449701000000000349e+05
1.225045000000000146e+05
1.268519000000000087e+05
1.162530999999999913e+05
1.445026999999999825e+05
1.681542999999999302e+05
2.151885999999999476e+05
2.228685000000000582e+05
2.329009999999999418e+05
2.034833999999999651e+05
1.580093999999999942e+05
1.593768999999999360e+05
1.239556000000000058e+05
1.232881999999999825e+05
1.440003999999999651e+05
1.793754000000000233e+05
2.347102000000000407e+05
2.113961000000000931e+05
1.775049999999999418e+05
1.601356000000000058e+05
1.403335999999999476e+05
1.531532999999999593e+05
1.261845999999999476e+05
1.355323999999999651e+05
1.536681999999999534e+05
2.054239999999999418e+05
2.549119000000001106e+05
2.464978999999999651e+05
2.248141999999999534e+05
1.814294999999999709e+05
1.669582000000000407e+05
1.255332999999999447e+05
1.081548999999999651e+05
1.225491999999999680e+05
1.733831999999998370e+05
2.322018999999999651e+05
2.867076999999998952e+05
2.981717999999999302e+05
2.120184000000000233e+05
1.555922999999999884e+05
1.315184000000000524e+05
1.023358000000000029e+05
1.073446000000000349e+05
1.171049999999999709e+05
1.523194999999999709e+05
1.835943999999999360e+05
2.102644999999999709e+05
2.337216000000000349e+05
1.834883999999999360e+05
1.377542999999999884e+05
1.065279999999999854e+05
9.292990000000002328e+04
8.970210000000006403e+04
8.855100000000000000e+04
9.691489999999996508e+04
1.215242000000000116e+05
1.401334000000000233e+05
1.653750999999999476e+05
1.607188000000000175e+05
1.255017000000000262e+05
1.343982000000000116e+05
1.305685000000000291e+05
1.667919999999999418e+05
2.047473999999999942e+05
2.643182000000000698e+05
2.517830000000000291e+05
1.655323999999999942e+05
1.201526999999999971e+05
1.125577000000000262e+05
1.188846000000000204e+05
1.121848000000000320e+05
1.321174000000000524e+05
1.579512000000000116e+05
2.039535000000000000e+05
2.263886000000000349e+05
2.172022000000000116e+05
1.636291000000000349e+05
1.238853000000000029e+05
1.132859999999999709e+05
1.060598000000000029e+05
1.210689999999999709e+05
1.561700000000000000e+05
1.883073000000000175e+05
2.318137000000000116e+05
2.431051999999999825e+05
1.641552000000000698e+05
1.127966999999999825e+05
1.000426000000000204e+05
1.103960999999999622e+05
1.109875000000000728e+05
1.202435999999999913e+05
1.523261000000000349e+05
1.907323999999999942e+05
2.443115999999999767e+05
2.460597000000000116e+05
1.958684000000000815e+05
1.460149000000000233e+05
1.284277999999999738e+05
1.059547000000000262e+05
1.051280999999999913e+05
1.222625999999999913e+05
1.583861999999999534e+05
2.149689000000000815e+05
2.746957000000000698e+05
2.714024000000000815e+05
1.860087000000000407e+05
1.392636999999999825e+05
1.215423000000000175e+05
1.226148000000000175e+05
1.506997999999999884e+05
1.949341000000000640e+05
2.578808999999999651e+05
3.315522999999999302e+05
2.942267000000001281e+05
1.756833000000000466e+05
1.215463999999999942e+05
1.277045999999999476e+05
1.362794999999999709e+05
1.378204000000000233e+05
1.779504000000000233e+05
2.043291000000000058e+05
2.818908000000000466e+05
2.820135000000000582e+05
2.070712999999999884e+05
1.515483999999999942e+05
1.265161999999999534e+05
1.341093999999999942e+05
1.178585000000000000e+05
1.212418999999999942e+05
1.556322000000000698e+05
1.915531999999999825e+05
2.428757999999999884e+05
2.335433999999999360e+05
1.410358999999999942e+05
1.034659000000000233e+05
9.992959999999999127e+04
1.143722000000000407e+05
1.137896999999999971e+05
1.213648999999999796e+05
1.323158999999999651e+05
1.613534000000000524e+05
1.682317000000000990e+05
1.405055000000000000e+05
1.623910999999999767e+05
1.521253999999999942e+05
1.257783999999999651e+05
1.090084000000000233e+05
9.743780000000000291e+04
9.705879999999997381e+04
9.729089999999999418e+04
1.233701000000000204e+05
1.821806000000000058e+05
1.941466999999999534e+05
1.282318999999999796e+05
9.367869999999996799e+04
9.160599999999997090e+04
1.019599999999999854e+05
1.122154999999999418e+05
1.561972999999999884e+05
2.090829999999999709e+05
2.817687000000000698e+05
3.524280999999998603e+05
2.598525999999999476e+05
1.683550000000000000e+05
1.378055000000000000e+05
1.137895999999999767e+05
1.119672000000000116e+05
1.325266999999999825e+05
1.806406999999999825e+05
2.419646000000000931e+05
2.855188000000001048e+05
2.592996999999999825e+05
1.856703999999999942e+05
1.563320999999999767e+05
1.433143999999999360e+05
1.169226000000000204e+05
1.365555999999999767e+05
1.766236999999999825e+05
2.388011000000000058e+05
2.756031999999998952e+05
2.478868000000000466e+05
2.005827000000000116e+05
1.522931999999999825e+05
1.489896000000000349e+05
1.405286000000000058e+05
1.240839000000000233e+05
1.608376000000000058e+05
2.108348000000000466e+05
2.903877999999999302e+05
3.316303000000002794e+05
2.517942000000000116e+05
1.544437999999999593e+05
1.264914000000000524e+05
1.229810999999999767e+05
1.182826000000000058e+05
1.258026999999999825e+05
1.734129999999999418e+05
2.216756999999999243e+05
2.823929999999998836e+05
2.922774000000000233e+05
1.987072999999999302e+05
1.247505999999999767e+05
1.168757000000000116e+05
1.235548000000000029e+05
1.173040999999999767e+05
1.384145000000000291e+05
1.609070000000000000e+05
2.101053999999999942e+05
2.155913999999999942e+05
1.623104000000000233e+05
1.525340000000000000e+05
1.320885000000000000e+05
1.347705999999999767e+05
1.234019999999999709e+05
1.272427999999999884e+05
1.644328999999999942e+05
2.051703000000000175e+05
2.596460999999999767e+05
2.472958999999999651e+05
1.770198000000000175e+05
1.191949999999999709e+05
1.065935000000000146e+05
1.127486000000000058e+05
1.254059000000000087e+05
1.473174999999999418e+05
2.063006999999999534e+05
2.482717999999999884e+05
3.128013999999999069e+05
3.128768999999999069e+05
1.928925999999999767e+05
1.318967000000000116e+05
1.196459999999999709e+05
1.180657999999999884e+05
1.222924999999999709e+05
1.499830000000000582e+05
1.770928000000001048e+05
2.158473999999998778e+05
2.092051000000000349e+05
1.620014000000000524e+05
1.507681000000000931e+05
1.318461999999999534e+05
1.198611000000000204e+05
9.875350000000000000e+04
8.730109999999999127e+04
8.437790000000003783e+04
8.175619999999998254e+04
9.661470000000004075e+04
1.458762000000000116e+05
1.741198000000000175e+05
1.367417999999999884e+05
1.009822000000000116e+05
9.930819999999998254e+04
1.075467999999999738e+05
1.086673000000000466e+05
1.282807000000000116e+05
1.537746000000000349e+05
1.752346000000000058e+05
1.733019000000000233e+05
1.415515999999999767e+05
1.216536000000000204e+05
1.068958000000000320e+05
1.018081999999999243e+05
9.378340000000005239e+04
1.030019000000000378e+05
1.143783000000000029e+05
1.348482000000000698e+05
1.452692999999999884e+05
1.182571000000000058e+05
1.008676999999999534e+05
9.843030000000004657e+04
1.068076000000000204e+05
1.019230000000000146e+05
1.068330999999999767e+05
1.223390000000000146e+05
1.454577000000000407e+05
1.652053000000000757e+05
1.340041000000000058e+05
1.051945000000000146e+05
1.002201999999999971e+05
1.127030000000000291e+05
1.084423999999999360e+05
1.147023000000000466e+05
1.330707000000000407e+05
1.579539999999999709e+05
1.896359000000000524e+05
1.858860000000000291e+05
1.901660000000000000e+05
1.819950000000000291e+05
1.697203000000000466e+05
1.383855999999999185e+05
1.003451999999999680e+05
1.042455999999999913e+05
1.082537999999999738e+05
1.275781999999999243e+05
1.316987000000000116e+05
1.374791000000000349e+05
1.476279000000000233e+05
1.461096000000000640e+05
1.331986999999999825e+05
1.022090999999999767e+05
1.034770000000000146e+05
1.145658000000000029e+05
1.411398999999999942e+05
1.533205999999999767e+05
1.684564000000000233e+05
1.779702000000000116e+05
1.575898999999999360e+05
1.518526999999998952e+05
1.280302999999999884e+05
1.264508999999999942e+05
1.422688999999999942e+05
1.721376999999999534e+05
2.041796999999999825e+05
2.373049999999999709e+05
2.019911000000000349e+05
1.276996000000000058e+05
1.141528999999999796e+05
1.358149000000000233e+05
1.493686000000000058e+05
1.238881000000000204e+05
1.431658999999999360e+05
1.534383999999999942e+05
1.802833000000000175e+05
1.767124999999999709e+05
1.211045999999999913e+05
1.144333000000000175e+05
1.246746999999999971e+05
1.428427000000000698e+05
1.130602999999999884e+05
1.131624000000000087e+05
1.256730000000000000e+05
1.471394000000000233e+05
1.697501999999999534e+05
1.483957999999999884e+05
1.727041000000000058e+05
1.765897999999999302e+05
1.573570999999999185e+05
1.316663000000000466e+05
9.788179999999995925e+04
9.206979999999997381e+04
9.396389999999996508e+04
1.124905999999999767e+05
1.319164000000000233e+05
1.476724999999999127e+05
1.650205999999999476e+05
1.383495999999999767e+05
1.102406000000000640e+05
1.183955999999999767e+05
1.104396000000000058e+05
1.158152999999999593e+05
1.384036000000000640e+05
1.538961000000000640e+05
1.944932000000000698e+05
2.077980000000000291e+05
1.839010000000000291e+05
1.502799999999999127e+05
1.076888000000000175e+05
1.013556000000000349e+05
1.137428999999999796e+05
1.423370999999999767e+05
1.683137999999999884e+05
2.015130000000000000e+05
2.139359000000000524e+05
1.522923000000000466e+05
1.114626999999999971e+05
9.886640000000000873e+04
9.768829999999998836e+04
9.226070000000001164e+04
1.042305000000000000e+05
1.207436999999999680e+05
1.450557000000000116e+05
1.938109999999999418e+05
1.813772999999999010e+05
1.463666000000000058e+05
1.314150999999999476e+05
1.131327000000000262e+05
9.841610000000004948e+04
1.053447999999999738e+05
1.071467999999999447e+05
1.312834000000000233e+05
1.430886000000000349e+05
1.478273000000000175e+05
1.998639999999999127e+05
1.921920000000000000e+05
1.743765000000000582e+05
1.445060000000000582e+05
1.032294999999999854e+05
1.169577999999999738e+05
1.274731999999999680e+05
1.603240999999999767e+05
1.891626000000000058e+05
1.636098999999999942e+05
1.285798999999999942e+05
1.286328999999999796e+05
1.209635000000000291e+05
1.048237000000000116e+05
1.114016999999999825e+05
1.208546999999999971e+05
1.426595000000000291e+05
1.527195000000000582e+05
1.286027000000000116e+05
1.130331999999999534e+05
1.065871000000000058e+05
1.129700999999999913e+05
1.258092000000000262e+05
1.177630999999999476e+05
1.445457999999999593e+05
1.960740000000000873e+05
2.258377999999999302e+05
3.001396999999998952e+05
2.932532999999999884e+05
1.908964999999999709e+05
1.598387000000000407e+05
1.220388999999999796e+05
1.068534000000000378e+05
1.077948000000000175e+05
1.196860999999999767e+05
1.433411999999999825e+05
1.415184000000000233e+05
1.662189000000000233e+05
1.594203999999999942e+05
1.570281000000000058e+05
1.436324000000000524e+05
1.134157000000000262e+05
1.116234999999999709e+05
1.233228999999999796e+05
1.600254000000000233e+05
1.839764999999999127e+05
2.283841000000000349e+05
2.302865000000000000e+05
1.866829000000001106e+05
1.653588000000000466e+05
1.301303000000000029e+05
1.004479000000000524e+05
9.804729999999997381e+04
9.443220000000001164e+04
9.252940000000000873e+04
1.105671000000000204e+05
1.821881999999999534e+05
2.582903000000000175e+05
2.025860000000000291e+05
1.275311000000000349e+05
1.226601000000000058e+05
1.190760000000000437e+05
1.301933999999999942e+05
1.395172999999999593e+05
1.638262000000000407e+05
1.832755000000000873e+05
1.519612999999999593e+05
1.218067000000000116e+05
1.285131999999999971e+05
1.347710999999999767e+05
1.136123999999999942e+05
9.803899999999997090e+04
1.100002000000000116e+05
1.134111999999999971e+05
1.217879000000000378e+05
1.286953999999999942e+05
1.189765999999999913e+05
1.156407999999999738e+05
1.244908999999999505e+05
1.168918000000000175e+05
9.743879999999995925e+04
9.608849999999997090e+04
1.061199999999999563e+05
1.247640000000000000e+05
1.507673000000000175e+05
1.688888000000000175e+05
1.697376000000000058e+05
1.510686999999999825e+05
1.338618000000000175e+05
1.019472000000000262e+05
8.687899999999997090e+04
8.411470000000001164e+04
8.860310000000000582e+04
9.332229999999998836e+04
9.635400000000002910e+04
1.188191000000000058e+05
1.450052000000000698e+05
1.467424999999999709e+05
1.131391999999999825e+05
9.065050000000002910e+04
8.776970000000002619e+04
8.812229999999997381e+04
9.889069999999999709e+04
1.047317000000000262e+05
1.326385999999999767e+05
2.054805000000000582e+05
2.555116999999998661e+05
2.007016000000000640e+05
1.236241999999999680e+05
1.130143999999999505e+05
1.175900999999999767e+05
1.230201999999999680e+05
1.562529999999999418e+05
1.806020999999999476e+05
2.045662000000000407e+05
2.143371999999998661e+05
1.732726000000000349e+05
1.129993000000000029e+05
8.936450000000004366e+04
8.655559999999999127e+04
9.423669999999999709e+04
1.090101999999999825e+05
1.193721999999999971e+05
1.658397999999999884e+05
2.334000999999999767e+05
2.272317999999999884e+05
1.599828000000001048e+05
1.068965999999999913e+05
9.357920000000001164e+04
9.723170000000004075e+04
1.083830000000000000e+05
1.292777000000000407e+05
1.598681000000000349e+05
1.591814000000000233e+05
1.334421999999999534e+05
1.253630000000000437e+05
1.184021999999999389e+05
1.025210000000000146e+05
9.072670000000004075e+04
8.922619999999999709e+04
8.848829999999997381e+04
9.472570000000002619e+04
9.818969999999999709e+04
1.060670999999999767e+05
1.466902999999999593e+05
1.685623000000000757e+05
1.460587999999999884e+05
1.133618999999999796e+05
1.051261999999999825e+05
1.153235000000000582e+05
1.155003000000000175e+05
1.465860999999999185e+05
2.058765000000000291e+05
2.450280000000000000e+05
2.280164999999999709e+05
1.750724999999999709e+05
1.243582000000000116e+05
9.321809999999997672e+04
9.482350000000001455e+04
1.069133999999999651e+05
1.229176000000000204e+05
1.544281999999999825e+05
1.875418999999999651e+05
1.831604000000000233e+05
1.430629000000000233e+05
1.035420999999999622e+05
8.761809999999996217e+04
8.464729999999997381e+04
8.790909999999997672e+04
9.668400000000000000e+04
1.120394999999999709e+05
1.646055000000000000e+05
2.275185999999999767e+05
2.277988999999999069e+05
1.585197000000000116e+05
1.047776999999999825e+05
9.334650000000000000e+04
9.076570000000001164e+04
9.416269999999998254e+04
1.207472999999999738e+05
1.469750999999999476e+05
1.608507000000000116e+05
1.712628000000001048e+05
1.625165999999999767e+05
1.162398000000000320e+05
9.425090000000003783e+04
9.818419999999998254e+04
9.804339999999997963e+04
1.080653999999999942e+05
1.299463000000000320e+05
1.576142000000000698e+05
2.239426999999999825e+05
2.713634000000000233e+05
2.279430999999998894e+05
1.412375000000000000e+05
1.002266999999999534e+05
9.660450000000001455e+04
9.124259999999999127e+04
9.839669999999998254e+04
1.138150000000000437e+05
1.159240999999999767e+05
1.353711999999999825e+05
1.630806999999999825e+05
1.437933000000000175e+05
1.056308999999999796e+05
9.316839999999996508e+04
9.120989999999997963e+04
9.167869999999996799e+04
9.971929999999998836e+04
1.136997999999999593e+05
1.478303000000000466e+05
1.792038999999999069e+05
1.807730000000000291e+05
1.518348000000000175e+05
1.064102999999999738e+05
9.415140000000002328e+04
9.793980000000003201e+04
1.020821000000000204e+05
1.308801999999999680e+05
1.522506999999999825e+05
1.298653000000000175e+05
1.216280000000000000e+05
1.201368000000000029e+05
1.000208000000000029e+05
9.753560000000002037e+04
1.082058000000000175e+05
1.092392000000000407e+05
1.328682000000000407e+05
1.617546000000000058e+05
1.623843000000000466e+05
1.394013999999999651e+05
1.144922999999999884e+05
9.709460000000000582e+04
8.505400000000002910e+04
8.072509999999997672e+04
8.829519999999999709e+04
9.914969999999998254e+04
1.115139999999999709e+05
1.724173000000000175e+05
2.435775000000000291e+05
2.194492000000000698e+05
1.382905000000000000e+05
1.007964000000000087e+05
9.022380000000001746e+04
8.565749999999997090e+04
9.193049999999995634e+04
1.011876000000000349e+05
1.052726999999999389e+05
1.052058000000000466e+05
1.001314000000000087e+05
9.683719999999992433e+04
8.947219999999996799e+04
8.408860000000002037e+04
8.517500000000002910e+04
8.317799999999998545e+04
8.719930000000000291e+04
9.750589999999999418e+04
1.273081999999999825e+05
2.169532000000000698e+05
3.150992000000000116e+05
3.176782999999999302e+05
2.136138999999999651e+05
1.322906999999999825e+05
1.099455999999999913e+05
9.550100000000002910e+04
8.709290000000002328e+04
9.252559999999999127e+04
9.970559999999999127e+04
1.119562999999999593e+05
1.273175999999999476e+05
1.277965999999999331e+05
1.045907999999999738e+05
9.362639999999999418e+04
1.027516000000000204e+05
9.964390000000000873e+04
1.068342000000000407e+05
1.208793999999999942e+05
1.034012000000000116e+05
9.838469999999996799e+04
1.162050000000000000e+05
1.116857999999999884e+05
9.285120000000001164e+04
8.698569999999996799e+04
9.240289999999999418e+04
9.684479999999998836e+04
1.110196999999999825e+05
1.297013000000000611e+05
1.441116000000000349e+05
1.516105000000000291e+05
1.281735999999999622e+05
1.016232999999999738e+05
9.658170000000004075e+04
9.660469999999998254e+04
9.820450000000001455e+04
1.126784999999999854e+05
1.446373000000000466e+05
1.910316999999999243e+05
2.231842999999999884e+05
2.032471000000000349e+05
1.470694999999999709e+05
1.143561000000000495e+05
1.081346000000000349e+05
9.787629999999991560e+04
9.385640000000002328e+04
1.046502999999999593e+05
1.183392999999999884e+05
1.337831000000000058e+05
1.554671999999999825e+05
1.536205999999999476e+05
1.169391000000000058e+05
9.381869999999998254e+04
8.907469999999998254e+04
8.624939999999996508e+04
8.998919999999995343e+04
1.056217000000000116e+05
1.208101999999999971e+05
1.230887000000000116e+05
1.312723000000000175e+05
1.373265000000000291e+05
1.131902000000000262e+05
9.794650000000000000e+04
1.074124000000000087e+05
1.096404000000000233e+05
1.234768000000000320e+05
1.401620999999999767e+05
1.206671000000000204e+05
9.379740000000000873e+04
8.707150000000001455e+04
8.773650000000002910e+04
8.485769999999999709e+04
8.257800000000001455e+04
8.326610000000000582e+04
8.690600000000002910e+04
9.676809999999996217e+04
1.127153000000000029e+05
1.223599999999999418e+05
1.162932000000000262e+05
9.902660000000004948e+04
9.307060000000000582e+04
1.011081000000000058e+05
1.064117000000000262e+05
1.416779999999999418e+05
1.990227000000000116e+05
2.348400999999999476e+05
2.340189999999999709e+05
2.247208999999999360e+05
1.805398000000000175e+05
1.306571999999999680e+05
1.066869000000000378e+05
9.497719999999998254e+04
8.334840000000002328e+04
8.146590000000003783e+04
8.854609999999994761e+04
9.548229999999997381e+04
9.465680000000001746e+04
8.585840000000000873e+04
8.127929999999998836e+04
7.998089999999999418e+04
8.267249999999997090e+04
9.028830000000000291e+04
1.088874999999999854e+05
1.432988999999999360e+05
2.129650000000000582e+05
2.656436000000001513e+05
2.385249999999999127e+05
1.599451000000000058e+05
1.055431999999999680e+05
1.004207999999999884e+05
1.001021000000000349e+05
9.305229999999997381e+04
1.059623000000000029e+05
1.296827999999999593e+05
1.252733999999999942e+05
1.013536000000000058e+05
9.556880000000004657e+04
9.461760000000000582e+04
8.757950000000002910e+04
8.818449999999998545e+04
9.508649999999995634e+04
9.206839999999996508e+04
9.476020000000005530e+04
1.098532000000000407e+05
1.267243000000000029e+05
1.460050999999999767e+05
1.529433999999999360e+05
1.266491999999999680e+05
9.881069999999999709e+04
9.452629999999997381e+04
9.599650000000001455e+04
8.685829999999998836e+04
9.309359999999999127e+04
1.157938999999999796e+05
1.234243999999999942e+05
1.128223000000000320e+05
9.254299999999998545e+04
8.271480000000001746e+04
8.327649999999998545e+04
9.312929999999998836e+04
1.118686999999999825e+05
1.270487999999999738e+05
1.491362000000000407e+05
1.678420000000000582e+05
1.512827000000000116e+05
1.088298000000000029e+05
8.536940000000000873e+04
8.173419999999998254e+04
7.892870000000001164e+04
8.150770000000004075e+04
8.670689999999999418e+04
8.732089999999997963e+04
9.478989999999997963e+04
1.165356999999999243e+05
1.502306000000000349e+05
1.596251000000000349e+05
1.239649999999999854e+05
9.234839999999997963e+04
9.002250000000000000e+04
8.917880000000003201e+04
8.224430000000000291e+04
8.862139999999999418e+04
9.483259999999996217e+04
8.761769999999999709e+04
8.374629999999998836e+04
8.844460000000002037e+04
9.053140000000000873e+04
8.309539999999999418e+04
8.897230000000003201e+04
1.025303000000000029e+05
1.050385000000000000e+05
1.179585000000000146e+05
1.451684999999999709e+05
1.441196000000000058e+05
1.156991999999999680e+05
9.390690000000002328e+04
8.265349999999998545e+04
7.410169999999999709e+04
