8.154500000000000000e+04
6.291300000000000000e+04
3.534900000000000000e+04
1.753600000000000000e+04
2.390700000000000000e+04
2.901400000000000000e+04
3.248300000000000000e+04
6.099300000000000000e+04
8.757900000000000000e+04
9.109200000000000000e+04
8.858600000000000000e+04
6.951100000000000000e+04
3.328500000000000000e+04
2.045600000000000000e+04
2.893100000000000000e+04
2.759300000000000000e+04
3.668100000000000000e+04
6.663600000000000000e+04
7.968900000000000000e+04
7.072000000000000000e+04
6.001600000000000000e+04
4.433000000000000000e+04
2.507800000000000000e+04
1.607300000000000000e+04
2.225300000000000000e+04
3.533200000000000000e+04
4.796000000000000000e+04
9.225600000000000000e+04
1.820290000000000000e+05
2.309810000000000000e+05
1.632700000000000000e+05
6.588100000000000000e+04
3.248300000000000000e+04
2.725000000000000000e+04
1.986200000000000000e+04
2.624400000000000000e+04
4.343700000000000000e+04
9.756800000000000000e+04
1.983590000000000000e+05
2.378950000000000000e+05
1.527250000000000000e+05
6.489700000000000000e+04
4.708300000000000000e+04
3.732600000000000000e+04
2.431100000000000000e+04
4.871900000000000000e+04
8.198200000000000000e+04
1.146180000000000000e+05
1.513070000000000000e+05
1.272750000000000000e+05
5.718000000000000000e+04
2.815800000000000000e+04
2.985200000000000000e+04
2.326000000000000000e+04
3.739700000000000000e+04
7.008900000000000000e+04
9.679300000000000000e+04
1.200300000000000000e+05
1.193850000000000000e+05
7.282500000000000000e+04
2.694400000000000000e+04
2.034500000000000000e+04
2.654500000000000000e+04
2.736800000000000000e+04
4.084100000000000000e+04
6.817700000000000000e+04
8.449200000000000000e+04
7.564300000000000000e+04
5.558600000000000000e+04
3.475500000000000000e+04
1.792800000000000000e+04
1.699200000000000000e+04
2.401200000000000000e+04
2.538400000000000000e+04
3.843200000000000000e+04
6.069300000000000000e+04
5.962300000000000000e+04
4.442300000000000000e+04
3.590200000000000000e+04
2.373900000000000000e+04
1.368800000000000000e+04
1.288000000000000000e+04
1.427400000000000000e+04
2.374000000000000000e+04
4.109000000000000000e+04
6.765100000000000000e+04
9.116000000000000000e+04
9.376200000000000000e+04
8.521200000000000000e+04
5.448600000000000000e+04
2.298300000000000000e+04
2.615700000000000000e+04
3.066400000000000000e+04
4.419700000000000000e+04
9.385700000000000000e+04
1.262110000000000000e+05
1.102180000000000000e+05
6.875400000000000000e+04
2.935800000000000000e+04
1.833200000000000000e+04
2.440900000000000000e+04
2.325300000000000000e+04
3.452400000000000000e+04
6.920900000000000000e+04
9.815500000000000000e+04
1.136180000000000000e+05
1.029310000000000000e+05
5.720300000000000000e+04
2.302400000000000000e+04
1.685700000000000000e+04
1.711100000000000000e+04
2.225100000000000000e+04
3.749500000000000000e+04
6.871600000000000000e+04
1.072570000000000000e+05
1.101590000000000000e+05
6.562800000000000000e+04
2.766800000000000000e+04
1.718300000000000000e+04
1.711100000000000000e+04
1.922700000000000000e+04
2.192800000000000000e+04
3.033100000000000000e+04
4.103100000000000000e+04
3.651500000000000000e+04
2.699500000000000000e+04
3.291200000000000000e+04
3.288100000000000000e+04
1.935500000000000000e+04
2.226000000000000000e+04
2.498200000000000000e+04
2.484300000000000000e+04
4.353000000000000000e+04
4.143700000000000000e+04
2.568700000000000000e+04
3.843800000000000000e+04
4.986300000000000000e+04
3.071100000000000000e+04
2.144400000000000000e+04
2.682600000000000000e+04
1.879700000000000000e+04
2.479200000000000000e+04
3.381800000000000000e+04
2.181800000000000000e+04
2.459500000000000000e+04
4.054600000000000000e+04
3.872400000000000000e+04
2.109200000000000000e+04
1.741300000000000000e+04
2.451200000000000000e+04
2.835600000000000000e+04
5.812300000000000000e+04
8.916700000000000000e+04
7.657200000000000000e+04
5.081200000000000000e+04
2.936300000000000000e+04
1.465400000000000000e+04
1.240700000000000000e+04
1.539300000000000000e+04
1.598600000000000000e+04
2.667100000000000000e+04
5.355800000000000000e+04
6.569700000000000000e+04
5.636000000000000000e+04
4.009400000000000000e+04
2.060900000000000000e+04
1.082100000000000000e+04
1.100700000000000000e+04
1.095200000000000000e+04
1.183600000000000000e+04
2.383100000000000000e+04
3.821700000000000000e+04
3.786800000000000000e+04
3.556800000000000000e+04
2.791500000000000000e+04
1.497500000000000000e+04
1.418500000000000000e+04
1.424800000000000000e+04
1.666000000000000000e+04
2.782300000000000000e+04
3.915900000000000000e+04
4.199600000000000000e+04
2.938700000000000000e+04
1.742000000000000000e+04
1.524600000000000000e+04
1.224500000000000000e+04
9.322000000000000000e+03
9.515000000000000000e+03
9.613000000000000000e+03
1.054700000000000000e+04
1.134300000000000000e+04
1.180600000000000000e+04
1.455300000000000000e+04
2.026600000000000000e+04
1.841900000000000000e+04
1.252500000000000000e+04
1.334000000000000000e+04
1.163700000000000000e+04
1.147500000000000000e+04
1.430700000000000000e+04
1.286100000000000000e+04
1.053200000000000000e+04
1.399700000000000000e+04
1.680400000000000000e+04
1.294800000000000000e+04
1.172700000000000000e+04
1.168400000000000000e+04
1.026500000000000000e+04
1.055000000000000000e+04
1.092500000000000000e+04
1.128000000000000000e+04
1.245000000000000000e+04
1.513800000000000000e+04
1.552500000000000000e+04
1.245300000000000000e+04
1.255200000000000000e+04
1.420800000000000000e+04
1.288200000000000000e+04
1.326100000000000000e+04
1.218500000000000000e+04
1.017300000000000000e+04
1.135400000000000000e+04
1.486600000000000000e+04
1.420200000000000000e+04
1.199800000000000000e+04
1.487200000000000000e+04
1.588600000000000000e+04
1.611700000000000000e+04
1.633300000000000000e+04
1.293200000000000000e+04
1.025000000000000000e+04
1.315900000000000000e+04
1.569000000000000000e+04
1.298100000000000000e+04
1.340300000000000000e+04
1.551400000000000000e+04
1.607700000000000000e+04
1.854900000000000000e+04
1.815500000000000000e+04
1.493600000000000000e+04
1.453200000000000000e+04
1.751000000000000000e+04
1.899300000000000000e+04
1.382400000000000000e+04
1.455400000000000000e+04
1.643400000000000000e+04
1.737600000000000000e+04
2.053000000000000000e+04
1.485400000000000000e+04
1.398100000000000000e+04
2.097000000000000000e+04
2.339600000000000000e+04
1.752000000000000000e+04
1.391000000000000000e+04
1.597500000000000000e+04
1.410100000000000000e+04
1.552400000000000000e+04
1.563700000000000000e+04
1.327300000000000000e+04
1.841000000000000000e+04
2.655200000000000000e+04
2.471700000000000000e+04
1.626300000000000000e+04
1.879500000000000000e+04
1.847900000000000000e+04
1.328200000000000000e+04
1.704700000000000000e+04
1.692900000000000000e+04
2.423200000000000000e+04
4.002300000000000000e+04
3.784700000000000000e+04
2.268400000000000000e+04
1.642700000000000000e+04
1.380700000000000000e+04
1.651100000000000000e+04
3.154200000000000000e+04
5.041300000000000000e+04
6.229300000000000000e+04
4.839000000000000000e+04
2.307300000000000000e+04
1.275800000000000000e+04
1.198300000000000000e+04
1.271100000000000000e+04
1.998500000000000000e+04
3.477900000000000000e+04
4.801800000000000000e+04
6.868900000000000000e+04
6.716300000000000000e+04
3.665000000000000000e+04
1.630800000000000000e+04
1.094000000000000000e+04
1.050100000000000000e+04
1.470500000000000000e+04
2.064400000000000000e+04
3.486600000000000000e+04
5.945200000000000000e+04
6.152700000000000000e+04
4.514700000000000000e+04
3.087500000000000000e+04
1.778100000000000000e+04
1.106600000000000000e+04
1.266200000000000000e+04
1.362900000000000000e+04
2.062900000000000000e+04
3.721100000000000000e+04
4.654800000000000000e+04
4.028900000000000000e+04
2.878800000000000000e+04
1.961400000000000000e+04
1.228900000000000000e+04
1.122200000000000000e+04
1.537200000000000000e+04
1.459500000000000000e+04
1.952900000000000000e+04
3.332800000000000000e+04
3.308000000000000000e+04
2.345700000000000000e+04
2.408000000000000000e+04
2.117500000000000000e+04
1.321500000000000000e+04
1.388400000000000000e+04
1.632300000000000000e+04
1.772900000000000000e+04
3.162300000000000000e+04
4.329700000000000000e+04
3.574300000000000000e+04
2.660700000000000000e+04
2.365000000000000000e+04
1.730300000000000000e+04
1.273200000000000000e+04
1.590200000000000000e+04
1.846300000000000000e+04
2.189500000000000000e+04
4.051200000000000000e+04
4.187900000000000000e+04
2.731800000000000000e+04
3.001600000000000000e+04
2.847000000000000000e+04
1.754900000000000000e+04
1.314800000000000000e+04
1.584500000000000000e+04
1.798500000000000000e+04
3.120700000000000000e+04
5.895700000000000000e+04
6.443700000000000000e+04
4.832100000000000000e+04
3.283900000000000000e+04
1.994300000000000000e+04
1.314100000000000000e+04
1.214900000000000000e+04
1.483300000000000000e+04
2.250000000000000000e+04
4.775900000000000000e+04
7.485500000000000000e+04
7.630400000000000000e+04
5.681100000000000000e+04
2.935400000000000000e+04
1.359700000000000000e+04
1.138600000000000000e+04
1.107100000000000000e+04
1.214600000000000000e+04
2.178800000000000000e+04
4.919800000000000000e+04
6.752600000000000000e+04
6.006600000000000000e+04
5.152300000000000000e+04
2.971100000000000000e+04
1.911200000000000000e+04
2.030300000000000000e+04
2.016000000000000000e+04
3.007300000000000000e+04
4.042400000000000000e+04
6.336100000000000000e+04
5.830700000000000000e+04
2.940600000000000000e+04
1.658700000000000000e+04
1.278200000000000000e+04
1.036000000000000000e+04
9.930000000000000000e+03
1.355700000000000000e+04
1.384600000000000000e+04
1.793200000000000000e+04
2.461400000000000000e+04
3.690400000000000000e+04
5.417400000000000000e+04
4.292100000000000000e+04
2.592400000000000000e+04
2.827300000000000000e+04
1.886300000000000000e+04
1.647400000000000000e+04
2.513500000000000000e+04
6.934200000000000000e+04
1.306880000000000000e+05
1.368620000000000000e+05
8.209800000000000000e+04
4.454700000000000000e+04
4.060500000000000000e+04
2.518300000000000000e+04
2.420300000000000000e+04
1.937400000000000000e+04
1.685100000000000000e+04
1.702900000000000000e+04
1.836000000000000000e+04
3.820700000000000000e+04
5.419000000000000000e+04
3.910300000000000000e+04
2.799700000000000000e+04
2.828400000000000000e+04
2.431700000000000000e+04
4.837400000000000000e+04
7.121200000000000000e+04
8.756200000000000000e+04
9.610800000000000000e+04
6.443000000000000000e+04
2.612100000000000000e+04
1.676800000000000000e+04
1.650300000000000000e+04
1.786700000000000000e+04
2.659600000000000000e+04
4.287700000000000000e+04
6.290600000000000000e+04
7.664900000000000000e+04
6.992900000000000000e+04
3.956400000000000000e+04
1.756900000000000000e+04
1.665900000000000000e+04
1.660900000000000000e+04
2.082400000000000000e+04
3.496400000000000000e+04
5.291000000000000000e+04
7.098800000000000000e+04
7.125900000000000000e+04
4.942300000000000000e+04
2.426200000000000000e+04
1.406100000000000000e+04
1.756700000000000000e+04
2.002700000000000000e+04
2.770100000000000000e+04
4.670800000000000000e+04
6.062800000000000000e+04
6.381000000000000000e+04
5.378700000000000000e+04
3.187600000000000000e+04
1.616000000000000000e+04
1.309700000000000000e+04
1.600200000000000000e+04
1.677600000000000000e+04
2.419500000000000000e+04
4.654100000000000000e+04
5.399100000000000000e+04
4.562800000000000000e+04
4.145100000000000000e+04
2.638300000000000000e+04
1.409000000000000000e+04
1.257000000000000000e+04
1.254600000000000000e+04
1.262200000000000000e+04
1.971300000000000000e+04
3.219500000000000000e+04
3.365300000000000000e+04
3.034900000000000000e+04
3.287200000000000000e+04
2.151300000000000000e+04
1.514000000000000000e+04
1.679800000000000000e+04
1.480600000000000000e+04
1.952100000000000000e+04
3.318400000000000000e+04
6.311700000000000000e+04
6.021900000000000000e+04
3.125000000000000000e+04
1.971200000000000000e+04
1.607900000000000000e+04
1.350700000000000000e+04
1.609100000000000000e+04
2.645700000000000000e+04
3.601100000000000000e+04
5.560500000000000000e+04
6.954200000000000000e+04
5.678100000000000000e+04
3.638500000000000000e+04
2.075600000000000000e+04
1.463900000000000000e+04
1.914300000000000000e+04
1.930800000000000000e+04
2.432500000000000000e+04
4.243100000000000000e+04
5.230500000000000000e+04
5.646500000000000000e+04
5.129800000000000000e+04
3.056400000000000000e+04
1.512900000000000000e+04
1.408200000000000000e+04
1.874500000000000000e+04
1.823000000000000000e+04
2.425500000000000000e+04
4.080700000000000000e+04
4.467800000000000000e+04
3.908600000000000000e+04
3.860500000000000000e+04
2.708400000000000000e+04
1.516800000000000000e+04
1.695100000000000000e+04
1.856300000000000000e+04
1.671500000000000000e+04
2.500300000000000000e+04
3.040000000000000000e+04
2.518500000000000000e+04
2.951500000000000000e+04
3.667300000000000000e+04
2.462100000000000000e+04
1.639300000000000000e+04
2.009500000000000000e+04
1.793600000000000000e+04
1.913400000000000000e+04
3.054800000000000000e+04
3.206800000000000000e+04
2.778300000000000000e+04
3.851700000000000000e+04
4.151100000000000000e+04
2.343000000000000000e+04
2.120100000000000000e+04
2.379100000000000000e+04
1.665600000000000000e+04
2.427700000000000000e+04
2.798200000000000000e+04
2.730700000000000000e+04
3.658300000000000000e+04
4.215400000000000000e+04
3.027700000000000000e+04
1.765800000000000000e+04
1.976000000000000000e+04
2.167100000000000000e+04
2.461800000000000000e+04
4.944900000000000000e+04
6.629900000000000000e+04
6.592500000000000000e+04
5.909900000000000000e+04
3.160900000000000000e+04
1.415700000000000000e+04
1.592600000000000000e+04
1.669100000000000000e+04
1.927700000000000000e+04
3.305700000000000000e+04
5.652500000000000000e+04
7.599300000000000000e+04
7.788000000000000000e+04
5.388100000000000000e+04
2.363800000000000000e+04
1.590500000000000000e+04
1.851900000000000000e+04
1.534600000000000000e+04
1.928900000000000000e+04
3.361700000000000000e+04
5.113600000000000000e+04
6.410200000000000000e+04
5.924800000000000000e+04
3.607500000000000000e+04
1.656600000000000000e+04
1.600700000000000000e+04
1.501900000000000000e+04
1.371600000000000000e+04
2.059000000000000000e+04
4.222000000000000000e+04
7.628200000000000000e+04
5.584300000000000000e+04
2.062200000000000000e+04
1.296800000000000000e+04
1.581000000000000000e+04
1.488700000000000000e+04
1.914000000000000000e+04
2.647700000000000000e+04
3.030100000000000000e+04
3.950000000000000000e+04
3.327500000000000000e+04
3.874800000000000000e+04
5.218400000000000000e+04
4.230900000000000000e+04
2.623000000000000000e+04
3.068200000000000000e+04
2.666000000000000000e+04
2.683700000000000000e+04
3.938000000000000000e+04
3.243200000000000000e+04
2.707700000000000000e+04
2.811400000000000000e+04
2.580700000000000000e+04
1.681200000000000000e+04
1.548800000000000000e+04
2.260800000000000000e+04
1.882700000000000000e+04
2.785900000000000000e+04
3.128900000000000000e+04
2.230800000000000000e+04
2.482500000000000000e+04
2.479500000000000000e+04
1.990600000000000000e+04
1.451000000000000000e+04
1.988000000000000000e+04
2.838100000000000000e+04
2.954400000000000000e+04
6.093100000000000000e+04
7.404400000000000000e+04
5.891600000000000000e+04
5.201400000000000000e+04
2.899000000000000000e+04
1.363900000000000000e+04
1.389400000000000000e+04
1.660600000000000000e+04
2.024500000000000000e+04
3.143600000000000000e+04
6.077400000000000000e+04
6.916700000000000000e+04
6.317800000000000000e+04
5.225000000000000000e+04
2.424100000000000000e+04
1.446900000000000000e+04
1.515800000000000000e+04
1.577200000000000000e+04
1.827200000000000000e+04
2.839700000000000000e+04
4.674900000000000000e+04
4.716200000000000000e+04
4.405900000000000000e+04
3.979600000000000000e+04
2.128600000000000000e+04
1.727300000000000000e+04
1.723800000000000000e+04
1.496600000000000000e+04
1.700800000000000000e+04
2.521000000000000000e+04
2.951600000000000000e+04
2.864600000000000000e+04
4.043600000000000000e+04
3.750000000000000000e+04
2.027300000000000000e+04
2.080800000000000000e+04
1.868100000000000000e+04
1.724000000000000000e+04
2.391500000000000000e+04
2.859700000000000000e+04
2.674300000000000000e+04
3.229800000000000000e+04
4.309000000000000000e+04
3.041700000000000000e+04
1.810500000000000000e+04
1.919600000000000000e+04
1.324100000000000000e+04
1.148700000000000000e+04
1.477800000000000000e+04
1.430000000000000000e+04
2.086300000000000000e+04
4.413900000000000000e+04
5.110700000000000000e+04
3.059800000000000000e+04
2.676200000000000000e+04
2.151000000000000000e+04
2.732000000000000000e+04
3.617700000000000000e+04
5.216600000000000000e+04
6.911400000000000000e+04
3.489900000000000000e+04
1.558000000000000000e+04
1.563900000000000000e+04
2.486900000000000000e+04
2.022500000000000000e+04
3.245100000000000000e+04
3.593300000000000000e+04
4.281900000000000000e+04
6.120700000000000000e+04
5.080300000000000000e+04
4.116200000000000000e+04
3.353200000000000000e+04
1.756800000000000000e+04
1.769500000000000000e+04
1.778900000000000000e+04
2.372900000000000000e+04
3.346600000000000000e+04
4.868900000000000000e+04
5.921500000000000000e+04
4.820900000000000000e+04
3.956200000000000000e+04
2.727600000000000000e+04
1.621200000000000000e+04
1.990400000000000000e+04
1.730400000000000000e+04
2.244600000000000000e+04
2.837900000000000000e+04
3.455100000000000000e+04
2.914100000000000000e+04
2.716600000000000000e+04
3.339100000000000000e+04
2.819100000000000000e+04
1.872100000000000000e+04
2.253200000000000000e+04
1.991500000000000000e+04
2.338600000000000000e+04
3.397500000000000000e+04
3.380300000000000000e+04
3.185900000000000000e+04
3.165200000000000000e+04
2.701100000000000000e+04
1.723300000000000000e+04
1.676400000000000000e+04
1.916900000000000000e+04
1.777500000000000000e+04
2.660900000000000000e+04
3.124000000000000000e+04
3.278200000000000000e+04
3.347300000000000000e+04
3.102000000000000000e+04
2.316400000000000000e+04
1.511500000000000000e+04
1.618000000000000000e+04
1.520600000000000000e+04
1.605500000000000000e+04
2.134600000000000000e+04
2.028500000000000000e+04
2.146900000000000000e+04
2.631500000000000000e+04
2.693500000000000000e+04
2.141100000000000000e+04
1.642700000000000000e+04
1.968100000000000000e+04
1.757600000000000000e+04
3.087800000000000000e+04
4.184200000000000000e+04
4.000200000000000000e+04
4.028300000000000000e+04
2.661200000000000000e+04
1.346700000000000000e+04
9.765000000000000000e+03
1.301500000000000000e+04
1.505400000000000000e+04
1.917400000000000000e+04
3.323600000000000000e+04
3.893500000000000000e+04
4.634900000000000000e+04
4.594800000000000000e+04
3.253800000000000000e+04
2.118800000000000000e+04
1.674900000000000000e+04
1.636300000000000000e+04
2.091700000000000000e+04
2.929000000000000000e+04
5.065100000000000000e+04
5.407600000000000000e+04
4.488100000000000000e+04
3.045400000000000000e+04
1.636100000000000000e+04
1.481500000000000000e+04
1.350000000000000000e+04
1.337000000000000000e+04
1.978700000000000000e+04
2.452400000000000000e+04
4.668400000000000000e+04
5.673800000000000000e+04
2.916600000000000000e+04
1.545600000000000000e+04
1.653600000000000000e+04
2.366700000000000000e+04
1.800900000000000000e+04
2.680000000000000000e+04
2.818300000000000000e+04
3.556900000000000000e+04
4.035600000000000000e+04
3.176200000000000000e+04
4.159300000000000000e+04
3.681800000000000000e+04
2.552800000000000000e+04
1.515200000000000000e+04
1.693800000000000000e+04
1.739800000000000000e+04
2.504400000000000000e+04
3.459900000000000000e+04
3.301900000000000000e+04
3.495600000000000000e+04
3.520500000000000000e+04
2.677400000000000000e+04
1.969300000000000000e+04
1.431900000000000000e+04
1.573600000000000000e+04
1.562700000000000000e+04
2.502600000000000000e+04
2.458400000000000000e+04
2.783300000000000000e+04
3.542700000000000000e+04
2.940900000000000000e+04
2.625800000000000000e+04
1.939100000000000000e+04
1.999500000000000000e+04
2.642100000000000000e+04
3.699400000000000000e+04
6.789800000000000000e+04
6.456400000000000000e+04
5.242300000000000000e+04
3.550800000000000000e+04
1.951400000000000000e+04
1.160500000000000000e+04
1.042000000000000000e+04
1.376700000000000000e+04
1.992500000000000000e+04
3.574700000000000000e+04
5.465000000000000000e+04
5.283700000000000000e+04
4.242000000000000000e+04
2.475400000000000000e+04
1.431300000000000000e+04
1.006900000000000000e+04
1.081000000000000000e+04
1.389300000000000000e+04
2.148400000000000000e+04
3.531800000000000000e+04
4.395000000000000000e+04
3.544200000000000000e+04
2.501800000000000000e+04
1.567700000000000000e+04
1.210200000000000000e+04
9.833000000000000000e+03
1.094000000000000000e+04
1.515700000000000000e+04
2.402300000000000000e+04
3.540900000000000000e+04
3.407200000000000000e+04
2.771000000000000000e+04
2.348600000000000000e+04
1.803800000000000000e+04
1.400700000000000000e+04
1.244800000000000000e+04
1.547100000000000000e+04
2.194600000000000000e+04
3.672500000000000000e+04
4.261700000000000000e+04
3.491200000000000000e+04
2.755000000000000000e+04
2.099000000000000000e+04
1.841700000000000000e+04
1.628200000000000000e+04
1.373100000000000000e+04
1.503200000000000000e+04
2.171100000000000000e+04
3.128800000000000000e+04
2.851900000000000000e+04
3.523400000000000000e+04
3.280200000000000000e+04
2.114200000000000000e+04
2.511100000000000000e+04
1.859100000000000000e+04
1.727200000000000000e+04
1.707300000000000000e+04
1.634900000000000000e+04
3.374700000000000000e+04
4.447200000000000000e+04
2.689000000000000000e+04
1.884400000000000000e+04
1.604100000000000000e+04
1.953900000000000000e+04
1.686700000000000000e+04
2.876900000000000000e+04
3.827000000000000000e+04
6.210400000000000000e+04
6.493600000000000000e+04
4.098100000000000000e+04
2.377500000000000000e+04
1.860900000000000000e+04
1.532600000000000000e+04
1.296800000000000000e+04
1.667100000000000000e+04
2.484100000000000000e+04
4.137000000000000000e+04
5.420800000000000000e+04
5.217100000000000000e+04
3.686200000000000000e+04
2.088200000000000000e+04
1.765400000000000000e+04
1.506200000000000000e+04
1.709800000000000000e+04
2.498000000000000000e+04
3.567500000000000000e+04
5.658700000000000000e+04
5.737700000000000000e+04
4.217900000000000000e+04
2.644700000000000000e+04
1.720700000000000000e+04
1.664500000000000000e+04
1.324400000000000000e+04
1.712400000000000000e+04
2.196100000000000000e+04
3.379700000000000000e+04
4.281800000000000000e+04
3.635000000000000000e+04
3.099800000000000000e+04
2.200900000000000000e+04
2.001300000000000000e+04
1.788900000000000000e+04
1.625000000000000000e+04
2.143300000000000000e+04
2.374200000000000000e+04
3.640300000000000000e+04
3.753000000000000000e+04
3.187600000000000000e+04
3.041900000000000000e+04
2.181400000000000000e+04
2.409400000000000000e+04
1.736200000000000000e+04
2.088900000000000000e+04
2.363300000000000000e+04
3.036100000000000000e+04
4.066100000000000000e+04
3.810300000000000000e+04
4.155600000000000000e+04
3.039300000000000000e+04
2.446000000000000000e+04
2.749000000000000000e+04
2.329300000000000000e+04
3.594700000000000000e+04
3.998900000000000000e+04
6.509300000000000000e+04
7.490300000000000000e+04
6.092200000000000000e+04
3.448000000000000000e+04
2.329000000000000000e+04
2.306900000000000000e+04
1.797400000000000000e+04
2.731400000000000000e+04
3.530600000000000000e+04
4.875200000000000000e+04
7.028000000000000000e+04
7.310800000000000000e+04
5.172400000000000000e+04
2.678400000000000000e+04
2.466600000000000000e+04
1.979300000000000000e+04
2.191600000000000000e+04
2.908200000000000000e+04
3.845100000000000000e+04
5.666500000000000000e+04
7.065800000000000000e+04
6.576500000000000000e+04
3.689800000000000000e+04
1.716900000000000000e+04
1.672300000000000000e+04
1.365400000000000000e+04
1.317700000000000000e+04
1.385200000000000000e+04
1.093100000000000000e+04
1.479600000000000000e+04
2.876000000000000000e+04
3.919400000000000000e+04
2.877100000000000000e+04
1.612600000000000000e+04
1.887800000000000000e+04
2.290400000000000000e+04
2.298600000000000000e+04
3.553000000000000000e+04
4.059000000000000000e+04
5.244900000000000000e+04
3.860600000000000000e+04
2.432200000000000000e+04
2.000200000000000000e+04
2.681200000000000000e+04
2.176500000000000000e+04
2.156600000000000000e+04
2.762300000000000000e+04
3.318900000000000000e+04
4.512300000000000000e+04
4.431700000000000000e+04
3.073800000000000000e+04
1.960500000000000000e+04
1.791800000000000000e+04
2.298400000000000000e+04
2.013700000000000000e+04
2.620800000000000000e+04
3.523600000000000000e+04
4.637800000000000000e+04
5.644600000000000000e+04
4.401400000000000000e+04
2.933400000000000000e+04
2.009700000000000000e+04
2.296500000000000000e+04
2.327700000000000000e+04
2.100800000000000000e+04
3.310900000000000000e+04
3.583700000000000000e+04
4.942200000000000000e+04
5.135000000000000000e+04
4.389400000000000000e+04
3.142000000000000000e+04
2.551700000000000000e+04
2.044600000000000000e+04
1.564200000000000000e+04
2.458600000000000000e+04
2.939300000000000000e+04
3.841200000000000000e+04
4.906400000000000000e+04
4.604900000000000000e+04
3.841100000000000000e+04
2.998900000000000000e+04
2.393200000000000000e+04
1.527700000000000000e+04
1.823200000000000000e+04
2.551600000000000000e+04
3.285900000000000000e+04
4.746300000000000000e+04
5.180000000000000000e+04
4.053700000000000000e+04
2.667700000000000000e+04
1.910600000000000000e+04
1.670000000000000000e+04
1.368000000000000000e+04
2.029600000000000000e+04
2.631800000000000000e+04
2.994600000000000000e+04
4.570300000000000000e+04
4.232900000000000000e+04
2.916200000000000000e+04
2.250900000000000000e+04
1.953900000000000000e+04
1.637600000000000000e+04
1.361300000000000000e+04
2.093600000000000000e+04
2.274700000000000000e+04
2.981800000000000000e+04
3.756300000000000000e+04
2.909000000000000000e+04
3.067600000000000000e+04
2.613100000000000000e+04
2.129100000000000000e+04
1.729300000000000000e+04
1.589900000000000000e+04
2.160000000000000000e+04
2.229500000000000000e+04
3.149100000000000000e+04
3.050600000000000000e+04
3.156300000000000000e+04
4.059400000000000000e+04
2.929700000000000000e+04
2.407800000000000000e+04
1.971300000000000000e+04
1.284000000000000000e+04
1.284900000000000000e+04
1.362600000000000000e+04
2.290200000000000000e+04
4.274500000000000000e+04
3.228000000000000000e+04
1.878300000000000000e+04
1.479600000000000000e+04
1.879500000000000000e+04
1.983400000000000000e+04
2.651200000000000000e+04
3.810000000000000000e+04
5.153900000000000000e+04
6.994700000000000000e+04
5.963900000000000000e+04
4.039100000000000000e+04
3.193600000000000000e+04
2.641000000000000000e+04
1.663000000000000000e+04
1.937000000000000000e+04
2.420300000000000000e+04
3.924500000000000000e+04
5.315900000000000000e+04
6.040600000000000000e+04
4.419400000000000000e+04
2.227800000000000000e+04
1.800900000000000000e+04
1.594200000000000000e+04
1.503100000000000000e+04
2.059000000000000000e+04
2.817800000000000000e+04
4.487900000000000000e+04
5.690300000000000000e+04
5.027300000000000000e+04
3.039800000000000000e+04
1.590900000000000000e+04
1.468000000000000000e+04
1.280900000000000000e+04
1.782700000000000000e+04
2.497400000000000000e+04
3.292800000000000000e+04
4.627400000000000000e+04
4.749200000000000000e+04
3.499200000000000000e+04
1.987300000000000000e+04
1.594200000000000000e+04
1.705100000000000000e+04
1.428500000000000000e+04
2.210100000000000000e+04
2.879400000000000000e+04
4.189500000000000000e+04
5.648100000000000000e+04
4.998300000000000000e+04
3.154900000000000000e+04
1.803700000000000000e+04
2.039300000000000000e+04
1.812500000000000000e+04
1.759700000000000000e+04
2.876600000000000000e+04
3.800000000000000000e+04
5.472600000000000000e+04
5.809600000000000000e+04
4.394800000000000000e+04
2.538800000000000000e+04
2.007400000000000000e+04
2.433400000000000000e+04
1.884600000000000000e+04
2.532800000000000000e+04
3.543500000000000000e+04
4.915600000000000000e+04
6.635500000000000000e+04
5.991700000000000000e+04
4.286100000000000000e+04
2.901300000000000000e+04
2.789100000000000000e+04
1.916200000000000000e+04
1.894600000000000000e+04
2.894900000000000000e+04
4.017600000000000000e+04
5.661600000000000000e+04
6.645800000000000000e+04
5.371300000000000000e+04
3.346000000000000000e+04
2.810300000000000000e+04
2.647700000000000000e+04
1.669000000000000000e+04
2.361200000000000000e+04
2.989800000000000000e+04
4.278400000000000000e+04
5.860500000000000000e+04
6.275900000000000000e+04
4.526400000000000000e+04
2.348000000000000000e+04
1.785800000000000000e+04
1.781800000000000000e+04
1.137700000000000000e+04
1.081800000000000000e+04
9.219000000000000000e+03
1.054100000000000000e+04
2.064200000000000000e+04
3.576300000000000000e+04
3.213500000000000000e+04
2.076000000000000000e+04
1.361500000000000000e+04
1.918700000000000000e+04
1.728200000000000000e+04
2.480700000000000000e+04
3.116300000000000000e+04
3.363800000000000000e+04
3.393300000000000000e+04
2.052100000000000000e+04
1.421200000000000000e+04
1.820700000000000000e+04
2.000000000000000000e+04
1.560200000000000000e+04
2.296600000000000000e+04
2.559800000000000000e+04
3.414200000000000000e+04
4.072400000000000000e+04
2.948800000000000000e+04
1.943600000000000000e+04
1.420300000000000000e+04
1.478400000000000000e+04
1.300500000000000000e+04
1.512300000000000000e+04
2.258700000000000000e+04
2.759400000000000000e+04
3.846000000000000000e+04
4.159700000000000000e+04
3.267500000000000000e+04
2.426700000000000000e+04
1.897500000000000000e+04
2.121800000000000000e+04
1.659200000000000000e+04
2.044000000000000000e+04
2.629000000000000000e+04
3.492900000000000000e+04
4.563800000000000000e+04
4.803100000000000000e+04
4.953300000000000000e+04
4.405700000000000000e+04
3.474000000000000000e+04
1.887100000000000000e+04
2.093200000000000000e+04
2.222600000000000000e+04
2.668800000000000000e+04
4.262800000000000000e+04
5.304200000000000000e+04
5.806500000000000000e+04
5.087200000000000000e+04
3.981900000000000000e+04
2.820100000000000000e+04
1.638500000000000000e+04
1.740700000000000000e+04
1.734900000000000000e+04
2.562000000000000000e+04
3.323700000000000000e+04
3.760800000000000000e+04
3.212600000000000000e+04
2.061000000000000000e+04
1.950400000000000000e+04
2.112700000000000000e+04
1.634700000000000000e+04
2.534500000000000000e+04
2.497400000000000000e+04
3.227200000000000000e+04
3.622300000000000000e+04
2.840000000000000000e+04
2.247200000000000000e+04
2.159300000000000000e+04
2.014600000000000000e+04
1.526400000000000000e+04
2.168300000000000000e+04
2.556400000000000000e+04
2.818200000000000000e+04
3.664500000000000000e+04
3.650700000000000000e+04
2.538300000000000000e+04
1.767900000000000000e+04
1.870400000000000000e+04
1.721000000000000000e+04
1.368700000000000000e+04
1.967700000000000000e+04
2.320300000000000000e+04
3.033700000000000000e+04
3.932500000000000000e+04
3.325900000000000000e+04
2.814800000000000000e+04
2.162700000000000000e+04
2.119600000000000000e+04
1.819000000000000000e+04
1.275500000000000000e+04
1.621800000000000000e+04
1.400000000000000000e+04
1.289300000000000000e+04
1.377200000000000000e+04
2.489500000000000000e+04
3.378700000000000000e+04
2.249400000000000000e+04
2.054900000000000000e+04
1.869500000000000000e+04
1.752800000000000000e+04
2.589800000000000000e+04
3.103000000000000000e+04
4.209600000000000000e+04
4.874800000000000000e+04
4.557900000000000000e+04
3.886500000000000000e+04
3.299800000000000000e+04
1.944500000000000000e+04
1.921300000000000000e+04
2.030800000000000000e+04
2.700000000000000000e+04
3.835400000000000000e+04
4.536300000000000000e+04
4.942000000000000000e+04
3.941900000000000000e+04
3.451900000000000000e+04
2.786200000000000000e+04
1.754900000000000000e+04
2.468700000000000000e+04
2.576800000000000000e+04
3.596900000000000000e+04
4.527400000000000000e+04
4.387400000000000000e+04
3.490600000000000000e+04
2.308800000000000000e+04
2.210400000000000000e+04
1.799500000000000000e+04
1.849300000000000000e+04
2.784600000000000000e+04
3.324300000000000000e+04
4.384700000000000000e+04
5.040300000000000000e+04
4.113200000000000000e+04
2.762000000000000000e+04
2.362100000000000000e+04
2.464700000000000000e+04
1.662600000000000000e+04
2.156400000000000000e+04
2.933100000000000000e+04
3.602000000000000000e+04
4.720200000000000000e+04
4.591000000000000000e+04
2.899700000000000000e+04
1.659500000000000000e+04
1.711200000000000000e+04
1.917400000000000000e+04
1.593100000000000000e+04
2.430000000000000000e+04
2.902600000000000000e+04
3.916700000000000000e+04
5.009600000000000000e+04
4.034300000000000000e+04
2.564500000000000000e+04
1.599600000000000000e+04
1.954800000000000000e+04
1.890600000000000000e+04
1.660900000000000000e+04
2.492800000000000000e+04
2.973600000000000000e+04
4.234900000000000000e+04
4.548100000000000000e+04
3.947400000000000000e+04
3.131600000000000000e+04
2.957700000000000000e+04
2.416300000000000000e+04
1.554100000000000000e+04
1.920400000000000000e+04
1.939800000000000000e+04
2.686600000000000000e+04
3.275300000000000000e+04
3.814700000000000000e+04
3.617800000000000000e+04
2.961900000000000000e+04
2.812200000000000000e+04
1.820900000000000000e+04
1.668700000000000000e+04
2.139900000000000000e+04
2.352900000000000000e+04
3.501000000000000000e+04
4.093600000000000000e+04
4.261900000000000000e+04
3.721400000000000000e+04
3.044700000000000000e+04
2.314000000000000000e+04
1.232600000000000000e+04
1.095200000000000000e+04
9.641000000000000000e+03
9.474000000000000000e+03
1.096200000000000000e+04
1.833800000000000000e+04
3.155300000000000000e+04
3.370400000000000000e+04
2.251500000000000000e+04
2.380800000000000000e+04
2.063400000000000000e+04
1.814600000000000000e+04
2.677800000000000000e+04
2.990000000000000000e+04
3.672800000000000000e+04
3.217100000000000000e+04
2.349200000000000000e+04
2.012800000000000000e+04
2.210800000000000000e+04
1.483900000000000000e+04
1.817700000000000000e+04
2.353800000000000000e+04
2.750500000000000000e+04
3.725200000000000000e+04
3.738700000000000000e+04
3.029400000000000000e+04
1.989800000000000000e+04
1.788500000000000000e+04
1.681200000000000000e+04
1.367600000000000000e+04
2.071500000000000000e+04
2.693600000000000000e+04
3.242100000000000000e+04
4.209500000000000000e+04
3.620200000000000000e+04
2.266000000000000000e+04
1.601300000000000000e+04
1.941300000000000000e+04
1.630700000000000000e+04
1.570200000000000000e+04
2.316000000000000000e+04
3.008800000000000000e+04
4.026000000000000000e+04
4.197100000000000000e+04
3.825900000000000000e+04
3.250300000000000000e+04
3.287100000000000000e+04
2.675000000000000000e+04
1.612200000000000000e+04
1.987100000000000000e+04
2.311600000000000000e+04
3.353600000000000000e+04
3.828800000000000000e+04
3.775500000000000000e+04
3.356000000000000000e+04
2.870500000000000000e+04
2.839400000000000000e+04
1.842800000000000000e+04
1.733500000000000000e+04
2.420100000000000000e+04
2.794700000000000000e+04
3.681700000000000000e+04
3.639100000000000000e+04
2.773100000000000000e+04
2.067700000000000000e+04
2.327900000000000000e+04
2.311200000000000000e+04
1.491600000000000000e+04
1.869900000000000000e+04
2.470300000000000000e+04
3.090700000000000000e+04
3.563600000000000000e+04
3.050700000000000000e+04
1.850700000000000000e+04
1.460500000000000000e+04
2.106300000000000000e+04
2.012200000000000000e+04
1.752500000000000000e+04
2.769200000000000000e+04
3.024400000000000000e+04
3.758800000000000000e+04
4.102000000000000000e+04
3.112900000000000000e+04
2.001700000000000000e+04
1.729800000000000000e+04
1.998100000000000000e+04
1.481700000000000000e+04
1.623100000000000000e+04
2.524700000000000000e+04
2.710900000000000000e+04
3.421200000000000000e+04
3.431300000000000000e+04
2.327200000000000000e+04
1.793500000000000000e+04
1.712900000000000000e+04
1.699500000000000000e+04
1.128900000000000000e+04
9.091000000000000000e+03
8.405000000000000000e+03
9.363000000000000000e+03
1.416000000000000000e+04
2.347500000000000000e+04
2.433500000000000000e+04
1.552200000000000000e+04
1.281300000000000000e+04
1.765200000000000000e+04
1.542000000000000000e+04
1.686100000000000000e+04
2.261600000000000000e+04
2.456000000000000000e+04
2.583900000000000000e+04
2.075500000000000000e+04
1.666900000000000000e+04
2.058800000000000000e+04
2.262800000000000000e+04
1.463900000000000000e+04
1.923600000000000000e+04
2.459600000000000000e+04
3.075300000000000000e+04
3.780200000000000000e+04
3.274000000000000000e+04
2.557800000000000000e+04
2.310600000000000000e+04
2.444000000000000000e+04
1.850700000000000000e+04
1.612400000000000000e+04
2.292600000000000000e+04
2.792200000000000000e+04
3.539900000000000000e+04
3.808900000000000000e+04
2.989500000000000000e+04
2.102800000000000000e+04
2.184300000000000000e+04
2.232100000000000000e+04
1.374600000000000000e+04
1.683200000000000000e+04
2.202800000000000000e+04
2.558400000000000000e+04
3.166100000000000000e+04
2.776400000000000000e+04
1.820000000000000000e+04
1.290100000000000000e+04
1.712500000000000000e+04
1.832800000000000000e+04
1.361500000000000000e+04
2.052600000000000000e+04
2.491600000000000000e+04
2.516400000000000000e+04
2.768600000000000000e+04
2.031900000000000000e+04
1.402000000000000000e+04
1.308400000000000000e+04
1.842800000000000000e+04
1.531100000000000000e+04
1.445100000000000000e+04
2.096800000000000000e+04
2.218100000000000000e+04
2.404800000000000000e+04
2.294200000000000000e+04
1.675600000000000000e+04
1.206200000000000000e+04
1.505900000000000000e+04
1.948200000000000000e+04
1.548100000000000000e+04
2.072700000000000000e+04
2.441200000000000000e+04
2.590600000000000000e+04
2.856900000000000000e+04
2.104700000000000000e+04
1.796500000000000000e+04
1.960200000000000000e+04
2.499300000000000000e+04
1.787500000000000000e+04
1.514000000000000000e+04
2.095000000000000000e+04
2.335000000000000000e+04
2.803500000000000000e+04
2.628200000000000000e+04
2.113400000000000000e+04
1.576700000000000000e+04
1.632300000000000000e+04
1.512700000000000000e+04
1.133300000000000000e+04
1.547400000000000000e+04
2.082400000000000000e+04
2.069200000000000000e+04
2.509100000000000000e+04
2.270400000000000000e+04
1.700800000000000000e+04
1.476600000000000000e+04
1.434400000000000000e+04
1.200500000000000000e+04
9.332000000000000000e+03
7.951000000000000000e+03
9.421000000000000000e+03
1.184800000000000000e+04
1.810100000000000000e+04
2.293900000000000000e+04
1.728800000000000000e+04
1.346200000000000000e+04
1.202900000000000000e+04
1.576400000000000000e+04
1.423900000000000000e+04
1.287000000000000000e+04
1.509800000000000000e+04
1.505700000000000000e+04
1.291200000000000000e+04
9.913000000000000000e+03
1.077400000000000000e+04
1.716200000000000000e+04
1.833200000000000000e+04
1.209100000000000000e+04
1.450600000000000000e+04
1.527300000000000000e+04
1.714100000000000000e+04
1.743600000000000000e+04
1.267200000000000000e+04
1.196400000000000000e+04
1.544100000000000000e+04
1.934200000000000000e+04
1.491700000000000000e+04
1.209800000000000000e+04
1.632700000000000000e+04
1.478600000000000000e+04
1.607300000000000000e+04
1.464200000000000000e+04
1.132000000000000000e+04
1.450200000000000000e+04
1.870300000000000000e+04
2.190400000000000000e+04
1.458600000000000000e+04
1.583600000000000000e+04
2.017200000000000000e+04
2.179400000000000000e+04
2.739900000000000000e+04
2.597700000000000000e+04
2.410600000000000000e+04
2.502400000000000000e+04
2.341100000000000000e+04
1.464400000000000000e+04
1.178000000000000000e+04
1.440700000000000000e+04
1.617100000000000000e+04
2.059300000000000000e+04
2.209900000000000000e+04
2.115800000000000000e+04
1.953300000000000000e+04
1.758800000000000000e+04
1.373500000000000000e+04
9.200000000000000000e+03
1.029100000000000000e+04
1.193600000000000000e+04
1.281700000000000000e+04
1.562300000000000000e+04
1.633800000000000000e+04
1.486300000000000000e+04
1.452600000000000000e+04
1.361200000000000000e+04
1.051200000000000000e+04
9.335000000000000000e+03
1.188700000000000000e+04
1.212900000000000000e+04
1.429400000000000000e+04
1.771600000000000000e+04
1.676200000000000000e+04
1.653600000000000000e+04
1.714000000000000000e+04
1.345000000000000000e+04
9.533000000000000000e+03
9.650000000000000000e+03
1.126900000000000000e+04
1.254000000000000000e+04
1.586800000000000000e+04
1.737200000000000000e+04
1.491400000000000000e+04
1.321000000000000000e+04
1.272000000000000000e+04
1.152400000000000000e+04
9.774000000000000000e+03
1.020900000000000000e+04
1.094200000000000000e+04
1.175000000000000000e+04
1.658000000000000000e+04
1.564500000000000000e+04
1.484100000000000000e+04
1.840300000000000000e+04
1.469100000000000000e+04
1.112300000000000000e+04
1.053400000000000000e+04
8.756000000000000000e+03
9.293000000000000000e+03
1.068500000000000000e+04
1.299700000000000000e+04
1.392700000000000000e+04
1.234000000000000000e+04
1.135600000000000000e+04
1.190200000000000000e+04
1.123200000000000000e+04
8.797000000000000000e+03
9.151000000000000000e+03
1.124100000000000000e+04
1.315400000000000000e+04
1.723500000000000000e+04
1.909600000000000000e+04
1.696300000000000000e+04
1.367100000000000000e+04
1.034700000000000000e+04
9.270000000000000000e+03
1.051300000000000000e+04
1.063300000000000000e+04
1.314400000000000000e+04
1.749200000000000000e+04
1.736000000000000000e+04
1.632400000000000000e+04
1.455800000000000000e+04
1.036700000000000000e+04
8.478000000000000000e+03
8.582000000000000000e+03
8.364000000000000000e+03
9.273000000000000000e+03
1.197800000000000000e+04
1.418700000000000000e+04
1.536900000000000000e+04
1.543800000000000000e+04
1.274700000000000000e+04
9.486000000000000000e+03
9.140000000000000000e+03
9.302000000000000000e+03
7.948000000000000000e+03
8.198000000000000000e+03
1.029600000000000000e+04
1.146400000000000000e+04
1.564800000000000000e+04
2.188800000000000000e+04
1.835900000000000000e+04
1.147000000000000000e+04
1.061800000000000000e+04
9.727000000000000000e+03
8.233000000000000000e+03
9.123000000000000000e+03
1.031300000000000000e+04
1.008500000000000000e+04
1.277000000000000000e+04
1.552600000000000000e+04
1.252500000000000000e+04
9.064000000000000000e+03
9.551000000000000000e+03
8.857000000000000000e+03
8.362000000000000000e+03
9.436000000000000000e+03
8.879000000000000000e+03
9.625000000000000000e+03
1.426100000000000000e+04
1.599400000000000000e+04
1.105300000000000000e+04
1.057900000000000000e+04
1.206600000000000000e+04
1.045900000000000000e+04
1.178200000000000000e+04
1.280700000000000000e+04
1.289200000000000000e+04
1.607800000000000000e+04
1.724700000000000000e+04
1.249100000000000000e+04
8.959000000000000000e+03
9.689000000000000000e+03
1.055700000000000000e+04
1.115400000000000000e+04
1.352100000000000000e+04
1.528600000000000000e+04
1.585400000000000000e+04
1.485200000000000000e+04
1.205700000000000000e+04
9.253000000000000000e+03
8.849000000000000000e+03
1.004900000000000000e+04
1.068300000000000000e+04
1.366200000000000000e+04
1.699100000000000000e+04
1.797200000000000000e+04
1.836400000000000000e+04
1.434300000000000000e+04
1.070500000000000000e+04
1.022900000000000000e+04
8.496000000000000000e+03
8.082000000000000000e+03
9.550000000000000000e+03
1.244900000000000000e+04
1.518400000000000000e+04
1.408800000000000000e+04
1.153900000000000000e+04
1.099000000000000000e+04
1.152200000000000000e+04
1.052600000000000000e+04
8.358000000000000000e+03
8.618000000000000000e+03
9.570000000000000000e+03
1.062200000000000000e+04
1.185500000000000000e+04
1.289000000000000000e+04
1.385900000000000000e+04
1.192300000000000000e+04
9.089000000000000000e+03
8.504000000000000000e+03
8.717000000000000000e+03
8.186000000000000000e+03
9.128000000000000000e+03
9.999000000000000000e+03
1.007800000000000000e+04
1.282200000000000000e+04
1.496800000000000000e+04
1.255400000000000000e+04
9.434000000000000000e+03
9.136000000000000000e+03
8.651000000000000000e+03
8.240000000000000000e+03
9.088000000000000000e+03
9.001000000000000000e+03
1.086400000000000000e+04
1.550000000000000000e+04
1.687200000000000000e+04
1.215600000000000000e+04
9.187000000000000000e+03
1.018300000000000000e+04
9.660000000000000000e+03
1.060100000000000000e+04
1.410800000000000000e+04
1.366700000000000000e+04
1.257000000000000000e+04
1.273500000000000000e+04
1.035600000000000000e+04
9.079000000000000000e+03
9.389000000000000000e+03
8.524000000000000000e+03
8.268000000000000000e+03
9.611000000000000000e+03
1.068600000000000000e+04
1.382600000000000000e+04
1.874200000000000000e+04
1.802200000000000000e+04
1.171500000000000000e+04
9.192000000000000000e+03
9.648000000000000000e+03
8.426000000000000000e+03
9.290000000000000000e+03
1.148400000000000000e+04
1.109700000000000000e+04
1.209400000000000000e+04
1.472100000000000000e+04
1.288900000000000000e+04
9.239000000000000000e+03
8.998000000000000000e+03
8.677000000000000000e+03
7.778000000000000000e+03
9.050000000000000000e+03
1.024100000000000000e+04
1.015000000000000000e+04
1.148900000000000000e+04
1.285200000000000000e+04
1.089900000000000000e+04
9.451000000000000000e+03
1.031400000000000000e+04
9.248000000000000000e+03
8.944000000000000000e+03
1.115300000000000000e+04
1.074800000000000000e+04
1.057400000000000000e+04
1.271300000000000000e+04
1.289200000000000000e+04
1.029900000000000000e+04
8.706000000000000000e+03
8.782000000000000000e+03
7.792000000000000000e+03
7.922000000000000000e+03
8.589000000000000000e+03
8.895000000000000000e+03
1.182700000000000000e+04
1.221300000000000000e+04
9.605000000000000000e+03
9.506000000000000000e+03
8.791000000000000000e+03
7.890000000000000000e+03
9.111000000000000000e+03
1.049200000000000000e+04
1.141000000000000000e+04
1.080100000000000000e+04
9.195000000000000000e+03
8.641000000000000000e+03
8.795000000000000000e+03
8.415000000000000000e+03
8.324000000000000000e+03
9.946000000000000000e+03
1.199300000000000000e+04
1.302800000000000000e+04
1.457900000000000000e+04
1.545900000000000000e+04
1.394700000000000000e+04
1.074600000000000000e+04
8.854000000000000000e+03
8.641000000000000000e+03
8.328000000000000000e+03
8.467000000000000000e+03
1.101300000000000000e+04
1.396900000000000000e+04
1.441800000000000000e+04
1.328200000000000000e+04
1.149700000000000000e+04
9.428000000000000000e+03
8.797000000000000000e+03
8.698000000000000000e+03
8.591000000000000000e+03
9.914000000000000000e+03
1.199700000000000000e+04
1.312400000000000000e+04
1.462200000000000000e+04
1.581400000000000000e+04
1.281000000000000000e+04
9.363000000000000000e+03
9.587000000000000000e+03
9.253000000000000000e+03
8.326000000000000000e+03
9.722000000000000000e+03
1.085000000000000000e+04
9.960000000000000000e+03
1.106600000000000000e+04
1.246300000000000000e+04
1.042300000000000000e+04
8.309000000000000000e+03
8.997000000000000000e+03
8.578000000000000000e+03
8.227000000000000000e+03
1.040500000000000000e+04
1.086600000000000000e+04
1.029600000000000000e+04
1.070100000000000000e+04
1.008400000000000000e+04
8.405000000000000000e+03
8.436000000000000000e+03
8.787000000000000000e+03
7.855000000000000000e+03
8.325000000000000000e+03
9.385000000000000000e+03
9.205000000000000000e+03
1.141100000000000000e+04
1.358500000000000000e+04
1.137700000000000000e+04
8.460000000000000000e+03
8.110000000000000000e+03
8.000000000000000000e+03
7.963000000000000000e+03
9.894000000000000000e+03
1.167400000000000000e+04
1.252200000000000000e+04
1.432300000000000000e+04
1.338100000000000000e+04
9.766000000000000000e+03
8.389000000000000000e+03
8.946000000000000000e+03
8.202000000000000000e+03
8.436000000000000000e+03
1.020000000000000000e+04
1.132600000000000000e+04
1.249200000000000000e+04
1.362700000000000000e+04
1.151500000000000000e+04
8.430000000000000000e+03
9.216000000000000000e+03
9.511000000000000000e+03
9.086000000000000000e+03
1.061000000000000000e+04
1.125900000000000000e+04
1.000400000000000000e+04
9.566000000000000000e+03
8.899000000000000000e+03
8.899000000000000000e+03
8.789000000000000000e+03
7.569000000000000000e+03
8.268000000000000000e+03
9.297000000000000000e+03
9.987000000000000000e+03
1.145200000000000000e+04
1.105000000000000000e+04
9.220000000000000000e+03
7.941000000000000000e+03
7.744000000000000000e+03
8.293000000000000000e+03
7.788000000000000000e+03
7.602000000000000000e+03
8.264000000000000000e+03
8.130000000000000000e+03
8.542000000000000000e+03
1.083300000000000000e+04
1.189600000000000000e+04
9.735000000000000000e+03
7.844000000000000000e+03
7.604000000000000000e+03
7.632000000000000000e+03
8.003000000000000000e+03
9.620000000000000000e+03
1.083000000000000000e+04
1.164500000000000000e+04
1.166900000000000000e+04
9.715000000000000000e+03
7.809000000000000000e+03
7.727000000000000000e+03
7.601000000000000000e+03
7.280000000000000000e+03
7.647000000000000000e+03
8.109000000000000000e+03
8.461000000000000000e+03
1.012400000000000000e+04
1.229400000000000000e+04
1.155900000000000000e+04
8.462000000000000000e+03
8.018000000000000000e+03
9.003000000000000000e+03
8.829000000000000000e+03
1.015100000000000000e+04
1.470500000000000000e+04
1.769400000000000000e+04
1.515100000000000000e+04
9.972000000000000000e+03
7.626000000000000000e+03
7.634000000000000000e+03
7.959000000000000000e+03
8.184000000000000000e+03
1.049100000000000000e+04
1.427700000000000000e+04
1.707200000000000000e+04
1.604600000000000000e+04
1.215700000000000000e+04
8.326000000000000000e+03
7.329000000000000000e+03
7.892000000000000000e+03
7.851000000000000000e+03
8.591000000000000000e+03
1.113000000000000000e+04
1.323300000000000000e+04
1.363000000000000000e+04
1.243000000000000000e+04
9.769000000000000000e+03
7.672000000000000000e+03
7.441000000000000000e+03
7.724000000000000000e+03
7.487000000000000000e+03
7.966000000000000000e+03
8.975000000000000000e+03
9.215000000000000000e+03
9.578000000000000000e+03
1.002100000000000000e+04
9.011000000000000000e+03
7.569000000000000000e+03
7.901000000000000000e+03
8.431000000000000000e+03
8.322000000000000000e+03
9.489000000000000000e+03
1.209500000000000000e+04
1.316100000000000000e+04
1.183600000000000000e+04
9.626000000000000000e+03
8.241000000000000000e+03
7.920000000000000000e+03
8.285000000000000000e+03
8.395000000000000000e+03
8.683000000000000000e+03
9.336000000000000000e+03
9.756000000000000000e+03
9.225000000000000000e+03
8.542000000000000000e+03
7.620000000000000000e+03
7.163000000000000000e+03
7.004000000000000000e+03
6.928000000000000000e+03
7.122000000000000000e+03
7.663000000000000000e+03
8.065000000000000000e+03
7.999000000000000000e+03
8.262000000000000000e+03
8.607000000000000000e+03
9.104000000000000000e+03
8.419000000000000000e+03
7.289000000000000000e+03
7.666000000000000000e+03
9.018000000000000000e+03
9.966000000000000000e+03
1.090500000000000000e+04
1.201700000000000000e+04
1.108400000000000000e+04
8.795000000000000000e+03
7.253000000000000000e+03
7.134000000000000000e+03
7.592000000000000000e+03
8.467000000000000000e+03
9.524000000000000000e+03
1.116500000000000000e+04
1.295900000000000000e+04
1.330200000000000000e+04
1.094400000000000000e+04
8.022000000000000000e+03
7.298000000000000000e+03
7.803000000000000000e+03
7.887000000000000000e+03
8.235000000000000000e+03
9.444000000000000000e+03
1.048300000000000000e+04
1.029000000000000000e+04
9.547000000000000000e+03
8.275000000000000000e+03
7.206000000000000000e+03
7.072000000000000000e+03
7.520000000000000000e+03
7.926000000000000000e+03
8.388000000000000000e+03
9.409000000000000000e+03
1.055500000000000000e+04
1.043500000000000000e+04
9.143000000000000000e+03
7.691000000000000000e+03
6.838000000000000000e+03
7.132000000000000000e+03
7.682000000000000000e+03
8.017000000000000000e+03
7.960000000000000000e+03
