2.012980222702026367e+00,1.100038591348458795e+03
8.190211534500122070e+00,1.100026904666589871e+03
1.373973155021667480e+01,1.100234397190436539e+03
1.927917909622192383e+01,1.100250380138752917e+03
2.477012538909912109e+01,1.100206694128865820e+03
3.027720546722412109e+01,1.100336901819126751e+03
3.579023861885070801e+01,1.100203640718548058e+03
4.137021517753601074e+01,1.100362439612622893e+03
4.683573842048645020e+01,1.100347029867696847e+03
5.242580986022949219e+01,1.100309087446058129e+03
5.777333211898803711e+01,1.100378426376363677e+03
6.416474199295043945e+01,1.100235039746321945e+03
6.971476602554321289e+01,1.100354622571735945e+03
7.528736138343811035e+01,1.100391481759879525e+03
8.062735271453857422e+01,1.100314207651052357e+03
8.624416494369506836e+01,1.100390052194622740e+03
9.180724143981933594e+01,1.100268975489324930e+03
9.722020888328552246e+01,1.100427947253194816e+03
1.028271737098693848e+02,1.100422512665931436e+03
1.083557035923004150e+02,1.100406981167267304e+03
1.138067817687988281e+02,1.100377571555284476e+03
1.206797187328338623e+02,1.100350923869600820e+03
1.261385626792907715e+02,1.100421509411497027e+03
1.317206811904907227e+02,1.100429187216907394e+03
1.371921682357788086e+02,1.100346115826553842e+03
1.427993783950805664e+02,1.100421799480513755e+03
1.482323935031890869e+02,1.100320395841786421e+03
1.537572801113128662e+02,1.100405366717531024e+03
1.593199095726013184e+02,1.100424909721010181e+03
1.648112227916717529e+02,1.100377956056035146e+03
1.703951835632324219e+02,1.100400175884843748e+03
1.772247383594512939e+02,1.100329681104919928e+03
1.827607803344726562e+02,1.100264348734384839e+03
1.882357428073883057e+02,1.100363474351578589e+03
1.938099913597106934e+02,1.100206686762487152e+03
1.992437472343444824e+02,1.100274539341417039e+03
2.048557412624359131e+02,1.100231109329041146e+03
2.103163378238677979e+02,1.100238911291258091e+03
2.158385951519012451e+02,1.100222874687240846e+03
2.213719737529754639e+02,1.100134313689442934e+03
2.269341294765472412e+02,1.100105745955363773e+03
2.337816438674926758e+02,1.100016717751346960e+03
2.394509780406951904e+02,1.099912363727961747e+03
2.450044925212860107e+02,1.099977130540622511e+03
2.504989719390869141e+02,1.099748502251503396e+03
2.559930133819580078e+02,1.099921588116295879e+03
2.615063514709472656e+02,1.099776976722070685e+03
2.670491821765899658e+02,1.099668305770880579e+03
2.726198809146881104e+02,1.099683970653256210e+03
2.781473014354705811e+02,1.099704124855663395e+03
2.836383509635925293e+02,1.099648098791649772e+03
2.907440485954284668e+02,1.099496825958640784e+03
2.962212183475494385e+02,1.099581707983272281e+03
3.023447003364562988e+02,1.099562217884377787e+03
3.077992072105407715e+02,1.099460796095393789e+03
3.133446874618530273e+02,1.099489711778170658e+03
3.188598070144653320e+02,1.099290789637144144e+03
3.244997224807739258e+02,1.099495144580286706e+03
3.299847304821014404e+02,1.099397957521980061e+03
3.355701603889465332e+02,1.099413901505666900e+03
3.410546939373016357e+02,1.099511716320229652e+03
3.482912237644195557e+02,1.099336076929012279e+03
3.539090714454650879e+02,1.099415896901977021e+03
3.594457128047943115e+02,1.099489984642581931e+03
3.649731576442718506e+02,1.099374289876136118e+03
3.704085597991943359e+02,1.099475818029017773e+03
3.759236912727355957e+02,1.099285448369361575e+03
3.814112219810485840e+02,1.099398621414669606e+03
3.869202320575714111e+02,1.099420678933120371e+03
3.926019361019134521e+02,1.099344984167277289e+03
3.980340666770935059e+02,1.099459008373117967e+03
4.057379143238067627e+02,1.099392042108067017e+03
4.112386515140533447e+02,1.099397675513008153e+03
4.167815027236938477e+02,1.099469673834600826e+03
4.223292682170867920e+02,1.099312728702416962e+03
4.279401149749755859e+02,1.099445747774588199e+03
4.333356444835662842e+02,1.099411793015121930e+03
4.389207327365875244e+02,1.099392310116227691e+03
4.444720420837402344e+02,1.099494131286877291e+03
4.499929902553558350e+02,1.099453862790366884e+03
4.554093871116638184e+02,1.100038746597211684e+03
4.633489229679107666e+02,1.110132184270479001e+03
4.687727687358856201e+02,1.123202743305171452e+03
4.743608229160308838e+02,1.138225953509017927e+03
4.799266161918640137e+02,1.144465940494184451e+03
4.854493439197540283e+02,1.153598581165578025e+03
4.909810252189636230e+02,1.156282524007151778e+03
4.964907011985778809e+02,1.158186000280760709e+03
5.018702385425567627e+02,1.164716472677494039e+03
5.075447659492492676e+02,1.166548361100494958e+03
5.129941530227661133e+02,1.167949289681389928e+03
5.212075827121734619e+02,1.169807494271980431e+03
5.267161357402801514e+02,1.170889367507674478e+03
5.322633821964263916e+02,1.175265539901136435e+03
5.376311969757080078e+02,1.176598115914315031e+03
5.431974763870239258e+02,1.177764968287212014e+03
5.488439736366271973e+02,1.178799965984774872e+03
5.543316349983215332e+02,1.180022634840287992e+03
5.599147565364837646e+02,1.181068927903176927e+03
5.652882747650146484e+02,1.182150835180080549e+03
5.709301280975341797e+02,1.183141416693775000e+03
5.794499211311340332e+02,1.186920607434452450e+03
5.849770607948303223e+02,1.188337780948692398e+03
5.904869694709777832e+02,1.189850398455686900e+03
5.959974381923675537e+02,1.190842589573019950e+03
6.022457151412963867e+02,1.192420780764859956e+03
6.079147479534149170e+02,1.193270482010235810e+03
6.133600633144378662e+02,1.194282804205060529e+03
6.187997465133666992e+02,1.195209392878838798e+03
6.243486125469207764e+02,1.195909320578430197e+03
6.299584639072418213e+02,1.196791582419544056e+03
6.387938990592956543e+02,1.197947188145074961e+03
6.443802812099456787e+02,1.198337139017635764e+03
6.497902109622955322e+02,1.200612021200655363e+03
6.553702101707458496e+02,1.201399152858084790e+03
6.608830027580261230e+02,1.201980011680490179e+03
6.664356303215026855e+02,1.203055818672685746e+03
6.719547238349914551e+02,1.203310515008667835e+03
6.773664305210113525e+02,1.204096629910081219e+03
6.829942047595977783e+02,1.204841316979346402e+03
6.885765390396118164e+02,1.205412518740510677e+03
6.977424340248107910e+02,1.206470473036832573e+03
7.031739525794982910e+02,1.207211140823200594e+03
7.088137161731719971e+02,1.207575302722298147e+03
7.142657883167266846e+02,1.208286878215959860e+03
7.198715853691101074e+02,1.208541243430215900e+03
7.253702244758605957e+02,1.208986718262331806e+03
7.308967442512512207e+02,1.209750866660212978e+03
7.362736246585845947e+02,1.210007024404358162e+03
7.419422233104705811e+02,1.210629323971055783e+03
7.473297393321990967e+02,1.210890138043915613e+03
7.568883368968963623e+02,1.211601858473735319e+03
7.623752295970916748e+02,1.211958543575915428e+03
7.679047436714172363e+02,1.212307858583043298e+03
7.734303524494171143e+02,1.212771079514677922e+03
7.789412209987640381e+02,1.213187964885455585e+03
7.845312223434448242e+02,1.213349145107729100e+03
7.899078533649444580e+02,1.213731476354910228e+03
7.954568455219268799e+02,1.214006017346329145e+03
8.010296533107757568e+02,1.214163171389558556e+03
8.064932870864868164e+02,1.214791327617203024e+03
8.162689406871795654e+02,1.216956876810312906e+03
8.218902082443237305e+02,1.217017773752691255e+03
8.273943729400634766e+02,1.217470705861106808e+03
8.329207975864410400e+02,1.217844369624626097e+03
8.384342174530029297e+02,1.217918130534792908e+03
8.439422197341918945e+02,1.218326692670420925e+03
8.494430851936340332e+02,1.218478809475508797e+03
8.550194947719573975e+02,1.218785224650689315e+03
8.605389926433563232e+02,1.219113213786542701e+03
8.660512187480926514e+02,1.219412663114618454e+03
8.761938855648040771e+02,1.219631035521984813e+03
8.817961928844451904e+02,1.219832810054752827e+03
8.872584128379821777e+02,1.219911247165025543e+03
8.928468263149261475e+02,1.219753678861840399e+03
8.984016168117523193e+02,1.220071469589514663e+03
9.047472434043884277e+02,1.220392387633245335e+03
9.104312081336975098e+02,1.220629709595994427e+03
9.159588029384613037e+02,1.220635294001188186e+03
9.215258638858795166e+02,1.221128693707890761e+03
9.269801986217498779e+02,1.221223858142360768e+03
9.373657209873199463e+02,1.221561959224917018e+03
9.430596914291381836e+02,1.221773178866123089e+03
9.484312520027160645e+02,1.222274485905407801e+03
9.539221391677856445e+02,1.222229485354866483e+03
9.595035295486450195e+02,1.222677855428798239e+03
9.649702246189117432e+02,1.222619605522057554e+03
9.706112201213836670e+02,1.222711035994322174e+03
9.760475020408630371e+02,1.223083995556121863e+03
9.815442972183227539e+02,1.223181042442369971e+03
9.870736045837402344e+02,1.223674691502958922e+03
9.982212235927581787e+02,1.223937393908302965e+03
1.003732619524002075e+03,1.224006649506550048e+03
1.009324760198593140e+03,1.224150347303227363e+03
1.014739272594451904e+03,1.224548828951581527e+03
1.020376897096633911e+03,1.224402460579022772e+03
1.025728843688964844e+03,1.224660792967672478e+03
1.031236091136932373e+03,1.224987792907763605e+03
1.036770250797271729e+03,1.225104206335431627e+03
1.042425733089447021e+03,1.225538468903942658e+03
1.047945950031280518e+03,1.225457943683382609e+03
1.059369645833969116e+03,1.225918608764789951e+03
1.064968193769454956e+03,1.225862151354444450e+03
1.070490222930908203e+03,1.226333196359757494e+03
1.075999834060668945e+03,1.225959611522854402e+03
1.081501657247543335e+03,1.226128330581819910e+03
1.087028383970260620e+03,1.226322869454438205e+03
1.092486336469650269e+03,1.226274377333301118e+03
1.098060216188430786e+03,1.226242185277893213e+03
1.103733201026916504e+03,1.226179808034872167e+03
1.109093874931335449e+03,1.226416745838015459e+03
1.120940192461013794e+03,1.226082527696067473e+03
1.126511217594146729e+03,1.226211512220003215e+03
1.132115796089172363e+03,1.226108509015591153e+03
1.137564740180969238e+03,1.226025338028317947e+03
1.143099001169204712e+03,1.225886325764569392e+03
1.148491918087005615e+03,1.225885130716472304e+03
1.154192236185073853e+03,1.225837053982163070e+03
1.159588803052902222e+03,1.225532156411199594e+03
1.165197546958923340e+03,1.225596423549201518e+03
1.170738733053207397e+03,1.225184070189978684e+03
1.183130217552185059e+03,1.224898545391083644e+03
1.188666712999343872e+03,1.224308734393077202e+03
1.194134696245193481e+03,1.224030851702155587e+03
1.199719473838806152e+03,1.223787961763420753e+03
1.206458196640014648e+03,1.223146889976792181e+03
1.212034097194671631e+03,1.222745475833884029e+03
1.217561603784561157e+03,1.222728781942887053e+03
1.223078607320785522e+03,1.222676988852767408e+03
1.228529790878295898e+03,1.222293326123749694e+03
1.234170001029968262e+03,1.221768071014289035e+03
1.246894058227539062e+03,1.220948362432797694e+03
1.252371073484420776e+03,1.220669004995626210e+03
1.257940388917922974e+03,1.220525583348819055e+03
1.263375203371047974e+03,1.220212136717121439e+03
1.268898715496063232e+03,1.219973491352297515e+03
1.274490711688995361e+03,1.219429166310161463e+03
1.280035741329193115e+03,1.219347714630232758e+03
1.285482145547866821e+03,1.219287718505509247e+03
1.291060322046279907e+03,1.218992963419031412e+03
1.296509847402572632e+03,1.219015679974395425e+03
1.309756638288497925e+03,1.218359767535429910e+03
1.315232067584991455e+03,1.218200125283186026e+03
1.320764756202697754e+03,1.217687939658918140e+03
1.326314679145812988e+03,1.217761825910055904e+03
1.331892438173294067e+03,1.217544995039972946e+03
1.337300217151641846e+03,1.217476310729744228e+03
1.342790646076202393e+03,1.217446690902498176e+03
1.348397322177886963e+03,1.217050802842832354e+03
1.353884747505187988e+03,1.217120837390845281e+03
1.359435052156448364e+03,1.216859139303381653e+03
1.373141734361648560e+03,1.214758118749546838e+03
1.378619552612304688e+03,1.214629147730138584e+03
1.384170212984085083e+03,1.214426229667930102e+03
1.389673513174057007e+03,1.214758689690202345e+03
1.395202990055084229e+03,1.217937501939742788e+03
1.400722451686859131e+03,1.220674609782343168e+03
1.406296230792999268e+03,1.224148747672063791e+03
1.411706087350845337e+03,1.227395573642391582e+03
1.417335728645324707e+03,1.229359671128917398e+03
1.422807341098785400e+03,1.230209155603465433e+03
1.437291218280792236e+03,1.232776136903867382e+03
1.442723345994949341e+03,1.232869703130501875e+03
1.448240016698837280e+03,1.233121079568092000e+03
1.453890255928039551e+03,1.233150449954246369e+03
1.459330223083496094e+03,1.233315122467246283e+03
1.464896289348602295e+03,1.233551094245469585e+03
1.470316737890243530e+03,1.233555165851571473e+03
1.475875584125518799e+03,1.233830765758178359e+03
1.481420223951339722e+03,1.233810292433438690e+03
1.486976960659027100e+03,1.234028775772083009e+03
1.503618871212005615e+03,1.234826118024738889e+03
1.509117131710052490e+03,1.235168290762339893e+03
1.514619476795196533e+03,1.235287995872886768e+03
1.520079296588897705e+03,1.235381276897069029e+03
1.525684123754501343e+03,1.235500522822115499e+03
1.531199035167694092e+03,1.235731926871252199e+03
1.536718618631362915e+03,1.235739770272979285e+03
1.542285631418228149e+03,1.235919195028818422e+03
1.547742774248123169e+03,1.236039272636498708e+03
1.553280557394027710e+03,1.236263115964526150e+03
1.568537737131118774e+03,1.236722500477139647e+03
1.574080061674118042e+03,1.236777089738967334e+03
1.579638370275497437e+03,1.237021848744312138e+03
1.585124745368957520e+03,1.237078987121414912e+03
1.590692817926406860e+03,1.237181664407263270e+03
1.596193656206130981e+03,1.237280559836204020e+03
1.601710212469100952e+03,1.237369719420002866e+03
1.607231222629547119e+03,1.237665663191154863e+03
1.612756712198257446e+03,1.237528189540407084e+03
1.618170086622238159e+03,1.237673772620858244e+03
1.634303978681564331e+03,1.237787242794950544e+03
1.639781221866607666e+03,1.237714569720351619e+03
1.645374210119247437e+03,1.237873232644946256e+03
1.650856485605239868e+03,1.237740562765804725e+03
1.656409828901290894e+03,1.237763641654842786e+03
1.661956908226013184e+03,1.237889918558618547e+03
1.667432392120361328e+03,1.237930902153006627e+03
1.672881623744964600e+03,1.237992898095280452e+03
1.678524710893630981e+03,1.238001190981424998e+03
1.684007342815399170e+03,1.238025729342502245e+03
1.700527029514312744e+03,1.238169162372030542e+03
1.706050225019454956e+03,1.238000495279896086e+03
1.711596438169479370e+03,1.237933217822074766e+03
1.717087800025939941e+03,1.238095360972479739e+03
1.722520231246948242e+03,1.237973754600928714e+03
1.728127327919006348e+03,1.238112815001866693e+03
1.733622064113616943e+03,1.238117556238162479e+03
1.739072536468505859e+03,1.238114340201907908e+03
1.744668162107467651e+03,1.238102499791170203e+03
1.750210237026214600e+03,1.238182389811332314e+03
1.767452240228652954e+03,1.238173858354335607e+03
1.772906491041183472e+03,1.238110827551337934e+03
1.778455559253692627e+03,1.237974614405547982e+03
1.783925949096679688e+03,1.238072931383690275e+03
1.789384755611419678e+03,1.237934771818673880e+03
1.794999191284179688e+03,1.238015595545071164e+03
1.800523566961288452e+03,1.237719614465041786e+03
1.807953873157501221e+03,1.237700721398958876e+03
1.813459240436553955e+03,1.237628408257166939e+03
1.818954774618148804e+03,1.237459157967858573e+03
1.836390180587768555e+03,1.237456666535477552e+03
1.842026320219039917e+03,1.237224630174950562e+03
1.847555734634399414e+03,1.237033180864011683e+03
1.852983150005340576e+03,1.236736101515465407e+03
1.858606575489044189e+03,1.236862068172886893e+03
1.864036277294158936e+03,1.237014825286546284e+03
1.869636564731597900e+03,1.236660745078316722e+03
1.875208110809326172e+03,1.236660257486510318e+03
1.880665734052658081e+03,1.236729506105240262e+03
1.886242891311645508e+03,1.236568885847969341e+03
1.904679993152618408e+03,1.236855507437753431e+03
1.910231219530105591e+03,1.236904663364635098e+03
1.915742991447448730e+03,1.236517559393792681e+03
1.921284740686416626e+03,1.236666194257154302e+03
1.926634770393371582e+03,1.236608456973806142e+03
1.932252610921859741e+03,1.236623311737283984e+03
1.937639596939086914e+03,1.236559312471496696e+03
1.943306573152542114e+03,1.236650540227263491e+03
1.948849416494369507e+03,1.236623148887993011e+03
1.954347967147827148e+03,1.236771148497419517e+03
1.973410647153854370e+03,1.236927629373280524e+03
1.978954191207885742e+03,1.236774625964997313e+03
1.984449846982955933e+03,1.236884545279054009e+03
1.990079816341400146e+03,1.236721469147920743e+03
1.995645890712738037e+03,1.236759271005812252e+03
2.001142780065536499e+03,1.236622999789824007e+03
2.006643106460571289e+03,1.236764542254597245e+03
2.012160061836242676e+03,1.236776902865866077e+03
2.017672224521636963e+03,1.236901349367001558e+03
2.023207891702651978e+03,1.236861947039619054e+03
2.043133305311203003e+03,1.246440586662760779e+03
2.048587384462356567e+03,1.260446861190619984e+03
2.054144756078720093e+03,1.283692223285827822e+03
2.059630771636962891e+03,1.299491528280199873e+03
2.065186445236206055e+03,1.312360562029302400e+03
2.070736727476119995e+03,1.318515460460991562e+03
2.076302462816238403e+03,1.324489011796237264e+03
2.081733439207077026e+03,1.332703359046905462e+03
2.087332944631576538e+03,1.337538600032953582e+03
2.092789697647094727e+03,1.341854385760997957e+03
2.114921921968460083e+03,1.358513756567238943e+03
2.120499297380447388e+03,1.361147409664083398e+03
2.125898666858673096e+03,1.364766730896197487e+03
2.131548602342605591e+03,1.367974834153597840e+03
2.137166292667388916e+03,1.370993821077610392e+03
2.142594029188156128e+03,1.374168478554642434e+03
2.148033489227294922e+03,1.376612994500812874e+03
2.153548163890838623e+03,1.379735719052966260e+03
2.159183142662048340e+03,1.381682912523411460e+03
2.164667969465255737e+03,1.384133961046354443e+03
2.185006275415420532e+03,1.393106514828687295e+03
2.190569821596145630e+03,1.394814156543063064e+03
2.196010130167007446e+03,1.396049672190338242e+03
2.201542686700820923e+03,1.397546883818871947e+03
2.207180265903472900e+03,1.398741645066627143e+03
2.212653423309326172e+03,1.399584509454687122e+03
2.218180650234222412e+03,1.400519299141190686e+03
2.223682218551635742e+03,1.401449955739276902e+03
2.229249918937683105e+03,1.402514012903129014e+03
2.234798267126083374e+03,1.406222148713557999e+03
2.255846956968307495e+03,1.410351264505936797e+03
2.261454218387603760e+03,1.410800182660737619e+03
2.266898792743682861e+03,1.411498574826830691e+03
2.272379361391067505e+03,1.412269209776964544e+03
2.277975412845611572e+03,1.412790897337450588e+03
2.283485186815261841e+03,1.413360963981646137e+03
2.289134375810623169e+03,1.413869632269840167e+03
2.294469338417053223e+03,1.414582556988048736e+03
2.300142367124557495e+03,1.415146501309605583e+03
2.305698937177658081e+03,1.415424418605648043e+03
2.327564744949340820e+03,1.417846060368029384e+03
2.333014141559600830e+03,1.418217841582951905e+03
2.338678655862808228e+03,1.422375931721857569e+03
2.344095351457595825e+03,1.422671789501015155e+03
2.349564043521881104e+03,1.423362442561881380e+03
2.355101222991943359e+03,1.423710668856824441e+03
2.360631219863891602e+03,1.424208388818294907e+03
2.366204201698303223e+03,1.424785958558519724e+03
2.371679067850112915e+03,1.424665092624408089e+03
2.377194750547409058e+03,1.425578022676639193e+03
2.399919108867645264e+03,1.427509025501362657e+03
2.408120223999023438e+03,1.427888774182566067e+03
2.413641986370086670e+03,1.428278088462850747e+03
2.419022133588790894e+03,1.428566819266987977e+03
2.424557283401489258e+03,1.429108637763941715e+03
2.430147201776504517e+03,1.429116832190948799e+03
2.435746046543121338e+03,1.429364226471654547e+03
2.441160121917724609e+03,1.429933793789270794e+03
2.446671878576278687e+03,1.430051634012284694e+03
2.452297101020812988e+03,1.430594443861184118e+03
2.475749969244003296e+03,1.431280907476889070e+03
2.481184716939926147e+03,1.431212789138483686e+03
2.486734388589859009e+03,1.430931682179915242e+03
2.492315409898757935e+03,1.431515662095485141e+03
2.497756603956222534e+03,1.431988127338174763e+03
2.503280226707458496e+03,1.432201989173396896e+03
2.508897464275360107e+03,1.432442948182665987e+03
2.514386935234069824e+03,1.436794030317699253e+03
2.519944685697555542e+03,1.436860510851355457e+03
2.525378991603851318e+03,1.437247795835999796e+03
2.549062337875366211e+03,1.438721876476379975e+03
2.554737162351608276e+03,1.438974212319548087e+03
2.560196098566055298e+03,1.439273924510882807e+03
2.565714735269546509e+03,1.439178907061693963e+03
2.571274657487869263e+03,1.439582967879989610e+03
2.576704475641250610e+03,1.439780785568131478e+03
2.582343484640121460e+03,1.440026518012921770e+03
2.587730240345001221e+03,1.440337059261294826e+03
2.593366419076919556e+03,1.440335547235677041e+03
2.598754762887954712e+03,1.440749404026109460e+03
2.623517571210861206e+03,1.442055060971805915e+03
2.629020191907882690e+03,1.442156321445257845e+03
2.634533679008483887e+03,1.442454855721580316e+03
2.639940505504608154e+03,1.442341697777082345e+03
2.645577870368957520e+03,1.442678963572382372e+03
2.651080243587493896e+03,1.442792416957617206e+03
2.656683176517486572e+03,1.442898263185910082e+03
2.662160349369049072e+03,1.443085111921290490e+03
2.667557103157043457e+03,1.442987153974563398e+03
2.673173739194869995e+03,1.443421830135673417e+03
2.699299281835556030e+03,1.444034488008894641e+03
2.708053775548934937e+03,1.444010830531026158e+03
2.713653516292572021e+03,1.444009997889984334e+03
2.719209397077560425e+03,1.444161841997430201e+03
2.724711768150329590e+03,1.443986893587049735e+03
2.730146787881851196e+03,1.444149469681011396e+03
2.735700300216674805e+03,1.443987830403088083e+03
2.741223848342895508e+03,1.443978666055547137e+03
2.746744746208190918e+03,1.444013213124086178e+03
2.752324736356735229e+03,1.443753488434728752e+03
2.778104202508926392e+03,1.443774336137053297e+03
2.783623365879058838e+03,1.443525826841033449e+03
2.789133734703063965e+03,1.443136197474413166e+03
2.794735126495361328e+03,1.442753356811566618e+03
2.800259535789489746e+03,1.442505233479957269e+03
2.805657837390899658e+03,1.442256661037273034e+03
2.811329922199249268e+03,1.442218038644028638e+03
2.816830214738845825e+03,1.441744607161927661e+03
2.822226351976394653e+03,1.442037780939637742e+03
