7.423230000000001746e+04
5.111420000000001164e+04
4.136730000000001019e+04
4.530540000000002328e+04
5.607859999999998399e+04
9.587220000000001164e+04
1.668358000000000175e+05
2.465551000000000058e+05
2.789980999999999185e+05
2.042706999999999243e+05
9.141349999999998545e+04
4.165579999999997381e+04
3.624660000000000582e+04
3.602189999999997963e+04
5.224959999999997672e+04
7.669179999999998836e+04
1.224663999999999942e+05
2.022767999999999593e+05
2.397026000000000640e+05
1.633373000000000466e+05
6.555600000000001455e+04
3.362659999999999854e+04
3.036910000000000218e+04
2.908830000000000291e+04
4.116710000000002037e+04
7.984629999999998836e+04
1.818823999999999069e+05
3.023020000000000582e+05
2.983197000000001281e+05
1.689738999999999651e+05
6.952580000000001746e+04
4.883400000000000000e+04
4.038769999999998254e+04
3.906709999999999127e+04
7.513580000000001746e+04
1.459379999999999709e+05
2.843561999999998952e+05
4.132143000000002212e+05
3.476585000000000582e+05
1.602162000000000407e+05
6.776119999999999709e+04
5.317569999999998981e+04
4.440270000000000437e+04
6.091900000000000000e+04
9.953720000000001164e+04
1.856906000000000058e+05
3.021493000000000466e+05
3.032584999999999418e+05
1.614766000000000058e+05
5.799600000000000000e+04
3.475750000000000000e+04
3.925000000000000728e+04
5.283149999999998545e+04
7.539680000000000291e+04
1.425395000000000000e+05
2.519873000000000175e+05
2.822990999999999185e+05
1.873540000000000291e+05
8.426520000000004075e+04
3.867219999999999709e+04
3.016229999999999200e+04
2.795129999999999927e+04
3.311169999999998981e+04
5.960329999999998836e+04
1.244976999999999971e+05
1.983531000000000931e+05
1.964867000000000116e+05
1.164683000000000320e+05
5.138430000000002474e+04
2.918069999999999709e+04
2.407810000000000218e+04
3.434119999999999709e+04
5.290650000000000000e+04
1.000015999999999622e+05
1.780776999999999534e+05
1.842882000000000116e+05
1.045634000000000378e+05
5.597710000000001310e+04
4.600509999999998399e+04
3.353719999999998981e+04
4.143509999999999854e+04
4.816750000000002183e+04
4.536800000000000000e+04
7.343550000000002910e+04
1.068356000000000495e+05
1.672772999999999302e+05
2.803368000000001048e+05
2.818670000000001164e+05
1.501864000000000233e+05
7.057579999999995925e+04
5.822270000000000437e+04
4.976539999999998690e+04
9.814180000000000291e+04
1.976405000000000000e+05
3.045709999999999418e+05
3.362855000000001164e+05
2.114405000000000000e+05
8.182379999999997381e+04
5.272970000000001892e+04
4.093900000000000728e+04
4.438799999999997817e+04
7.448480000000003201e+04
1.355041999999999825e+05
2.973300000000001164e+05
4.302228000000001048e+05
3.335775999999999185e+05
1.446538999999999360e+05
5.287339999999999418e+04
3.897989999999999418e+04
3.541619999999998981e+04
5.064480000000000291e+04
8.876429999999997381e+04
1.642912000000000990e+05
2.669470999999999767e+05
2.889227999999999884e+05
1.747127999999999593e+05
6.639059999999999127e+04
4.204930000000001019e+04
3.669100000000000728e+04
3.124709999999999854e+04
4.988130000000001746e+04
1.142721000000000786e+05
2.302815000000000000e+05
2.805939000000000233e+05
2.033509999999999709e+05
1.069961000000000204e+05
5.227829999999999563e+04
3.153880000000000291e+04
3.440590000000000873e+04
4.634929999999998108e+04
8.629010000000003492e+04
1.571624000000000233e+05
1.938897000000000116e+05
1.763752000000000116e+05
1.242062999999999884e+05
6.519020000000001892e+04
3.299270000000000437e+04
3.322370000000000437e+04
4.115469999999998981e+04
5.440500000000000000e+04
1.053394000000000233e+05
1.790172999999999884e+05
1.988904000000001106e+05
1.439745000000000000e+05
8.744030000000000291e+04
5.169979999999998836e+04
3.273360000000000582e+04
3.381979999999998836e+04
3.438419999999999709e+04
5.515099999999997817e+04
1.246388000000000320e+05
2.017880999999999185e+05
2.160824000000000233e+05
1.490586000000000349e+05
6.560360000000000582e+04
3.482850000000000000e+04
3.063240000000000146e+04
3.104060000000000218e+04
5.539009999999998399e+04
1.149251999999999680e+05
2.365510999999999767e+05
3.584410999999998603e+05
3.268195000000000000e+05
1.710129000000001397e+05
6.399750000000000728e+04
4.497559999999998399e+04
4.342609999999999127e+04
4.856140000000000146e+04
8.548369999999998254e+04
1.490343999999999942e+05
2.193886000000000058e+05
2.336699000000000524e+05
1.574618000000000175e+05
7.089859999999997672e+04
3.566139999999997963e+04
3.026640000000000146e+04
3.070820000000000437e+04
3.150170000000000073e+04
4.802819999999998981e+04
9.315869999999999709e+04
1.693421999999999534e+05
2.595592999999999302e+05
2.830882000000000698e+05
1.864929999999999418e+05
7.631119999999999709e+04
4.029060000000000582e+04
3.612030000000000291e+04
4.896099999999997817e+04
9.637750000000001455e+04
1.351862999999999010e+05
1.269171000000000058e+05
1.017173000000000029e+05
8.067080000000000291e+04
5.416080000000001019e+04
3.879570000000001892e+04
4.159400000000001455e+04
4.548799999999999272e+04
8.164189999999999418e+04
1.490886999999999825e+05
1.743330000000000000e+05
1.540166000000000349e+05
1.237489999999999709e+05
8.128829999999998836e+04
4.100079999999999563e+04
3.237229999999999563e+04
4.422630000000001019e+04
5.062469999999999709e+04
8.690059999999999127e+04
1.344277000000000407e+05
1.247047000000000553e+05
9.846989999999997963e+04
9.006330000000000291e+04
5.884840000000003056e+04
3.506420000000001892e+04
3.672159999999999127e+04
3.870849999999999272e+04
6.252649999999997817e+04
1.469498999999999651e+05
3.021558999999997905e+05
4.123687999999998719e+05
3.264370000000001164e+05
1.450712000000000407e+05
5.913469999999998254e+04
4.597980000000001019e+04
3.206840000000000873e+04
4.425280000000000291e+04
8.677160000000004948e+04
2.101586999999998952e+05
3.984254999999999418e+05
4.228405000000000000e+05
2.368484999999999709e+05
8.696589999999999418e+04
5.395930000000001746e+04
4.397050000000000000e+04
4.431780000000000291e+04
7.461829999999997381e+04
1.444385000000000000e+05
2.926107000000000116e+05
4.131688999999999069e+05
3.280454000000000815e+05
1.423163000000000757e+05
5.681889999999998690e+04
4.404900000000001455e+04
3.564849999999999272e+04
4.074880000000000291e+04
6.242089999999997235e+04
1.117272000000000116e+05
1.932956000000000349e+05
2.435778000000000466e+05
1.764397999999999302e+05
7.425900000000002910e+04
4.391489999999998690e+04
3.967850000000000000e+04
3.805569999999998254e+04
5.795799999999997817e+04
1.261461999999999825e+05
2.384519999999999709e+05
2.967899000000001397e+05
2.445946999999999534e+05
1.396751000000000349e+05
5.844559999999999854e+04
4.573300000000002183e+04
4.583029999999997381e+04
4.916169999999999709e+04
8.599289999999999418e+04
1.638401999999999825e+05
2.312592000000000407e+05
1.998275999999998603e+05
1.208923000000000175e+05
6.477719999999999709e+04
3.404990000000000146e+04
3.725000000000000000e+04
4.262380000000001019e+04
3.659399999999999272e+04
5.664489999999999418e+04
9.778289999999997963e+04
1.456025000000000582e+05
2.174711999999999534e+05
2.507695000000000291e+05
1.677935000000000000e+05
7.965460000000004948e+04
7.405089999999996508e+04
6.463589999999999418e+04
7.141259999999999127e+04
1.367095000000000582e+05
2.421465000000000000e+05
3.612933000000001630e+05
3.085397999999999884e+05
1.316275000000000000e+05
5.484320000000001164e+04
4.210199999999999272e+04
4.605520000000001164e+04
6.253000000000000728e+04
1.173780999999999331e+05
2.470931000000000058e+05
4.059551000000000349e+05
4.444332999999999302e+05
2.656873000000000466e+05
9.599539999999999418e+04
7.286640000000000873e+04
6.059100000000000000e+04
5.673990000000000146e+04
7.555529999999998836e+04
1.550562999999999593e+05
2.858963999999999651e+05
3.193158999999999069e+05
2.551046999999999243e+05
1.342632000000000116e+05
5.743750000000000000e+04
4.670819999999999709e+04
4.199710000000000582e+04
5.439110000000000582e+04
8.995230000000001746e+04
1.767692000000000990e+05
2.420221000000000349e+05
2.215409999999999709e+05
1.758165999999999185e+05
9.183850000000002910e+04
4.252670000000001892e+04
4.222150000000000000e+04
3.959810000000001310e+04
5.058360000000001310e+04
8.453329999999998836e+04
1.361626000000000349e+05
1.336337999999999884e+05
9.859870000000001164e+04
8.486050000000001455e+04
5.439970000000000437e+04
3.625519999999998981e+04
3.713159999999999854e+04
3.856910000000000582e+04
5.866179999999999563e+04
1.000862999999999884e+05
1.444040000000000000e+05
1.310965000000000000e+05
1.203633000000000029e+05
1.075172000000000262e+05
6.007470000000001164e+04
5.175070000000000437e+04
4.866870000000000437e+04
6.746859999999997672e+04
1.257484000000000087e+05
2.761740000000000582e+05
4.969360999999999767e+05
4.968586000000000931e+05
2.623010999999999767e+05
9.415389999999997963e+04
6.157789999999999418e+04
4.690780000000000291e+04
4.224369999999999709e+04
7.960789999999999418e+04
1.708050000000000291e+05
3.790306999999999534e+05
5.228561999999999534e+05
4.056242999999999884e+05
1.821081999999999243e+05
7.274629999999997381e+04
6.036470000000001164e+04
4.607250000000000000e+04
5.978379999999998836e+04
1.170065999999999622e+05
2.372217999999999302e+05
3.639023999999999651e+05
3.159177999999998137e+05
1.659044999999999418e+05
6.955880000000001746e+04
4.228009999999999127e+04
4.182889999999999418e+04
3.483880000000002474e+04
5.239340000000000873e+04
7.032400000000000000e+04
9.720930000000004657e+04
1.861350000000000291e+05
3.427693000000001048e+05
3.703398000000001048e+05
1.962973000000000175e+05
8.560789999999997963e+04
6.026829999999998108e+04
5.011579999999995925e+04
8.193309999999999127e+04
1.399473999999999942e+05
2.085735999999999476e+05
2.029015999999999767e+05
1.812880000000000582e+05
1.544201000000000931e+05
8.431689999999999418e+04
6.344580000000000291e+04
5.387740000000000146e+04
7.103280000000000291e+04
1.098180999999999622e+05
2.024122000000000116e+05
2.566401000000000931e+05
1.896372000000000698e+05
1.514032000000000407e+05
9.660050000000004366e+04
6.012199999999998545e+04
6.073959999999999854e+04
5.575480000000001019e+04
7.970119999999998254e+04
1.109282000000000116e+05
1.604301000000000058e+05
1.650891000000000640e+05
1.796252000000000407e+05
1.670730999999999767e+05
9.601900000000000000e+04
8.544280000000003201e+04
6.395769999999999709e+04
7.260200000000000000e+04
9.203600000000001455e+04
1.443335000000000291e+05
2.169846000000000058e+05
1.650862000000000698e+05
1.486278999999999942e+05
1.249675000000000728e+05
8.435490000000000873e+04
8.442160000000000582e+04
6.933090000000000873e+04
9.985860000000000582e+04
1.278396000000000058e+05
2.130551000000000349e+05
2.124426999999999534e+05
1.448054999999999709e+05
1.616907999999999884e+05
1.108270999999999767e+05
8.983620000000004075e+04
7.740340000000002328e+04
6.584019999999999709e+04
7.222630000000003201e+04
8.697730000000001746e+04
1.329961000000000058e+05
1.136005000000000000e+05
1.922541999999999243e+05
2.150938999999999360e+05
1.163574999999999418e+05
9.271709999999994761e+04
6.999810000000000582e+04
7.849700000000002910e+04
7.767090000000002328e+04
1.025458999999999651e+05
1.141941999999999971e+05
1.380585999999999185e+05
2.523920000000000582e+05
2.105027000000000116e+05
1.182708999999999796e+05
7.930559999999999127e+04
5.694790000000002328e+04
6.595949999999998545e+04
6.081430000000000291e+04
8.878980000000006112e+04
9.362210000000002037e+04
1.789818999999999942e+05
2.312234000000000524e+05
1.453668999999999651e+05
1.087839999999999854e+05
7.301080000000001746e+04
5.947790000000002328e+04
5.681250000000002183e+04
4.863600000000000000e+04
7.215419999999999709e+04
1.718465999999999767e+05
2.611872000000000116e+05
2.201063000000000466e+05
1.553966000000000058e+05
1.104072000000000262e+05
7.678319999999999709e+04
8.693889999999995052e+04
1.957521999999999825e+05
2.883336999999999534e+05
2.380499999999999418e+05
1.623642999999999884e+05
1.103749000000000233e+05
6.110590000000000146e+04
3.996030000000000291e+04
4.011360000000001310e+04
4.917659999999999127e+04
8.717740000000005239e+04
1.751880999999999767e+05
2.423200000000000000e+05
2.075236000000000349e+05
1.791040000000000000e+05
1.320224000000000233e+05
7.980430000000004657e+04
8.111919999999999709e+04
6.736139999999997963e+04
7.728950000000000000e+04
1.034870000000000000e+05
1.612819999999999709e+05
1.664266000000000058e+05
1.407489999999999418e+05
1.651919000000000524e+05
1.140101999999999971e+05
7.991859999999997672e+04
6.721110000000002037e+04
5.369779999999998836e+04
6.091569999999999709e+04
7.012210000000000582e+04
1.092719999999999563e+05
1.073130000000000000e+05
1.861439000000000233e+05
2.127457999999999010e+05
1.245479999999999418e+05
1.014706000000000058e+05
7.177469999999998254e+04
6.904759999999999127e+04
6.659050000000000000e+04
9.752050000000002910e+04
1.074385000000000437e+05
1.448065000000000582e+05
2.490382999999999884e+05
1.955007000000000116e+05
1.314296999999999825e+05
9.591140000000000873e+04
6.468469999999997526e+04
6.017920000000001164e+04
5.477069999999998981e+04
7.151640000000000873e+04
8.487970000000005530e+04
1.761839000000000524e+05
2.118093000000000466e+05
1.362422999999999884e+05
9.841310000000002037e+04
6.777069999999998254e+04
5.636889999999999418e+04
5.214640000000002328e+04
5.461909999999999854e+04
8.380569999999998254e+04
1.804821000000000058e+05
3.140358999999999651e+05
2.650450000000000582e+05
1.625838000000000175e+05
1.155339000000000524e+05
7.699200000000000000e+04
8.435889999999997963e+04
7.995489999999999418e+04
1.124272999999999302e+05
1.111939999999999854e+05
1.650832000000000407e+05
2.375373000000000175e+05
1.558202000000000407e+05
1.150186000000000495e+05
8.577330000000003201e+04
7.155249999999998545e+04
7.891329999999998836e+04
1.235455999999999767e+05
1.746958000000000175e+05
1.488859999999999709e+05
2.187345999999998603e+05
1.961371999999999825e+05
1.106185999999999767e+05
8.690909999999999127e+04
6.148859999999999854e+04
6.590870000000001164e+04
7.807960000000003492e+04
1.057574000000000087e+05
8.871459999999999127e+04
1.312346999999999534e+05
1.740955999999999185e+05
1.172329999999999709e+05
7.053380000000001746e+04
5.172310000000000582e+04
4.358519999999998254e+04
7.048079999999997381e+04
1.617472999999999884e+05
2.259109000000000815e+05
1.871814999999999709e+05
1.301982999999999884e+05
8.273879999999995925e+04
4.568029999999999563e+04
3.960689999999998690e+04
4.167109999999999854e+04
3.387050000000000728e+04
3.130700000000000728e+04
4.647190000000002328e+04
7.639900000000001455e+04
1.662150000000000000e+05
2.475028999999999360e+05
1.863027999999999884e+05
1.221240000000000000e+05
9.046340000000003783e+04
6.472469999999998981e+04
5.964570000000001164e+04
4.673559999999999127e+04
5.926000000000002183e+04
1.336166000000000349e+05
2.691537000000000698e+05
2.543990000000000291e+05
1.588134000000000815e+05
1.078583999999999651e+05
6.505670000000001892e+04
5.095850000000001455e+04
4.297659999999998399e+04
4.379439999999999418e+04
9.465010000000002037e+04
2.318637000000000116e+05
3.446609000000000233e+05
2.570361000000000931e+05
1.440857999999999593e+05
1.027582000000000407e+05
6.353959999999999854e+04
7.184000000000001455e+04
1.112355000000000291e+05
2.093967000000000116e+05
2.037359999999999709e+05
1.302669999999999854e+05
1.011793000000000175e+05
6.144190000000001601e+04
5.662530000000001019e+04
5.380040000000000873e+04
5.827079999999998836e+04
8.583360000000000582e+04
1.491311000000000058e+05
1.968702999999999593e+05
1.493415000000000291e+05
1.164502999999999884e+05
8.450340000000000873e+04
5.111410000000000582e+04
5.135479999999998836e+04
4.386800000000000000e+04
5.772039999999999418e+04
9.614609999999996217e+04
1.707965999999999476e+05
1.937231000000000349e+05
1.450633000000000175e+05
1.163659000000000233e+05
7.671829999999997381e+04
5.831869999999998981e+04
4.470959999999998399e+04
3.396380000000002474e+04
4.126159999999998399e+04
6.213069999999999709e+04
8.865079999999997381e+04
8.882069999999996799e+04
8.856739999999995052e+04
7.353170000000001164e+04
5.210250000000000728e+04
4.909470000000000437e+04
3.751359999999998399e+04
3.592230000000000291e+04
4.420569999999999709e+04
6.815779999999995925e+04
7.492750000000002910e+04
6.827289999999999418e+04
1.019161000000000058e+05
8.673720000000004075e+04
6.717719999999999709e+04
5.596190000000002328e+04
4.276729999999998836e+04
4.701639999999997963e+04
5.233140000000001601e+04
6.192779999999998108e+04
5.657279999999998836e+04
9.317200000000001455e+04
9.303030000000004657e+04
5.860670000000001892e+04
4.058419999999998254e+04
2.815700000000001091e+04
2.389189999999999782e+04
2.957199999999999636e+04
4.361030000000000291e+04
6.510360000000000582e+04
7.069919999999998254e+04
5.191940000000000146e+04
3.247400000000000364e+04
2.308449999999999636e+04
2.302340000000000509e+04
2.467129999999999563e+04
2.888099999999999272e+04
5.113300000000003638e+04
9.037319999999999709e+04
1.211146000000000349e+05
8.925399999999995634e+04
4.528850000000001455e+04
2.764989999999999418e+04
2.785170000000000800e+04
2.495910000000000218e+04
2.238650000000000000e+04
2.700850000000001091e+04
3.681280000000001019e+04
5.033650000000002183e+04
3.965829999999999563e+04
2.893239999999999418e+04
2.438390000000000509e+04
1.919240000000000873e+04
1.776319999999999709e+04
1.716070000000000073e+04
1.914180000000001019e+04
2.220609999999999854e+04
2.837720000000001164e+04
3.040119999999999709e+04
2.405600000000000728e+04
2.221179999999998108e+04
2.055810000000000218e+04
1.813849999999999636e+04
1.825420000000000073e+04
1.751669999999999709e+04
1.731979999999999927e+04
1.822109999999999854e+04
1.808219999999999709e+04
1.884079999999999563e+04
1.907220000000000073e+04
1.809089999999999782e+04
1.790870000000000073e+04
1.757940000000000509e+04
1.776280000000000291e+04
1.783599999999999636e+04
1.868420000000000073e+04
1.887610000000000218e+04
1.860189999999999418e+04
1.892069999999999345e+04
1.999959999999999854e+04
1.906209999999999491e+04
1.796240000000000146e+04
1.788770000000000073e+04
1.829050000000000364e+04
1.889989999999999782e+04
1.944359999999999491e+04
2.137590000000000509e+04
2.169860000000001673e+04
2.294430000000000291e+04
2.124309999999999127e+04
1.859929999999999563e+04
1.960099999999998909e+04
1.945060000000000582e+04
2.125690000000001237e+04
2.646550000000000000e+04
3.642870000000000437e+04
5.546789999999998690e+04
5.694669999999998981e+04
3.985800000000001455e+04
2.589260000000000946e+04
2.346929999999999927e+04
2.416839999999999418e+04
2.408210000000000218e+04
3.218619999999999709e+04
5.018189999999999418e+04
8.024249999999992724e+04
8.900410000000006403e+04
6.907060000000000582e+04
3.922039999999998690e+04
2.535940000000000509e+04
2.562920000000000073e+04
2.510129999999999927e+04
3.170490000000000509e+04
4.363290000000001601e+04
7.152579999999995925e+04
1.012309999999999854e+05
9.611730000000000291e+04
6.524339999999999418e+04
3.945180000000001019e+04
2.841259999999999127e+04
2.517850000000000728e+04
2.081630000000000655e+04
2.124300000000000000e+04
2.452419999999999709e+04
3.722330000000001746e+04
6.084389999999998690e+04
7.448790000000003783e+04
6.290650000000000000e+04
3.960520000000003347e+04
2.812140000000000146e+04
2.897370000000000437e+04
3.186310000000001310e+04
4.242659999999999127e+04
6.303239999999998690e+04
8.771580000000001746e+04
8.268419999999999709e+04
6.524930000000001746e+04
5.715839999999997235e+04
4.547660000000000582e+04
4.599269999999998981e+04
4.082350000000001455e+04
5.215849999999998545e+04
6.230160000000001310e+04
9.477849999999998545e+04
1.045420000000000000e+05
7.977640000000000873e+04
6.893650000000000000e+04
4.863680000000000291e+04
4.074939999999999418e+04
3.886289999999999418e+04
4.139829999999996653e+04
5.203560000000001310e+04
6.977460000000003492e+04
1.054116000000000349e+05
1.028810000000000000e+05
7.993179999999997381e+04
7.107959999999999127e+04
5.506880000000000291e+04
4.763810000000001310e+04
4.309280000000001746e+04
5.262939999999999418e+04
6.768239999999999418e+04
1.090956000000000204e+05
1.329295999999999767e+05
1.187583000000000029e+05
8.842949999999998545e+04
4.762140000000000873e+04
3.603470000000002619e+04
3.202479999999999200e+04
3.487540000000000146e+04
4.843030000000003201e+04
8.096650000000000000e+04
1.368610999999999476e+05
1.678374999999999709e+05
1.346282000000000116e+05
8.527099999999994179e+04
5.143160000000000582e+04
4.307109999999998399e+04
3.840079999999999563e+04
4.700039999999999418e+04
6.800360000000000582e+04
1.150187000000000407e+05
1.639079000000000233e+05
1.417252000000000698e+05
9.599919999999996799e+04
5.724720000000000437e+04
3.803180000000001746e+04
3.650790000000002328e+04
3.453149999999998545e+04
4.897190000000000146e+04
6.445990000000000146e+04
1.062837000000000553e+05
1.190723000000000466e+05
8.955839999999999418e+04
8.026850000000001455e+04
5.429700000000000000e+04
4.275779999999998108e+04
3.968599999999998545e+04
4.449590000000000873e+04
5.240309999999999127e+04
7.082810000000003492e+04
1.040183999999999796e+05
1.045488000000000320e+05
1.088640000000000146e+05
9.016419999999996799e+04
6.222580000000000291e+04
5.657079999999999563e+04
4.678109999999998399e+04
4.671500000000001455e+04
4.726830000000001019e+04
6.843609999999997672e+04
7.445369999999998254e+04
6.678960000000000582e+04
9.320710000000004948e+04
8.472160000000003492e+04
5.039069999999996799e+04
3.503550000000000728e+04
2.699019999999998618e+04
3.323879999999999563e+04
4.299860000000002037e+04
5.579150000000000728e+04
7.189370000000002619e+04
7.781160000000000582e+04
6.013740000000000146e+04
3.407449999999999272e+04
2.558389999999999054e+04
3.194019999999999709e+04
4.298819999999998981e+04
6.657959999999996217e+04
1.133770000000000000e+05
1.832803999999999942e+05
2.086676999999999534e+05
1.352166000000000058e+05
6.099600000000001455e+04
3.976579999999999563e+04
3.391699999999998545e+04
3.874799999999999272e+04
5.637790000000000146e+04
8.788080000000000291e+04
1.457511000000000349e+05
1.696652000000000698e+05
1.381051000000000640e+05
7.772599999999998545e+04
4.310619999999999709e+04
3.391150000000000000e+04
3.499830000000001019e+04
4.535530000000003201e+04
6.671570000000001164e+04
1.183889999999999709e+05
1.766100999999999767e+05
1.802756000000000640e+05
1.262930999999999913e+05
6.702460000000002037e+04
4.470539999999997963e+04
4.587729999999998836e+04
5.054320000000002619e+04
6.811569999999998254e+04
1.038400000000000000e+05
1.743306000000000640e+05
2.004773999999999942e+05
1.600047999999999884e+05
9.984920000000001164e+04
5.131209999999999854e+04
4.147149999999999272e+04
3.564230000000000291e+04
4.101529999999999563e+04
5.787140000000000146e+04
8.946099999999997090e+04
1.328759000000000815e+05
1.355746000000000058e+05
1.125663000000000320e+05
7.567729999999997381e+04
4.861940000000000873e+04
4.573640000000001601e+04
3.946890000000000146e+04
4.814089999999997963e+04
7.749020000000002619e+04
1.371938999999999069e+05
1.805219999999999709e+05
1.540918999999999651e+05
1.057050000000000000e+05
6.130960000000001310e+04
4.820530000000000291e+04
4.773979999999998108e+04
4.587459999999999854e+04
7.424500000000000000e+04
1.323672000000000407e+05
2.283305000000001164e+05
2.700907000000000698e+05
2.097262999999999593e+05
1.097021000000000349e+05
5.859800000000000000e+04
4.465919999999997526e+04
3.628560000000000582e+04
4.786759999999999127e+04
8.392330000000000291e+04
1.515711999999999243e+05
2.255448999999999360e+05
2.597816000000000931e+05
1.817059999999999418e+05
8.283000000000000000e+04
4.904509999999999854e+04
4.155889999999998690e+04
4.559549999999997817e+04
6.657549999999997090e+04
1.093147999999999738e+05
1.789070000000000582e+05
2.142536000000000058e+05
1.989604000000000524e+05
1.348808999999999942e+05
6.435990000000000146e+04
3.858400000000000728e+04
3.064879999999998836e+04
3.338269999999999709e+04
3.683160000000000582e+04
4.825830000000001019e+04
6.702900000000002910e+04
7.869370000000004075e+04
7.640560000000003492e+04
5.200639999999998690e+04
3.097629999999999563e+04
3.024249999999999636e+04
3.905599999999997817e+04
5.235800000000001455e+04
7.414590000000000873e+04
1.166496999999999680e+05
1.472710999999999476e+05
1.238843999999999796e+05
8.381939999999997963e+04
5.093000000000002183e+04
4.747139999999999418e+04
4.504620000000000437e+04
5.199069999999999709e+04
6.956329999999998836e+04
9.944209999999996217e+04
1.551262999999999884e+05
1.556330000000000291e+05
1.221299000000000524e+05
7.643230000000000291e+04
4.334449999999998545e+04
3.846669999999999709e+04
3.872520000000000437e+04
5.387359999999998399e+04
6.880839999999999418e+04
1.070020999999999913e+05
1.278453000000000175e+05
1.079650000000000146e+05
9.400109999999999127e+04
6.459389999999998690e+04
4.307360000000002037e+04
3.379450000000000000e+04
3.531409999999997672e+04
4.696630000000001019e+04
7.589410000000003492e+04
1.469335999999999767e+05
2.238803999999999651e+05
2.415383999999998487e+05
1.662658000000000175e+05
9.162300000000001455e+04
5.532830000000001019e+04
3.770500000000000000e+04
3.917669999999999709e+04
6.025560000000000582e+04
1.075690000000000000e+05
2.008472999999999010e+05
3.169850000000002328e+05
2.943984000000000815e+05
1.643223999999999069e+05
8.540809999999999127e+04
4.848830000000000291e+04
4.147529999999998108e+04
4.967230000000000291e+04
8.107410000000003492e+04
1.440751999999999534e+05
2.392369000000001106e+05
2.864007999999998719e+05
1.949005000000000582e+05
1.037169000000000524e+05
6.227910000000000582e+04
4.004070000000000437e+04
4.069059999999999854e+04
5.883129999999998108e+04
1.047055000000000000e+05
1.702181999999999534e+05
2.383156999999999825e+05
2.167511999999999243e+05
1.208227000000000116e+05
6.760949999999998545e+04
4.695400000000000000e+04
3.832459999999999854e+04
5.505430000000001019e+04
9.747659999999997672e+04
1.693493999999999651e+05
2.527343000000000757e+05
2.735857000000001281e+05
1.821299000000000524e+05
8.777589999999995052e+04
6.031249999999999272e+04
4.736040000000001601e+04
5.415329999999997381e+04
7.605759999999997672e+04
1.166026999999999680e+05
1.669882999999999302e+05
1.869599999999999418e+05
1.602953000000000175e+05
9.666719999999996799e+04
5.120040000000000146e+04
3.501449999999998545e+04
2.763669999999999709e+04
2.998790000000000509e+04
3.296349999999998545e+04
3.688559999999998399e+04
4.643759999999998399e+04
6.433010000000000582e+04
8.840249999999998545e+04
7.485410000000000582e+04
4.078050000000000728e+04
3.201550000000000000e+04
3.748600000000002910e+04
6.499850000000000000e+04
1.156031999999999534e+05
1.838008999999999360e+05
2.743468000000001630e+05
2.962222000000000698e+05
1.834330000000000291e+05
8.667160000000000582e+04
5.753939999999997235e+04
4.294549999999999272e+04
4.979699999999997817e+04
7.659820000000001164e+04
1.266450999999999913e+05
1.952692999999999302e+05
2.500045999999999476e+05
2.225339999999999418e+05
1.272338999999999796e+05
7.256480000000000291e+04
4.971090000000000146e+04
4.275639999999998690e+04
6.198109999999996217e+04
1.009380999999999913e+05
1.621593999999999942e+05
2.132128999999999651e+05
2.204502000000000116e+05
1.496406999999999825e+05
7.496700000000000000e+04
5.068169999999997526e+04
4.104360000000000582e+04
4.988009999999999127e+04
7.100419999999999709e+04
1.103439999999999854e+05
1.626622000000000407e+05
1.788381999999999825e+05
1.499067000000000407e+05
9.164869999999996799e+04
5.190209999999999127e+04
4.807500000000000000e+04
4.482089999999999418e+04
5.629509999999998399e+04
8.105990000000000873e+04
1.227951000000000931e+05
1.626572999999999593e+05
1.615755999999998894e+05
1.163797999999999738e+05
6.407550000000000000e+04
4.778140000000002328e+04
4.472260000000001310e+04
4.280520000000002619e+04
6.007140000000002328e+04
8.010830000000000291e+04
1.246958999999999942e+05
1.422183999999999651e+05
1.182092999999999738e+05
9.011960000000007858e+04
5.744759999999998399e+04
4.680189999999998690e+04
4.312450000000000728e+04
4.862989999999997963e+04
6.796859999999999127e+04
9.949300000000002910e+04
1.603098000000000757e+05
2.254697999999999884e+05
2.171808000000000757e+05
1.280425999999999767e+05
6.726969999999999709e+04
4.647389999999999418e+04
3.924260000000000582e+04
4.947739999999998690e+04
8.341579999999998836e+04
1.385339000000000815e+05
2.077447999999999884e+05
2.513675000000000000e+05
1.880713000000000466e+05
1.025847000000000116e+05
6.533070000000001892e+04
4.718850000000000728e+04
4.767490000000000146e+04
6.280459999999998399e+04
1.086712999999999884e+05
1.633906999999999825e+05
1.976059999999998836e+05
1.782387999999999010e+05
1.042172999999999738e+05
5.363169999999999709e+04
3.629730000000000291e+04
2.721680000000000291e+04
2.526720000000001164e+04
2.451889999999999418e+04
2.995890000000001601e+04
4.153470000000001164e+04
6.182909999999999854e+04
7.792180000000000291e+04
6.092250000000001455e+04
3.945679999999999563e+04
3.572200000000000728e+04
3.483629999999998836e+04
5.068440000000003783e+04
9.388900000000005821e+04
1.530741999999999534e+05
1.782586999999999534e+05
1.596293999999999360e+05
1.000222000000000262e+05
5.460660000000002037e+04
4.930410000000004220e+04
4.014100000000000000e+04
5.038520000000001164e+04
7.595150000000000000e+04
1.198082000000000116e+05
1.528431999999998952e+05
1.460883999999999942e+05
1.064139999999999854e+05
6.136539999999997963e+04
4.926570000000001164e+04
4.283590000000000873e+04
3.162829999999999927e+04
4.052760000000000582e+04
6.641030000000001746e+04
1.034993000000000029e+05
1.163789999999999563e+05
1.083909000000000233e+05
8.369369999999999709e+04
4.986050000000004366e+04
4.049820000000001892e+04
3.487429999999999563e+04
3.959349999999999272e+04
6.321979999999998836e+04
1.143638999999999942e+05
1.758346999999998952e+05
2.020793999999999651e+05
1.692681999999999825e+05
9.805410000000004948e+04
6.024450000000000728e+04
4.424809999999999854e+04
3.571510000000000582e+04
4.821539999999999418e+04
8.779090000000003783e+04
1.461715999999999185e+05
1.943574999999999418e+05
1.996226999999999534e+05
1.323867000000000698e+05
6.776369999999999709e+04
4.789970000000001164e+04
3.718850000000000000e+04
3.844409999999998399e+04
5.770979999999998108e+04
1.002258000000000466e+05
1.482988000000000466e+05
1.565707999999999593e+05
1.210825999999999331e+05
6.998529999999997381e+04
4.929050000000000728e+04
4.206950000000000000e+04
3.211280000000000291e+04
3.932139999999999418e+04
6.366369999999999709e+04
1.053412999999999884e+05
1.255528999999999942e+05
1.152456999999999825e+05
8.796839999999999418e+04
5.041269999999999709e+04
3.651819999999999709e+04
3.381600000000000728e+04
3.206850000000000364e+04
4.279659999999996944e+04
6.743930000000000291e+04
9.009769999999998254e+04
1.007611999999999825e+05
1.067908999999999360e+05
9.008419999999998254e+04
6.505200000000000000e+04
5.588679999999999563e+04
4.195179999999999563e+04
3.808929999999998836e+04
4.684770000000000437e+04
6.263169999999999709e+04
6.342249999999998545e+04
6.183479999999998108e+04
8.361440000000000873e+04
7.938080000000000291e+04
5.109880000000001019e+04
3.193110000000000218e+04
2.439629999999999563e+04
2.502249999999999272e+04
3.178240000000000509e+04
4.397379999999999563e+04
6.101009999999999854e+04
7.233909999999999127e+04
6.367750000000003638e+04
4.162509999999998399e+04
2.700129999999998472e+04
2.976270000000000073e+04
4.405749999999999272e+04
7.210569999999999709e+04
1.174369999999999854e+05
1.818467999999999884e+05
2.315996999999999825e+05
1.768539999999999709e+05
8.913910000000003492e+04
5.689819999999998981e+04
4.309489999999999418e+04
4.036959999999999127e+04
5.390460000000002037e+04
8.109980000000000291e+04
1.201957000000000116e+05
1.541787999999999884e+05
1.473439000000000233e+05
1.054730000000000000e+05
6.127209999999999854e+04
4.269349999999999272e+04
3.555019999999999709e+04
3.758339999999998690e+04
5.487039999999998690e+04
8.531859999999997672e+04
1.246611000000000349e+05
1.405787000000000116e+05
1.152991000000000349e+05
6.540239999999999418e+04
4.315690000000000146e+04
3.796490000000000873e+04
3.794060000000000582e+04
4.859159999999999127e+04
6.646920000000002619e+04
9.685810000000000582e+04
1.156492999999999884e+05
1.072596999999999534e+05
8.184469999999998254e+04
5.554040000000002328e+04
4.229150000000002910e+04
3.651980000000000291e+04
3.353990000000000146e+04
3.893379999999998108e+04
4.975869999999999709e+04
6.823169999999998254e+04
8.322139999999996508e+04
1.121683000000000175e+05
1.231970999999999913e+05
7.987619999999990978e+04
4.804519999999998981e+04
3.866990000000000873e+04
4.103759999999999854e+04
4.930279999999998108e+04
6.779400000000001455e+04
8.905360000000000582e+04
9.144959999999999127e+04
8.674110000000000582e+04
6.247959999999998399e+04
3.990640000000000146e+04
3.242200000000000364e+04
3.439979999999998836e+04
4.064080000000002474e+04
4.890270000000000437e+04
6.881210000000002037e+04
8.234070000000005530e+04
7.688029999999997381e+04
5.634280000000001746e+04
3.546640000000000873e+04
2.996420000000000073e+04
3.451939999999999418e+04
4.253690000000002328e+04
6.526309999999996944e+04
1.066730999999999767e+05
1.542249000000001106e+05
1.718464999999999418e+05
1.295654000000000087e+05
7.354639999999999418e+04
5.024629999999999563e+04
4.727260000000000582e+04
4.722330000000000291e+04
5.860459999999999127e+04
8.587700000000001455e+04
1.209385000000000146e+05
1.267469999999999709e+05
1.035639000000000087e+05
7.998329999999997381e+04
5.575300000000001455e+04
3.687489999999999418e+04
2.620059999999999491e+04
2.012079999999999927e+04
1.883050000000000364e+04
2.341260000000000218e+04
3.655310000000000582e+04
5.450930000000000291e+04
6.471549999999999272e+04
5.396490000000000873e+04
3.517150000000000000e+04
2.792189999999999782e+04
3.151999999999998909e+04
4.389899999999996362e+04
6.442209999999999127e+04
8.579769999999998254e+04
9.567589999999997963e+04
8.891589999999993597e+04
7.004719999999998254e+04
5.218990000000001601e+04
4.476839999999997963e+04
4.151620000000000437e+04
4.372609999999997672e+04
5.862769999999998254e+04
7.447960000000002037e+04
9.748919999999999709e+04
1.054290999999999913e+05
8.885369999999996799e+04
6.655430000000001746e+04
5.010750000000001455e+04
4.148450000000000728e+04
3.678470000000000437e+04
3.947749999999997817e+04
5.018879999999998836e+04
6.913240000000005239e+04
9.046240000000005239e+04
9.806279999999994470e+04
8.966840000000003783e+04
6.667380000000000291e+04
4.208020000000000437e+04
3.798190000000000146e+04
4.025320000000001892e+04
4.935729999999997381e+04
6.938750000000000000e+04
1.015667999999999884e+05
1.374523999999999651e+05
1.377566999999999534e+05
9.607669999999999709e+04
5.584859999999999854e+04
3.943930000000001019e+04
3.314830000000000291e+04
3.877470000000000437e+04
5.581800000000002183e+04
8.889859999999997672e+04
1.366819999999999709e+05
1.740415999999999767e+05
1.529497000000000990e+05
8.932319999999999709e+04
5.363189999999997963e+04
4.295380000000002474e+04
4.036789999999998690e+04
5.221649999999999272e+04
8.059019999999999709e+04
1.184406999999999534e+05
1.499609000000000524e+05
1.492247999999999593e+05
9.736900000000000000e+04
4.998069999999996799e+04
3.704740000000000146e+04
3.498900000000000000e+04
4.282229999999999563e+04
6.051979999999999563e+04
8.449430000000001746e+04
1.174529000000000233e+05
1.330505999999999767e+05
1.081733000000000320e+05
6.600819999999999709e+04
4.047649999999997817e+04
3.584120000000000437e+04
3.428400000000002183e+04
3.963200000000000000e+04
5.785759999999999127e+04
8.611810000000000582e+04
9.454370000000001164e+04
8.405279999999995925e+04
8.432479999999998836e+04
6.795119999999998254e+04
5.184960000000002037e+04
4.264330000000001746e+04
4.221589999999998690e+04
5.971859999999999854e+04
8.337429999999998836e+04
1.108376000000000204e+05
1.097699999999999563e+05
9.152080000000003201e+04
7.054000000000000000e+04
4.781440000000001601e+04
3.367409999999999854e+04
2.601699999999999636e+04
2.162729999999999200e+04
2.003479999999999563e+04
2.135949999999999272e+04
3.258800000000001091e+04
6.063619999999998981e+04
7.960840000000002328e+04
6.323860000000002037e+04
3.668290000000000873e+04
2.937130000000001019e+04
3.824950000000002183e+04
5.031979999999999563e+04
7.553829999999998836e+04
1.111626000000000058e+05
1.426601000000000349e+05
1.368469000000000524e+05
8.742969999999999709e+04
5.444970000000001164e+04
4.442460000000000582e+04
3.983730000000001746e+04
4.760649999999999272e+04
6.030140000000000873e+04
8.356320000000002619e+04
1.063956000000000495e+05
1.144871000000000058e+05
9.510240000000002328e+04
6.041720000000001164e+04
4.662530000000001019e+04
4.282719999999998981e+04
4.370060000000000582e+04
5.491379999999998836e+04
7.950280000000000291e+04
1.084401000000000204e+05
1.279970999999999622e+05
1.200774000000000087e+05
8.223810000000000582e+04
5.262440000000003056e+04
4.336250000000002183e+04
3.763050000000000000e+04
4.156569999999998981e+04
6.047639999999997235e+04
8.069469999999998254e+04
1.004426000000000349e+05
1.026327999999999593e+05
7.657110000000002037e+04
4.936599999999996362e+04
4.173770000000001164e+04
4.259250000000001455e+04
3.918520000000000437e+04
4.565819999999998254e+04
6.070700000000000728e+04
7.977330000000001746e+04
8.499979999999997381e+04
6.813480000000001746e+04
5.381530000000003201e+04
4.678449999999997817e+04
4.528939999999999418e+04
4.184939999999997963e+04
3.842319999999999709e+04
4.600599999999999272e+04
6.071919999999998254e+04
7.373679999999998836e+04
7.132689999999997963e+04
5.828690000000000146e+04
5.107440000000000873e+04
4.351390000000001601e+04
3.869020000000000437e+04
3.831959999999997672e+04
4.428859999999999127e+04
5.970929999999999563e+04
8.061199999999997090e+04
1.112964999999999709e+05
1.278757999999999884e+05
1.029113000000000466e+05
7.138150000000002910e+04
5.828399999999998545e+04
4.828999999999997090e+04
4.999869999999998981e+04
5.745039999999998690e+04
7.296749999999998545e+04
1.029166999999999971e+05
1.260976999999999680e+05
1.365634000000000815e+05
1.165346000000000349e+05
8.668280000000001746e+04
6.115099999999999272e+04
4.176509999999999854e+04
4.358309999999999854e+04
5.576379999999999563e+04
7.625760000000000582e+04
9.939350000000001455e+04
1.119711000000000204e+05
1.014063999999999796e+05
7.020319999999999709e+04
4.524879999999999563e+04
3.190780000000000291e+04
2.360830000000001746e+04
2.050609999999999854e+04
2.005499999999999272e+04
2.038990000000000146e+04
2.875860000000001310e+04
5.221610000000001310e+04
7.101880000000001746e+04
5.868469999999998981e+04
4.017200000000000000e+04
3.981240000000000146e+04
4.414510000000000582e+04
5.412900000000001455e+04
7.779929999999998836e+04
1.057864000000000524e+05
1.097070999999999622e+05
8.619529999999997381e+04
5.607299999999999272e+04
4.746150000000000000e+04
4.638769999999999709e+04
4.319970000000001164e+04
4.994690000000000873e+04
6.732580000000000291e+04
9.961489999999995052e+04
1.189231999999999971e+05
1.052003999999999214e+05
7.398590000000002328e+04
5.136490000000000146e+04
4.470479999999998836e+04
4.134410000000002037e+04
4.118569999999998981e+04
4.941500000000000728e+04
6.917869999999998254e+04
9.172769999999998254e+04
9.331609999999999127e+04
7.561280000000003201e+04
5.482229999999998108e+04
4.222429999999999563e+04
4.003129999999997381e+04
3.858209999999998399e+04
4.372710000000002037e+04
5.720380000000000291e+04
8.303400000000002910e+04
1.148457999999999593e+05
1.266448999999999651e+05
1.082112999999999447e+05
7.678370000000002619e+04
6.025949999999998545e+04
4.747439999999998690e+04
4.653409999999999854e+04
6.453679999999997381e+04
9.054149999999998545e+04
1.277582999999999884e+05
1.618096999999999825e+05
1.649103999999999651e+05
1.204166000000000058e+05
7.926650000000001455e+04
6.081930000000000291e+04
4.994710000000000582e+04
5.588739999999999418e+04
7.488720000000004075e+04
1.009626999999999825e+05
1.291238000000000175e+05
1.386658000000000175e+05
1.067481999999999825e+05
6.617370000000002619e+04
4.865329999999999563e+04
3.911160000000001310e+04
3.687340000000002328e+04
4.701150000000002183e+04
6.334990000000002328e+04
8.126450000000001455e+04
9.395900000000000000e+04
8.258689999999999418e+04
5.453780000000000291e+04
3.988100000000002183e+04
3.798650000000002183e+04
3.464259999999999854e+04
3.861829999999998108e+04
4.922689999999998690e+04
6.469819999999997526e+04
7.937679999999998836e+04
7.589459999999999127e+04
5.916480000000001019e+04
4.333930000000000291e+04
3.594359999999999854e+04
3.396709999999999127e+04
3.372449999999999272e+04
3.899259999999999854e+04
4.875890000000000873e+04
6.175809999999999127e+04
6.963389999999999418e+04
6.560489999999999418e+04
5.738589999999999418e+04
4.487450000000001455e+04
3.358230000000001019e+04
2.957430000000000291e+04
2.370009999999999127e+04
1.877809999999999491e+04
2.213619999999998981e+04
3.500240000000000146e+04
5.449049999999998545e+04
6.456730000000001019e+04
5.481360000000000582e+04
3.476370000000000437e+04
2.650409999999999127e+04
3.315060000000000582e+04
4.086890000000001601e+04
5.020289999999997963e+04
6.169670000000000437e+04
7.279460000000002037e+04
7.982749999999997090e+04
7.403580000000003201e+04
5.899080000000000291e+04
4.503450000000001455e+04
3.579120000000001892e+04
3.749169999999999709e+04
5.000949999999997090e+04
7.131340000000002328e+04
9.413909999999999127e+04
1.097754000000000233e+05
1.059412000000000116e+05
8.003430000000000291e+04
5.800910000000002037e+04
4.746060000000002037e+04
3.992620000000001892e+04
4.394760000000000582e+04
6.069079999999998836e+04
7.961420000000005530e+04
9.937099999999998545e+04
1.082036000000000349e+05
8.843659999999996217e+04
6.191849999999996362e+04
5.165769999999999709e+04
4.753430000000000291e+04
4.528759999999999854e+04
4.987209999999996944e+04
6.562150000000001455e+04
8.998750000000000000e+04
9.966239999999999418e+04
8.233530000000001746e+04
5.866920000000003347e+04
4.565810000000003492e+04
4.257919999999999709e+04
3.820119999999999709e+04
3.991890000000002328e+04
4.875140000000000146e+04
6.284019999999998254e+04
7.574099999999998545e+04
7.549499999999995634e+04
6.129890000000000146e+04
4.147539999999999418e+04
3.496339999999999418e+04
3.767949999999997817e+04
3.734870000000001164e+04
3.914869999999999709e+04
4.822890000000000873e+04
6.273240000000003783e+04
7.342250000000000000e+04
7.174800000000000000e+04
5.424559999999998399e+04
4.026380000000000291e+04
3.957190000000000146e+04
3.736140000000000146e+04
3.579250000000000728e+04
3.824559999999999854e+04
4.541780000000001019e+04
5.984430000000001746e+04
6.702190000000005239e+04
6.857520000000002619e+04
5.882609999999999127e+04
4.527350000000000000e+04
4.593740000000000873e+04
4.013090000000002328e+04
4.196019999999998981e+04
4.893140000000001601e+04
5.823529999999995925e+04
7.141550000000000000e+04
6.304590000000000873e+04
5.020260000000002765e+04
4.023680000000000291e+04
4.161649999999997090e+04
3.889180000000001019e+04
2.986919999999999709e+04
3.466909999999999127e+04
3.861139999999997963e+04
4.642760000000000582e+04
4.780179999999999563e+04
4.332829999999998836e+04
4.186900000000000728e+04
3.520210000000000582e+04
3.129420000000000800e+04
2.671979999999999200e+04
2.086219999999999709e+04
2.048380000000001019e+04
2.403780000000000291e+04
3.212079999999998472e+04
4.100159999999999127e+04
4.879979999999998836e+04
4.479419999999998981e+04
2.897920000000000073e+04
2.196790000000000146e+04
2.545019999999999709e+04
2.674809999999999491e+04
3.029220000000000800e+04
3.606890000000001601e+04
3.842569999999998981e+04
4.754569999999999709e+04
5.361710000000002765e+04
4.814169999999997526e+04
4.611580000000002474e+04
3.801809999999999854e+04
3.179939999999999418e+04
3.420430000000000291e+04
3.726630000000000291e+04
4.111510000000000582e+04
4.335420000000001892e+04
5.297779999999999563e+04
5.551179999999999563e+04
5.403249999999997817e+04
4.923229999999999563e+04
3.723260000000002037e+04
3.443689999999998690e+04
3.404509999999999854e+04
4.056130000000001746e+04
4.183700000000002910e+04
4.370200000000000000e+04
5.272869999999999709e+04
5.370380000000000291e+04
5.667360000000002037e+04
4.730759999999997672e+04
3.694570000000000437e+04
3.887269999999999709e+04
4.427730000000001746e+04
5.398680000000000291e+04
5.262219999999999709e+04
3.855530000000000291e+04
3.466720000000000437e+04
3.927610000000000582e+04
3.465969999999998254e+04
3.007140000000000146e+04
3.359510000000001310e+04
3.540720000000001164e+04
3.916070000000001164e+04
4.390149999999998545e+04
4.196219999999998254e+04
3.926290000000000146e+04
4.386679999999999563e+04
4.486059999999998399e+04
3.540690000000000146e+04
2.975019999999999709e+04
3.010579999999999563e+04
3.180810000000000582e+04
3.925420000000003347e+04
4.719050000000002910e+04
4.235529999999998836e+04
3.615710000000000582e+04
3.839819999999998981e+04
3.556959999999999854e+04
2.989209999999999854e+04
2.743509999999999491e+04
2.786440000000000146e+04
3.221549999999999272e+04
3.764950000000000728e+04
4.137879999999998836e+04
4.116580000000001746e+04
4.290800000000000728e+04
4.298590000000000146e+04
3.289169999999998254e+04
2.551280000000000291e+04
2.654140000000000509e+04
2.718089999999999782e+04
2.684400000000000000e+04
2.666340000000001237e+04
3.043560000000000582e+04
3.828950000000000728e+04
4.420320000000000437e+04
4.046829999999999563e+04
2.986649999999999272e+04
2.361700000000000364e+04
2.172149999999999272e+04
2.355760000000000218e+04
2.541909999999998763e+04
3.100059999999999127e+04
4.214619999999996799e+04
4.915890000000000146e+04
4.425009999999998399e+04
3.268439999999999418e+04
2.585479999999999927e+04
2.296930000000000291e+04
2.404510000000001310e+04
3.258060000000000218e+04
4.246189999999999418e+04
4.451400000000001455e+04
3.586910000000001310e+04
2.470550000000000364e+04
2.032349999999999636e+04
2.149880000000001382e+04
2.264900000000000000e+04
2.400530000000000291e+04
3.023210000000000218e+04
3.583210000000000582e+04
3.643239999999999418e+04
3.970720000000000437e+04
4.659339999999999418e+04
4.676779999999999563e+04
3.522200000000000728e+04
2.528160000000000946e+04
2.259160000000000218e+04
2.457420000000000800e+04
3.198169999999999709e+04
3.794379999999999563e+04
3.900819999999996799e+04
3.964890000000000146e+04
4.002310000000001310e+04
3.312230000000000291e+04
2.338889999999999782e+04
1.889339999999999418e+04
1.832310000000000218e+04
2.005369999999999709e+04
2.434010000000000218e+04
2.770800000000000364e+04
2.983839999999999054e+04
3.431200000000000728e+04
3.519109999999999127e+04
2.806459999999999491e+04
2.129459999999999854e+04
1.953209999999999854e+04
1.891289999999999782e+04
2.169539999999999782e+04
2.541570000000001164e+04
2.770700000000000364e+04
3.207350000000001091e+04
3.819030000000000291e+04
3.838939999999998690e+04
2.864330000000000291e+04
2.112000000000001091e+04
2.040580000000000291e+04
1.994159999999999491e+04
2.155400000000000728e+04
2.579899999999998181e+04
2.898829999999998836e+04
3.220669999999999345e+04
3.562739999999998690e+04
3.352590000000000873e+04
2.610770000000000073e+04
2.267399999999999636e+04
2.270440000000000509e+04
2.145090000000000873e+04
1.956549999999999272e+04
1.876660000000000582e+04
2.145539999999999054e+04
2.792140000000000146e+04
3.462000000000000000e+04
3.624439999999997963e+04
2.968830000000001382e+04
2.647110000000000218e+04
3.242390000000000146e+04
3.657279999999998836e+04
4.372829999999998108e+04
5.639230000000000291e+04
5.784360000000001310e+04
4.329680000000000291e+04
2.680569999999999709e+04
1.866810000000000218e+04
1.720850000000000364e+04
2.016610000000000218e+04
2.454479999999999927e+04
2.954360000000000218e+04
3.985860000000001310e+04
5.237460000000002037e+04
5.352340000000002328e+04
4.040450000000000728e+04
2.576369999999999345e+04
1.840790000000000146e+04
1.917320000000000073e+04
2.309419999999999709e+04
2.989159999999999854e+04
4.428320000000001164e+04
6.600960000000000582e+04
7.292529999999995925e+04
5.473910000000002037e+04
3.179339999999999418e+04
2.116050000000000000e+04
1.784319999999999345e+04
1.864820000000000437e+04
2.363700000000000364e+04
3.043079999999999563e+04
3.610340000000000146e+04
3.516500000000000000e+04
2.852569999999999709e+04
2.415170000000000800e+04
2.368080000000001019e+04
2.372320000000000800e+04
2.217569999999999709e+04
2.239179999999999927e+04
2.444999999999999272e+04
2.652420000000001528e+04
2.928670000000001528e+04
3.346170000000000437e+04
3.382749999999997817e+04
2.840599999999999636e+04
2.170490000000000509e+04
1.865760000000000582e+04
1.977089999999999418e+04
2.208030000000000291e+04
2.413720000000000800e+04
2.741769999999999709e+04
3.030900000000000728e+04
2.978059999999999491e+04
2.623759999999999127e+04
2.202129999999999563e+04
1.864030000000000655e+04
1.752810000000000218e+04
1.917970000000000073e+04
2.084440000000000509e+04
2.075670000000000437e+04
2.103570000000000800e+04
2.418320000000000800e+04
2.853740000000000146e+04
3.017490000000000509e+04
2.600339999999998690e+04
2.052380000000000291e+04
2.149580000000000291e+04
2.589579999999999927e+04
3.011020000000000437e+04
4.097040000000002328e+04
5.346120000000002619e+04
5.434929999999999563e+04
4.203990000000000146e+04
2.738890000000000146e+04
1.893020000000000800e+04
1.717099999999998909e+04
1.770130000000000291e+04
1.932920000000000437e+04
2.378050000000000364e+04
3.083530000000000291e+04
3.605690000000000146e+04
3.722369999999999709e+04
3.238740000000000146e+04
2.387920000000000073e+04
1.973189999999999054e+04
1.996430000000000655e+04
2.198329999999999927e+04
2.757290000000000873e+04
3.643019999999999709e+04
4.264770000000001164e+04
4.079100000000000000e+04
3.279390000000000873e+04
2.525340000000000873e+04
2.103580000000000291e+04
1.956800000000000364e+04
2.007539999999998690e+04
2.294579999999999927e+04
2.761620000000000437e+04
3.247919999999998981e+04
3.648950000000002910e+04
3.536490000000001601e+04
2.914940000000000146e+04
2.197389999999998690e+04
1.820650000000000000e+04
1.870300000000000728e+04
2.010140000000000146e+04
2.036360000000000582e+04
2.177209999999999127e+04
2.560329999999998836e+04
2.867970000000001528e+04
2.868479999999998836e+04
2.514029999999999200e+04
2.024629999999999927e+04
1.723890000000000509e+04
1.749619999999999345e+04
2.003859999999999854e+04
2.217830000000000655e+04
2.412409999999999491e+04
2.820729999999999927e+04
3.154849999999998181e+04
2.814809999999999491e+04
2.215790000000000146e+04
1.909319999999999345e+04
1.958100000000000364e+04
2.164259999999999491e+04
2.615329999999999563e+04
3.329200000000000000e+04
3.698289999999998690e+04
3.318540000000000146e+04
2.612350000000001455e+04
2.124799999999998909e+04
1.972379999999998836e+04
1.888860000000000218e+04
1.912179999999999927e+04
2.140360000000000946e+04
2.666810000000000218e+04
3.220700000000000000e+04
3.607110000000000582e+04
3.742000000000001455e+04
3.313079999999999563e+04
2.572720000000000073e+04
1.995210000000000582e+04
1.960170000000001164e+04
2.346440000000000509e+04
2.779300000000001819e+04
3.219680000000000655e+04
3.769759999999999127e+04
4.052690000000000146e+04
3.791209999999999127e+04
3.054729999999999927e+04
2.246950000000000728e+04
1.811959999999999854e+04
1.782849999999999636e+04
1.912450000000000000e+04
2.099119999999999345e+04
2.370320000000000437e+04
2.826349999999998909e+04
3.114290000000000509e+04
2.860279999999999927e+04
2.249000000000000000e+04
1.894789999999999782e+04
1.894150000000000000e+04
1.971060000000000218e+04
2.038289999999998327e+04
2.230360000000000218e+04
2.594890000000000509e+04
2.909120000000000800e+04
2.894309999999999854e+04
2.605180000000000655e+04
2.139520000000000437e+04
1.787520000000000073e+04
1.748240000000000509e+04
1.852320000000000800e+04
1.867869999999999709e+04
1.761419999999999709e+04
