2.650716781616210938e+00,1.418606936662653425e+03
8.783533573150634766e+00,1.418717019334334736e+03
1.433829116821289062e+01,1.417492789324970772e+03
1.993462824821472168e+01,1.418184800307077467e+03
2.544512248039245605e+01,1.417783716299049047e+03
3.097363066673278809e+01,1.417550562527193051e+03
3.640677857398986816e+01,1.417692588306398193e+03
4.195997238159179688e+01,1.416866922375293598e+03
4.756825757026672363e+01,1.417467659815583374e+03
5.304834794998168945e+01,1.416369861747165487e+03
5.850176954269409180e+01,1.416780509404945406e+03
6.503014945983886719e+01,1.416998279465391079e+03
7.053870153427124023e+01,1.416001129511368845e+03
7.608693552017211914e+01,1.416597145902300554e+03
8.157181739807128906e+01,1.416211771318532328e+03
8.709059286117553711e+01,1.415867195612741170e+03
9.256675004959106445e+01,1.416287105188242094e+03
9.811113262176513672e+01,1.415462119822421982e+03
1.036993999481201172e+02,1.416130661276021328e+03
1.091979453563690186e+02,1.415190788873889460e+03
1.146614806652069092e+02,1.415453981754370034e+03
1.213381593227386475e+02,1.415729348886526850e+03
1.269644105434417725e+02,1.414762942941911206e+03
1.324199819564819336e+02,1.415354084728525777e+03
1.378907318115234375e+02,1.415227136006737283e+03
1.433697865009307861e+02,1.416620266113809066e+03
1.490001296997070312e+02,1.420034476429556889e+03
1.544848024845123291e+02,1.422502580632320587e+03
1.599579005241394043e+02,1.427859977990953212e+03
1.655834114551544189e+02,1.430073859069975242e+03
1.709993021488189697e+02,1.431542713332039966e+03
1.778782930374145508e+02,1.433252493139847275e+03
1.834510920047760010e+02,1.432839297049379184e+03
1.890063326358795166e+02,1.433775363316786525e+03
1.944870059490203857e+02,1.433891214957181546e+03
2.000146343708038330e+02,1.434013908058329662e+03
2.055244705677032471e+02,1.434922537183789473e+03
2.110027933120727539e+02,1.434398160953999195e+03
2.165272610187530518e+02,1.435356357885737680e+03
2.221407499313354492e+02,1.435386230282997303e+03
2.276182906627655029e+02,1.435432086694884219e+03
2.346772778034210205e+02,1.436388542419757641e+03
2.402315492630004883e+02,1.436485598488147389e+03
2.458335928916931152e+02,1.436668814394461833e+03
2.513145124912261963e+02,1.437257081583630224e+03
2.567669563293457031e+02,1.437750955876963644e+03
2.623089175224304199e+02,1.437736523331682747e+03
2.678692789077758789e+02,1.438288370832119881e+03
2.734206910133361816e+02,1.438616619373456388e+03
2.788995079994201660e+02,1.438037584033211715e+03
2.844472839832305908e+02,1.438663625536522886e+03
2.916498138904571533e+02,1.438712136358349426e+03
2.972264201641082764e+02,1.438969504983566594e+03
3.033136692047119141e+02,1.440904416951214898e+03
3.089029848575592041e+02,1.441069152443162466e+03
3.143528022766113281e+02,1.441306458166088987e+03
3.197672843933105469e+02,1.441960048961375151e+03
3.254011003971099854e+02,1.441966264473801630e+03
3.308407633304595947e+02,1.442495313880208641e+03
3.363954946994781494e+02,1.442481969577532254e+03
3.419872884750366211e+02,1.442561847787178522e+03
3.494516565799713135e+02,1.443047533932862507e+03
3.549282898902893066e+02,1.443158346372512369e+03
3.604534614086151123e+02,1.443217316887464449e+03
3.660718071460723877e+02,1.443512808845897780e+03
3.714571435451507568e+02,1.443536826657873917e+03
3.771471185684204102e+02,1.444067149679854083e+03
3.825305361747741699e+02,1.443936759781028741e+03
3.880664389133453369e+02,1.444065080399057933e+03
3.935677366256713867e+02,1.444079548079585948e+03
3.992501692771911621e+02,1.444137108265907045e+03
4.070617203712463379e+02,1.444187185245799583e+03
4.124437675476074219e+02,1.444332217144462220e+03
4.181801605224609375e+02,1.444415710308086091e+03
4.237161226272583008e+02,1.445044243351887417e+03
4.291428034305572510e+02,1.444863386802886907e+03
4.346118109226226807e+02,1.444748160684446248e+03
4.402158205509185791e+02,1.444802173903358153e+03
4.456313467025756836e+02,1.444829719330274884e+03
4.511525506973266602e+02,1.445202818037742190e+03
4.566573629379272461e+02,1.445232619625657890e+03
4.646072871685028076e+02,1.444889901116838701e+03
4.700240356922149658e+02,1.445488789033838884e+03
4.756124138832092285e+02,1.445517646426080091e+03
4.810401906967163086e+02,1.445240243853682159e+03
4.866772642135620117e+02,1.445442334861457994e+03
4.920962738990783691e+02,1.445318915854403713e+03
4.977273874282836914e+02,1.445712611380719409e+03
5.031747441291809082e+02,1.445579417337672794e+03
5.087824029922485352e+02,1.445571491892363383e+03
5.142512447834014893e+02,1.445670271276395169e+03
5.223977537155151367e+02,1.445633704263682375e+03
5.279928028583526611e+02,1.445352430869442969e+03
5.334725465774536133e+02,1.445387085126493275e+03
5.389648299217224121e+02,1.445181315537665341e+03
5.444844012260437012e+02,1.445802119915923868e+03
5.500448534488677979e+02,1.445253101516148945e+03
5.554926030635833740e+02,1.445203537958702100e+03
5.610269069671630859e+02,1.444949466415509960e+03
5.666171505451202393e+02,1.444690841200996601e+03
5.721482937335968018e+02,1.444642479091108726e+03
5.807562193870544434e+02,1.444653513274506395e+03
5.861482911109924316e+02,1.444613493590676171e+03
5.917404470443725586e+02,1.444880499191838908e+03
5.973148200511932373e+02,1.444907505558848015e+03
6.036417913436889648e+02,1.444313698477201342e+03
6.090931768417358398e+02,1.444048377486283243e+03
6.147171459197998047e+02,1.443947940835176269e+03
6.202325661182403564e+02,1.443741388442254220e+03
6.256739323139190674e+02,1.444237682579593411e+03
6.312710204124450684e+02,1.443718378877366149e+03
6.402059531211853027e+02,1.443627213576889289e+03
6.456746714115142822e+02,1.443572363337663091e+03
6.512052552700042725e+02,1.443333834225865758e+03
6.567205743789672852e+02,1.443427296467454198e+03
6.622654211521148682e+02,1.443965807509244542e+03
6.677982938289642334e+02,1.443507820005472468e+03
6.731992945671081543e+02,1.443594572110853051e+03
6.786761291027069092e+02,1.443196635940090118e+03
6.843542242050170898e+02,1.443333306449821521e+03
6.898807802200317383e+02,1.443465909190864522e+03
6.991766605377197266e+02,1.443191944538810276e+03
7.046782917976379395e+02,1.443242155920616597e+03
7.101148347854614258e+02,1.443622147129789482e+03
7.157358329296112061e+02,1.443321412875217902e+03
7.211974444389343262e+02,1.443313401821719481e+03
7.267227952480316162e+02,1.443093293328292020e+03
7.322325174808502197e+02,1.443039621843052146e+03
7.376922845840454102e+02,1.443694539618292310e+03
7.432254598140716553e+02,1.443401296240327383e+03
7.487813880443572998e+02,1.443316358401903926e+03
7.583525631427764893e+02,1.443173644614995055e+03
7.638155498504638672e+02,1.443175016618706422e+03
7.694544248580932617e+02,1.443209223968668311e+03
7.748560950756072998e+02,1.443685324035331405e+03
7.805297374725341797e+02,1.443378400330680279e+03
7.859469535350799561e+02,1.443506283321846468e+03
7.915669436454772949e+02,1.443666990566543745e+03
7.969523277282714844e+02,1.445468405637179103e+03
8.026128144264221191e+02,1.455853423416865098e+03
8.080955653190612793e+02,1.471685129827499850e+03
8.178203482627868652e+02,1.525069461015827301e+03
8.233596870899200439e+02,1.548536576934264531e+03
8.289464869499206543e+02,1.555493608920974793e+03
8.343228094577789307e+02,1.564521522631341895e+03
8.399418189525604248e+02,1.567580726162466362e+03
8.453650028705596924e+02,1.569838680034686604e+03
8.509708912372589111e+02,1.571706835249570076e+03
8.565045077800750732e+02,1.579552867148524911e+03
8.621013705730438232e+02,1.581077799211335787e+03
8.675463333129882812e+02,1.582712179028645323e+03
8.775772840976715088e+02,1.585008449281964886e+03
8.830994071960449219e+02,1.592846768630041652e+03
8.885672769546508789e+02,1.594323754034899139e+03
8.941574127674102783e+02,1.595645514908631185e+03
8.995983655452728271e+02,1.596768060828974512e+03
9.061139423847198486e+02,1.598140017879135485e+03
9.117617850303649902e+02,1.599270631912411773e+03
9.172218086719512939e+02,1.607715210142645901e+03
9.227796344757080078e+02,1.608813095959467773e+03
9.282707762718200684e+02,1.609795393576805509e+03
9.387255313396453857e+02,1.611520774536574663e+03
9.442475945949554443e+02,1.612323381623323485e+03
9.496863629817962646e+02,1.612886144994263304e+03
9.551960039138793945e+02,1.621607057685303744e+03
9.608413262367248535e+02,1.622407413287876807e+03
9.663083043098449707e+02,1.623156096942264412e+03
9.718268280029296875e+02,1.623907298058128845e+03
9.773738455772399902e+02,1.624424212270140970e+03
9.829212474822998047e+02,1.625239329087770102e+03
9.884112894535064697e+02,1.625729863698181362e+03
9.991064848899841309e+02,1.627195540689442169e+03
1.004682794332504272e+03,1.627342380693348332e+03
1.010281818628311157e+03,1.635858384500029615e+03
1.015804335832595825e+03,1.636285069545419447e+03
1.021337253570556641e+03,1.636727310006983544e+03
1.026759902477264404e+03,1.637460761468523742e+03
1.032373347282409668e+03,1.637921082744359865e+03
1.037846062898635864e+03,1.638431252596461491e+03
1.043327284574508667e+03,1.638872495768469435e+03
1.048796467781066895e+03,1.639559882690767836e+03
1.059974578619003296e+03,1.640426933340675987e+03
1.065359648704528809e+03,1.640922338932654156e+03
1.070905376672744751e+03,1.641068374855651882e+03
1.076511349201202393e+03,1.641631186875055164e+03
1.082028292417526245e+03,1.641904037897278386e+03
1.087540054082870483e+03,1.642262309798123397e+03
1.093022845983505249e+03,1.650022770251456222e+03
1.098591578483581543e+03,1.650237145837877279e+03
1.104020283699035645e+03,1.650930221708529871e+03
1.109661224365234375e+03,1.651244145027742434e+03
1.121299881696701050e+03,1.652460263245221086e+03
1.126836683273315430e+03,1.652474927011223372e+03
1.132359621047973633e+03,1.653067288442352265e+03
1.137839095115661621e+03,1.653286750348927626e+03
1.143499498605728149e+03,1.653633176917085848e+03
1.148866234302520752e+03,1.654149413364639031e+03
1.154497302293777466e+03,1.654203550018735541e+03
1.159913677692413330e+03,1.654831946080404578e+03
1.165462314605712891e+03,1.655016899464319522e+03
1.171067069292068481e+03,1.655281948920928244e+03
1.183099299907684326e+03,1.655924193371171896e+03
1.188730276584625244e+03,1.656380115543035345e+03
1.194161842346191406e+03,1.656424412290365353e+03
1.199791758775711060e+03,1.656637656877584050e+03
1.206597288131713867e+03,1.663617508630813518e+03
1.212025882482528687e+03,1.663758956541274983e+03
1.217561150074005127e+03,1.663628541285848996e+03
1.223111807584762573e+03,1.663756389780834070e+03
1.228491827249526978e+03,1.663848478399960186e+03
1.234200545549392700e+03,1.663928411396998627e+03
1.246651771306991577e+03,1.664179613582543425e+03
1.252168013811111450e+03,1.664147288773418722e+03
1.257701736927032471e+03,1.664318084271678117e+03
1.263253677368164062e+03,1.664569696886897646e+03
1.268756969451904297e+03,1.664680848562972187e+03
1.274299318313598633e+03,1.664792223845508033e+03
1.279727357625961304e+03,1.664946135861767971e+03
1.285249320268630981e+03,1.664960089692994870e+03
1.290842581748962402e+03,1.665104732468728344e+03
1.296396585226058960e+03,1.665234095158914442e+03
1.309537283420562744e+03,1.665439568700438031e+03
1.314973944902420044e+03,1.665629788411913069e+03
1.320619563102722168e+03,1.665727019532776012e+03
1.326140651702880859e+03,1.665920742960491680e+03
1.331701808214187622e+03,1.665922808098539917e+03
1.337136716842651367e+03,1.666067883861381688e+03
1.342684995174407959e+03,1.666105030958094176e+03
1.348242152452468872e+03,1.666217728784675273e+03
1.353767258644104004e+03,1.666360560764929915e+03
1.359233413457870483e+03,1.666412190154530663e+03
1.372711265563964844e+03,1.666551158039289703e+03
1.378262946128845215e+03,1.666750665832239292e+03
1.383786488771438599e+03,1.666887172372134046e+03
1.389441493272781372e+03,1.667008266576748611e+03
1.394918719291687012e+03,1.667058978441996260e+03
1.400444875240325928e+03,1.667138438572807445e+03
1.405919956445693970e+03,1.667280073831467007e+03
1.411507301568984985e+03,1.667396582943413705e+03
1.417032622814178467e+03,1.667523923097435500e+03
1.422488294124603271e+03,1.667587356830596946e+03
1.436712793350219727e+03,1.667642914195835829e+03
1.442263585805892944e+03,1.667799941718723176e+03
1.447693198680877686e+03,1.667914900909136577e+03
1.453313924551010132e+03,1.668079843414869401e+03
1.458707965135574341e+03,1.668061079257276560e+03
1.464337078094482422e+03,1.668147414795078248e+03
1.469744797945022583e+03,1.668255549716201585e+03
1.475281844139099121e+03,1.668375136636033858e+03
1.480761613130569458e+03,1.668391203739357024e+03
1.486304692029953003e+03,1.668519082976207756e+03
1.500995656013488770e+03,1.668541309783543056e+03
1.508093142747879028e+03,1.668659086758831563e+03
1.513711639642715454e+03,1.668780957337653035e+03
1.519211923360824585e+03,1.668827577073809834e+03
1.524685783147811890e+03,1.669471828410932631e+03
1.530186581373214722e+03,1.670086313629360120e+03
1.535775959014892578e+03,1.670006929226361990e+03
1.541216791868209839e+03,1.675228277762154448e+03
1.546844091176986694e+03,1.675843375558414209e+03
1.552310194015502930e+03,1.675385208131262516e+03
1.567535968303680420e+03,1.676485526162216502e+03
1.573100319385528564e+03,1.676326804665233112e+03
1.578518293619155884e+03,1.676767564200840752e+03
1.584115157604217529e+03,1.677430009969968069e+03
1.589555853605270386e+03,1.677051090378206482e+03
1.595161826610565186e+03,1.677885070900674236e+03
1.600606896400451660e+03,1.677741410991342036e+03
1.606266637325286865e+03,1.677933104489429070e+03
1.611672056674957275e+03,1.678356289112596642e+03
1.617163840770721436e+03,1.678223009871164095e+03
1.632801731348037720e+03,1.679093468292004445e+03
1.638328278541564941e+03,1.678905014234494502e+03
1.643716428041458130e+03,1.679272330456917189e+03
1.649370209693908691e+03,1.679620532304875496e+03
1.654812542676925659e+03,1.679520360299493632e+03
1.660341293811798096e+03,1.680023736977411090e+03
1.665816066980361938e+03,1.679840236346780785e+03
1.671307317018508911e+03,1.680160686608897095e+03
1.676880051136016846e+03,1.680180456148751773e+03
1.682391785383224487e+03,1.680414040037721861e+03
1.698489780187606812e+03,1.680966229783570498e+03
1.704117283821105957e+03,1.680981149047066992e+03
1.709502783536911011e+03,1.681103058425758491e+03
1.715105519056320190e+03,1.681438767531181611e+03
1.720708297967910767e+03,1.681362859194632392e+03
1.726230360269546509e+03,1.681748249471092322e+03
1.731646914005279541e+03,1.681678198619345267e+03
1.737211396455764771e+03,1.681852464453279481e+03
1.742729776382446289e+03,1.682008316075190123e+03
1.748286900758743286e+03,1.681921391170628567e+03
1.764901471138000488e+03,1.682402890981989231e+03
1.770381732225418091e+03,1.682369507717913393e+03
1.775920600175857544e+03,1.682415406892310330e+03
1.781461544990539551e+03,1.682751227780673162e+03
1.786989295005798340e+03,1.682667312945886579e+03
1.792430113792419434e+03,1.682845123122227051e+03
1.798017835855484009e+03,1.682783496367484304e+03
1.805458291292190552e+03,1.682865640423977993e+03
1.810963305950164795e+03,1.664920070855964923e+03
1.816481029748916626e+03,1.664295477652544605e+03
1.833858294486999512e+03,1.664521261550071131e+03
1.839440145730972290e+03,1.664227900135509799e+03
1.844850940942764282e+03,1.664311155030868349e+03
1.850436689615249634e+03,1.663489903435152655e+03
1.855891275167465210e+03,1.663251752297157964e+03
1.861442458152770996e+03,1.663882053905107114e+03
1.866996294736862183e+03,1.663450795720421638e+03
1.872526318311691284e+03,1.663509846704829897e+03
1.878053194999694824e+03,1.663251158366809932e+03
1.883568296432495117e+03,1.663152100303073212e+03
1.901155908823013306e+03,1.662891752866109073e+03
1.906699292898178101e+03,1.662652442636138176e+03
1.912182535648345947e+03,1.656574355351107670e+03
1.917766959667205811e+03,1.662731702895128137e+03
1.923098405122756958e+03,1.656527956205803321e+03
1.928750219583511353e+03,1.656563773614421279e+03
1.934307028055191040e+03,1.656364886250527661e+03
1.939789475440979004e+03,1.656415654116919541e+03
1.945345115184783936e+03,1.656252078000042502e+03
1.950716415166854858e+03,1.656321137500122404e+03
1.968876074314117432e+03,1.656266233698735732e+03
1.974445347547531128e+03,1.656098569035587616e+03
1.979974878549575806e+03,1.656098386435945713e+03
1.985401369571685791e+03,1.655977843300295262e+03
1.990867329597473145e+03,1.656029585473322868e+03
1.996552790880203247e+03,1.656271329503873858e+03
2.002011981725692749e+03,1.655988481105328901e+03
2.007550405740737915e+03,1.656160570969661876e+03
2.013086948871612549e+03,1.655948769638839167e+03
2.018493808984756470e+03,1.655948514711860071e+03
2.037329820871353149e+03,1.656213934577751161e+03
2.042891705751419067e+03,1.662843836295456185e+03
2.048449782848358154e+03,1.663292444294543657e+03
2.053909135103225708e+03,1.664174283294935776e+03
2.059348194122314453e+03,1.665718285507134624e+03
2.064976204633712769e+03,1.666954866256930245e+03
2.070495759725570679e+03,1.668211909701361719e+03
2.075891779422760010e+03,1.668654285043350683e+03
2.081536545515060425e+03,1.669157274185851520e+03
2.086972845077514648e+03,1.669522204844968655e+03
2.108498291730880737e+03,1.669786725262562641e+03
2.114027231454849243e+03,1.674914326180297394e+03
2.119541810035705566e+03,1.675211200616915221e+03
2.125071436643600464e+03,1.675356244631548861e+03
2.130627037525177002e+03,1.675653504017656132e+03
2.136163037300109863e+03,1.675992212760107577e+03
2.141695267200469971e+03,1.676273896287986190e+03
2.147210287809371948e+03,1.676542352600102959e+03
2.152658908128738403e+03,1.676562314067469060e+03
2.158169270515441895e+03,1.677021639662066264e+03
2.178171292781829834e+03,1.677385407875384999e+03
2.183686747074127197e+03,1.677337876639900060e+03
2.189163817644119263e+03,1.678332196648027093e+03
2.194799715757369995e+03,1.678019608531233871e+03
2.200290940999984741e+03,1.677618979335486074e+03
2.205717306613922119e+03,1.677326414306298602e+03
2.211223696947097778e+03,1.677617785045080609e+03
2.216833318710327148e+03,1.677740059556846973e+03
2.222357912778854370e+03,1.678080287220249602e+03
2.227903367280960083e+03,1.678351740286612539e+03
2.248940602302551270e+03,1.678322909359678761e+03
2.254311706542968750e+03,1.678881193651349577e+03
2.259821436405181885e+03,1.679308798509188364e+03
2.265411817073822021e+03,1.679558770401912852e+03
2.270925940036773682e+03,1.679653892372868995e+03
2.276449289560317993e+03,1.679733504984176534e+03
2.281993248224258423e+03,1.679686502405691726e+03
2.287481707572937012e+03,1.680538313825060186e+03
2.293037176132202148e+03,1.680256542152256088e+03
2.298435253143310547e+03,1.680012917150632120e+03
2.319978965997695923e+03,1.678418611279748802e+03
2.325498873710632324e+03,1.677726547515009315e+03
2.331021267652511597e+03,1.678280033902481364e+03
2.336562136173248291e+03,1.678719459465137106e+03
2.342066013336181641e+03,1.678698950488107585e+03
2.347568367958068848e+03,1.678789227333720874e+03
2.353103644847869873e+03,1.679200136511196206e+03
2.358582304477691650e+03,1.678871704897128666e+03
2.364110508203506470e+03,1.679218183836760090e+03
2.369690294504165649e+03,1.679031184347646786e+03
2.391878341913223267e+03,1.679226233405233870e+03
2.397353755235671997e+03,1.679278910417456473e+03
2.405546377658843994e+03,1.679503046784014259e+03
2.411106903553009033e+03,1.679993516182699068e+03
2.416610569000244141e+03,1.680023346318013864e+03
2.422131480216979980e+03,1.680314827148841459e+03
2.427681818008422852e+03,1.680641754250898657e+03
2.433192248821258545e+03,1.680289910162043725e+03
2.438691782712936401e+03,1.680458408711934908e+03
2.444216930866241455e+03,1.680250259242212223e+03
2.467386751651763916e+03,1.680234764245005408e+03
2.472897255897521973e+03,1.680287684703396735e+03
2.478364907026290894e+03,1.680488723196174078e+03
