6.293100000000000000e+04
3.481500000000000000e+04
3.700200000000000000e+04
5.172000000000000000e+04
3.468600000000000000e+04
1.941100000000000000e+04
2.205100000000000000e+04
1.968600000000000000e+04
3.898000000000000000e+04
7.039400000000000000e+04
5.673400000000000000e+04
4.570800000000000000e+04
6.963700000000000000e+04
6.010700000000000000e+04
2.641300000000000000e+04
2.160000000000000000e+04
2.161200000000000000e+04
3.130200000000000000e+04
8.209700000000000000e+04
1.818690000000000000e+05
2.667960000000000000e+05
2.292810000000000000e+05
1.042090000000000000e+05
3.874100000000000000e+04
2.553000000000000000e+04
2.149600000000000000e+04
2.524000000000000000e+04
4.722600000000000000e+04
1.462010000000000000e+05
2.963950000000000000e+05
3.301540000000000000e+05
2.000690000000000000e+05
7.229100000000000000e+04
3.909000000000000000e+04
3.630900000000000000e+04
3.472600000000000000e+04
5.001400000000000000e+04
9.862100000000000000e+04
2.267710000000000000e+05
3.385430000000000000e+05
2.696230000000000000e+05
1.153110000000000000e+05
4.404600000000000000e+04
3.304700000000000000e+04
3.958500000000000000e+04
4.166000000000000000e+04
6.053400000000000000e+04
1.461890000000000000e+05
2.282480000000000000e+05
2.128170000000000000e+05
1.332800000000000000e+05
6.671300000000000000e+04
3.076300000000000000e+04
2.714400000000000000e+04
3.405400000000000000e+04
4.330700000000000000e+04
8.603900000000000000e+04
1.345760000000000000e+05
1.368470000000000000e+05
1.135230000000000000e+05
8.416000000000000000e+04
4.402700000000000000e+04
2.720000000000000000e+04
3.725100000000000000e+04
3.664300000000000000e+04
6.453500000000000000e+04
1.255830000000000000e+05
1.367010000000000000e+05
9.749100000000000000e+04
7.313600000000000000e+04
5.583900000000000000e+04
2.895000000000000000e+04
2.340200000000000000e+04
3.031400000000000000e+04
3.203500000000000000e+04
6.732200000000000000e+04
1.504670000000000000e+05
2.470570000000000000e+05
2.932570000000000000e+05
2.237040000000000000e+05
9.920700000000000000e+04
3.208600000000000000e+04
2.345100000000000000e+04
3.137700000000000000e+04
4.789200000000000000e+04
1.180400000000000000e+05
2.539340000000000000e+05
3.208790000000000000e+05
2.339670000000000000e+05
9.780700000000000000e+04
3.239700000000000000e+04
2.550300000000000000e+04
2.395700000000000000e+04
3.212500000000000000e+04
6.318600000000000000e+04
1.525890000000000000e+05
2.841600000000000000e+05
2.833520000000000000e+05
1.497090000000000000e+05
5.642500000000000000e+04
2.748900000000000000e+04
2.595000000000000000e+04
2.925800000000000000e+04
3.576400000000000000e+04
8.211000000000000000e+04
1.489530000000000000e+05
1.972380000000000000e+05
1.733490000000000000e+05
9.182800000000000000e+04
3.844700000000000000e+04
2.593200000000000000e+04
3.265600000000000000e+04
3.274600000000000000e+04
6.299700000000000000e+04
1.396160000000000000e+05
1.659260000000000000e+05
1.437050000000000000e+05
1.131980000000000000e+05
6.407000000000000000e+04
3.154400000000000000e+04
3.236600000000000000e+04
3.843300000000000000e+04
3.848000000000000000e+04
8.370900000000000000e+04
1.408660000000000000e+05
1.175940000000000000e+05
8.830000000000000000e+04
7.822600000000000000e+04
4.008800000000000000e+04
2.816200000000000000e+04
3.328100000000000000e+04
2.820600000000000000e+04
4.319200000000000000e+04
8.675000000000000000e+04
1.188600000000000000e+05
8.952300000000000000e+04
8.109400000000000000e+04
8.057300000000000000e+04
3.718700000000000000e+04
2.957300000000000000e+04
3.048700000000000000e+04
3.166100000000000000e+04
7.336600000000000000e+04
1.961050000000000000e+05
4.184820000000000000e+05
4.409590000000000000e+05
2.111830000000000000e+05
6.482600000000000000e+04
3.701900000000000000e+04
3.473400000000000000e+04
3.998700000000000000e+04
5.600100000000000000e+04
1.276800000000000000e+05
2.893910000000000000e+05
4.274170000000000000e+05
3.185980000000000000e+05
1.035860000000000000e+05
3.515400000000000000e+04
2.596800000000000000e+04
3.225100000000000000e+04
3.231500000000000000e+04
6.090600000000000000e+04
1.506100000000000000e+05
2.735620000000000000e+05
3.191520000000000000e+05
1.871460000000000000e+05
5.638500000000000000e+04
2.983800000000000000e+04
2.589500000000000000e+04
3.201900000000000000e+04
4.081400000000000000e+04
8.503100000000000000e+04
1.485650000000000000e+05
2.125490000000000000e+05
2.930690000000000000e+05
2.467340000000000000e+05
9.937500000000000000e+04
3.427900000000000000e+04
3.585400000000000000e+04
3.616800000000000000e+04
5.290200000000000000e+04
1.181200000000000000e+05
1.695670000000000000e+05
1.937830000000000000e+05
1.722900000000000000e+05
8.350300000000000000e+04
3.498500000000000000e+04
2.784500000000000000e+04
3.284600000000000000e+04
3.689800000000000000e+04
6.855200000000000000e+04
1.488100000000000000e+05
1.726590000000000000e+05
1.765540000000000000e+05
1.291060000000000000e+05
5.402700000000000000e+04
3.477100000000000000e+04
3.139400000000000000e+04
3.879400000000000000e+04
5.536400000000000000e+04
1.283550000000000000e+05
2.105250000000000000e+05
1.804070000000000000e+05
1.449570000000000000e+05
9.475300000000000000e+04
3.544500000000000000e+04
3.170500000000000000e+04
2.605400000000000000e+04
3.705000000000000000e+04
6.281700000000000000e+04
1.552460000000000000e+05
2.069970000000000000e+05
1.710440000000000000e+05
1.623710000000000000e+05
8.915200000000000000e+04
3.924100000000000000e+04
4.057200000000000000e+04
3.538900000000000000e+04
4.792900000000000000e+04
1.049330000000000000e+05
1.923250000000000000e+05
1.814800000000000000e+05
1.670290000000000000e+05
1.392030000000000000e+05
5.365000000000000000e+04
3.399200000000000000e+04
2.781100000000000000e+04
2.895200000000000000e+04
5.034300000000000000e+04
9.866700000000000000e+04
1.331350000000000000e+05
9.831300000000000000e+04
1.160460000000000000e+05
9.957800000000000000e+04
4.019000000000000000e+04
4.249200000000000000e+04
2.904400000000000000e+04
4.301500000000000000e+04
6.544800000000000000e+04
1.036690000000000000e+05
8.982100000000000000e+04
8.050100000000000000e+04
1.547350000000000000e+05
9.943500000000000000e+04
5.257100000000000000e+04
4.696600000000000000e+04
3.094200000000000000e+04
5.054700000000000000e+04
6.131600000000000000e+04
8.907100000000000000e+04
6.681400000000000000e+04
1.286250000000000000e+05
1.541380000000000000e+05
6.664000000000000000e+04
5.999000000000000000e+04
4.126100000000000000e+04
3.806700000000000000e+04
5.402700000000000000e+04
5.923500000000000000e+04
6.364000000000000000e+04
8.526600000000000000e+04
1.630010000000000000e+05
1.467860000000000000e+05
7.499100000000000000e+04
5.944800000000000000e+04
4.811400000000000000e+04
6.302600000000000000e+04
1.433190000000000000e+05
2.013840000000000000e+05
1.876530000000000000e+05
1.837200000000000000e+05
1.598860000000000000e+05
7.079300000000000000e+04
3.308500000000000000e+04
2.848000000000000000e+04
3.369800000000000000e+04
7.287800000000000000e+04
1.751660000000000000e+05
3.142610000000000000e+05
2.786470000000000000e+05
2.074860000000000000e+05
1.264940000000000000e+05
5.398400000000000000e+04
6.330000000000000000e+04
3.905700000000000000e+04
6.482900000000000000e+04
9.487600000000000000e+04
2.139400000000000000e+05
2.311160000000000000e+05
1.456450000000000000e+05
1.553410000000000000e+05
7.817100000000000000e+04
6.223500000000000000e+04
5.033200000000000000e+04
4.627100000000000000e+04
6.482800000000000000e+04
1.064530000000000000e+05
1.904130000000000000e+05
1.226920000000000000e+05
1.481110000000000000e+05
1.521590000000000000e+05
6.919000000000000000e+04
7.862400000000000000e+04
4.679700000000000000e+04
5.188200000000000000e+04
6.109200000000000000e+04
1.324510000000000000e+05
1.474910000000000000e+05
1.128890000000000000e+05
2.095260000000000000e+05
1.357510000000000000e+05
8.767400000000000000e+04
8.155900000000000000e+04
5.223400000000000000e+04
6.977000000000000000e+04
7.155600000000000000e+04
1.345870000000000000e+05
1.005410000000000000e+05
1.957110000000000000e+05
2.334420000000000000e+05
1.040630000000000000e+05
1.004960000000000000e+05
5.937200000000000000e+04
7.192700000000000000e+04
6.482200000000000000e+04
1.077610000000000000e+05
1.259620000000000000e+05
9.982100000000000000e+04
2.240850000000000000e+05
1.629090000000000000e+05
8.060400000000000000e+04
7.146400000000000000e+04
3.827800000000000000e+04
5.535800000000000000e+04
6.993500000000000000e+04
1.705990000000000000e+05
1.567500000000000000e+05
1.369070000000000000e+05
1.574320000000000000e+05
6.786800000000000000e+04
6.887200000000000000e+04
4.781400000000000000e+04
4.882000000000000000e+04
7.370200000000000000e+04
1.881450000000000000e+05
3.156140000000000000e+05
2.521050000000000000e+05
2.085320000000000000e+05
1.090700000000000000e+05
5.438100000000000000e+04
5.405300000000000000e+04
3.725300000000000000e+04
5.533600000000000000e+04
8.290100000000000000e+04
1.774680000000000000e+05
1.772480000000000000e+05
1.213030000000000000e+05
1.092980000000000000e+05
5.347900000000000000e+04
3.251400000000000000e+04
3.142700000000000000e+04
3.399900000000000000e+04
7.244800000000000000e+04
1.025090000000000000e+05
1.371190000000000000e+05
2.093320000000000000e+05
2.540460000000000000e+05
1.575270000000000000e+05
5.021600000000000000e+04
3.600100000000000000e+04
2.395300000000000000e+04
2.966700000000000000e+04
4.829900000000000000e+04
1.034750000000000000e+05
1.040640000000000000e+05
1.192520000000000000e+05
1.972290000000000000e+05
1.141440000000000000e+05
6.983600000000000000e+04
6.119800000000000000e+04
3.666600000000000000e+04
4.546700000000000000e+04
6.648500000000000000e+04
1.291580000000000000e+05
8.991100000000000000e+04
1.657820000000000000e+05
1.887910000000000000e+05
8.102800000000000000e+04
7.460400000000000000e+04
4.401800000000000000e+04
5.753500000000000000e+04
5.401700000000000000e+04
9.331500000000000000e+04
1.007580000000000000e+05
1.059390000000000000e+05
2.190970000000000000e+05
1.378360000000000000e+05
6.615300000000000000e+04
6.188000000000000000e+04
3.221600000000000000e+04
4.080500000000000000e+04
8.381400000000000000e+04
2.564690000000000000e+05
3.872710000000000000e+05
3.209530000000000000e+05
1.333980000000000000e+05
4.849300000000000000e+04
3.900400000000000000e+04
2.474900000000000000e+04
2.919400000000000000e+04
4.664600000000000000e+04
1.449860000000000000e+05
3.351230000000000000e+05
5.032290000000000000e+05
3.423050000000000000e+05
1.031410000000000000e+05
6.448500000000000000e+04
4.159000000000000000e+04
3.533200000000000000e+04
3.746600000000000000e+04
7.886700000000000000e+04
2.045620000000000000e+05
3.763940000000000000e+05
3.636360000000000000e+05
1.567610000000000000e+05
4.623000000000000000e+04
3.312100000000000000e+04
2.350700000000000000e+04
2.495600000000000000e+04
3.507600000000000000e+04
8.744600000000000000e+04
2.017700000000000000e+05
2.548960000000000000e+05
1.813680000000000000e+05
7.249500000000000000e+04
3.185800000000000000e+04
3.319800000000000000e+04
2.698600000000000000e+04
3.608800000000000000e+04
5.441800000000000000e+04
1.482300000000000000e+05
2.392200000000000000e+05
2.143020000000000000e+05
1.314860000000000000e+05
5.005400000000000000e+04
3.580700000000000000e+04
3.253800000000000000e+04
2.676300000000000000e+04
3.541100000000000000e+04
5.703200000000000000e+04
1.213300000000000000e+05
1.273060000000000000e+05
1.136620000000000000e+05
7.971300000000000000e+04
3.163000000000000000e+04
2.990400000000000000e+04
2.094100000000000000e+04
3.095000000000000000e+04
4.115900000000000000e+04
5.561400000000000000e+04
6.663700000000000000e+04
9.450500000000000000e+04
1.321450000000000000e+05
7.739400000000000000e+04
2.940400000000000000e+04
2.414000000000000000e+04
1.558000000000000000e+04
1.732500000000000000e+04
3.898900000000000000e+04
1.050020000000000000e+05
2.020130000000000000e+05
1.989360000000000000e+05
8.247700000000000000e+04
3.448900000000000000e+04
2.762200000000000000e+04
1.788000000000000000e+04
1.908400000000000000e+04
2.130100000000000000e+04
4.769600000000000000e+04
1.014970000000000000e+05
1.491080000000000000e+05
9.959700000000000000e+04
3.387700000000000000e+04
2.150700000000000000e+04
1.654400000000000000e+04
1.983800000000000000e+04
2.128100000000000000e+04
3.114200000000000000e+04
7.571200000000000000e+04
1.337860000000000000e+05
1.292750000000000000e+05
6.110600000000000000e+04
2.249800000000000000e+04
1.841200000000000000e+04
1.338400000000000000e+04
1.514000000000000000e+04
1.550100000000000000e+04
1.976100000000000000e+04
3.300900000000000000e+04
3.963400000000000000e+04
3.211000000000000000e+04
1.988300000000000000e+04
1.188200000000000000e+04
1.230500000000000000e+04
1.142900000000000000e+04
1.060600000000000000e+04
1.216600000000000000e+04
1.876400000000000000e+04
2.817400000000000000e+04
2.776300000000000000e+04
1.909400000000000000e+04
1.266500000000000000e+04
1.148000000000000000e+04
1.168000000000000000e+04
1.079700000000000000e+04
1.049500000000000000e+04
1.208400000000000000e+04
1.695700000000000000e+04
1.709800000000000000e+04
1.604800000000000000e+04
1.342600000000000000e+04
1.118700000000000000e+04
1.143400000000000000e+04
1.102300000000000000e+04
1.154100000000000000e+04
1.185500000000000000e+04
1.700200000000000000e+04
2.961500000000000000e+04
4.028700000000000000e+04
3.029800000000000000e+04
1.613500000000000000e+04
1.488600000000000000e+04
1.176600000000000000e+04
1.194200000000000000e+04
1.261400000000000000e+04
1.816900000000000000e+04
3.487500000000000000e+04
6.571700000000000000e+04
7.232800000000000000e+04
3.623800000000000000e+04
1.693400000000000000e+04
1.422000000000000000e+04
1.215700000000000000e+04
1.322600000000000000e+04
1.519800000000000000e+04
3.208200000000000000e+04
7.049100000000000000e+04
1.105990000000000000e+05
8.752100000000000000e+04
3.343000000000000000e+04
1.950500000000000000e+04
1.781800000000000000e+04
1.638900000000000000e+04
2.025300000000000000e+04
2.605700000000000000e+04
3.906900000000000000e+04
3.689500000000000000e+04
5.823600000000000000e+04
8.670700000000000000e+04
4.651900000000000000e+04
3.080600000000000000e+04
2.643700000000000000e+04
1.884700000000000000e+04
2.683900000000000000e+04
5.347500000000000000e+04
1.270170000000000000e+05
1.480070000000000000e+05
1.203050000000000000e+05
6.150100000000000000e+04
3.012500000000000000e+04
3.276600000000000000e+04
2.264900000000000000e+04
2.882900000000000000e+04
4.545100000000000000e+04
1.215650000000000000e+05
2.028590000000000000e+05
2.001050000000000000e+05
1.391950000000000000e+05
5.619800000000000000e+04
3.826700000000000000e+04
3.317300000000000000e+04
2.625200000000000000e+04
3.935700000000000000e+04
8.032300000000000000e+04
1.876370000000000000e+05
2.309640000000000000e+05
1.908940000000000000e+05
1.010910000000000000e+05
3.778100000000000000e+04
3.658500000000000000e+04
2.488500000000000000e+04
3.111600000000000000e+04
4.772500000000000000e+04
1.265060000000000000e+05
2.686570000000000000e+05
3.430210000000000000e+05
2.362710000000000000e+05
7.616900000000000000e+04
3.831000000000000000e+04
2.574100000000000000e+04
2.308400000000000000e+04
2.783400000000000000e+04
6.388600000000000000e+04
1.734940000000000000e+05
3.368900000000000000e+05
3.515640000000000000e+05
1.703990000000000000e+05
5.249000000000000000e+04
3.986400000000000000e+04
2.803100000000000000e+04
2.949500000000000000e+04
4.205500000000000000e+04
1.162760000000000000e+05
2.539050000000000000e+05
3.253380000000000000e+05
2.493880000000000000e+05
9.586200000000000000e+04
4.514900000000000000e+04
4.059800000000000000e+04
2.757400000000000000e+04
3.368700000000000000e+04
5.336500000000000000e+04
1.328320000000000000e+05
2.185950000000000000e+05
2.235530000000000000e+05
1.485090000000000000e+05
5.672300000000000000e+04
4.606400000000000000e+04
3.675000000000000000e+04
2.863700000000000000e+04
3.731100000000000000e+04
7.721000000000000000e+04
1.430130000000000000e+05
1.297570000000000000e+05
1.387290000000000000e+05
9.131800000000000000e+04
3.591500000000000000e+04
3.464100000000000000e+04
2.189100000000000000e+04
2.390800000000000000e+04
3.105000000000000000e+04
7.251800000000000000e+04
9.434700000000000000e+04
8.397700000000000000e+04
1.300480000000000000e+05
8.051300000000000000e+04
3.818800000000000000e+04
3.484200000000000000e+04
2.382000000000000000e+04
3.556600000000000000e+04
4.537100000000000000e+04
6.895500000000000000e+04
9.763100000000000000e+04
1.396700000000000000e+05
1.068600000000000000e+05
3.849400000000000000e+04
2.173400000000000000e+04
1.950200000000000000e+04
2.174900000000000000e+04
4.459800000000000000e+04
1.179910000000000000e+05
2.842200000000000000e+05
3.903890000000000000e+05
2.546800000000000000e+05
7.880800000000000000e+04
4.748000000000000000e+04
3.540200000000000000e+04
3.063600000000000000e+04
3.737800000000000000e+04
7.863400000000000000e+04
1.986050000000000000e+05
3.604480000000000000e+05
3.830680000000000000e+05
1.871510000000000000e+05
5.932300000000000000e+04
4.991400000000000000e+04
3.058800000000000000e+04
3.643500000000000000e+04
5.130500000000000000e+04
1.151070000000000000e+05
2.350180000000000000e+05
3.259470000000000000e+05
2.636210000000000000e+05
1.072610000000000000e+05
4.840600000000000000e+04
4.643400000000000000e+04
2.773500000000000000e+04
3.875700000000000000e+04
6.485100000000000000e+04
1.588960000000000000e+05
2.313090000000000000e+05
2.377290000000000000e+05
1.510530000000000000e+05
5.322600000000000000e+04
3.233200000000000000e+04
2.781200000000000000e+04
2.436800000000000000e+04
3.871300000000000000e+04
7.215100000000000000e+04
1.512140000000000000e+05
1.593360000000000000e+05
1.523050000000000000e+05
1.151910000000000000e+05
4.345600000000000000e+04
4.146300000000000000e+04
2.687100000000000000e+04
3.336900000000000000e+04
5.043400000000000000e+04
1.215560000000000000e+05
2.019880000000000000e+05
1.816780000000000000e+05
1.692770000000000000e+05
8.730200000000000000e+04
4.443500000000000000e+04
3.978400000000000000e+04
3.151200000000000000e+04
5.015200000000000000e+04
7.730300000000000000e+04
1.827440000000000000e+05
2.724790000000000000e+05
2.622360000000000000e+05
1.247630000000000000e+05
3.954000000000000000e+04
3.289500000000000000e+04
2.371200000000000000e+04
3.447500000000000000e+04
5.227900000000000000e+04
1.182750000000000000e+05
2.367300000000000000e+05
3.145180000000000000e+05
2.593650000000000000e+05
9.282000000000000000e+04
3.813700000000000000e+04
2.810200000000000000e+04
3.045100000000000000e+04
4.033800000000000000e+04
7.598200000000000000e+04
1.785030000000000000e+05
2.920680000000000000e+05
2.627670000000000000e+05
1.617060000000000000e+05
6.010700000000000000e+04
3.826800000000000000e+04
3.081600000000000000e+04
3.503700000000000000e+04
3.766900000000000000e+04
5.112800000000000000e+04
8.572800000000000000e+04
1.004000000000000000e+05
8.496800000000000000e+04
4.731800000000000000e+04
2.567700000000000000e+04
2.370400000000000000e+04
2.505600000000000000e+04
2.886200000000000000e+04
4.422000000000000000e+04
8.285100000000000000e+04
1.368340000000000000e+05
1.487500000000000000e+05
1.720160000000000000e+05
9.307300000000000000e+04
5.285100000000000000e+04
4.052500000000000000e+04
3.379200000000000000e+04
4.350000000000000000e+04
7.096400000000000000e+04
1.363470000000000000e+05
1.410990000000000000e+05
1.612040000000000000e+05
1.247340000000000000e+05
4.642900000000000000e+04
4.793100000000000000e+04
3.386700000000000000e+04
4.764700000000000000e+04
5.442800000000000000e+04
9.889100000000000000e+04
1.300080000000000000e+05
1.023440000000000000e+05
1.464920000000000000e+05
8.387900000000000000e+04
4.474600000000000000e+04
3.614500000000000000e+04
2.602100000000000000e+04
3.503000000000000000e+04
6.221700000000000000e+04
1.617890000000000000e+05
3.274150000000000000e+05
3.884940000000000000e+05
1.939670000000000000e+05
5.443700000000000000e+04
2.554700000000000000e+04
1.927800000000000000e+04
2.446400000000000000e+04
3.503300000000000000e+04
8.394100000000000000e+04
2.142210000000000000e+05
3.930840000000000000e+05
3.400800000000000000e+05
1.219110000000000000e+05
4.462300000000000000e+04
2.564100000000000000e+04
2.688500000000000000e+04
3.292100000000000000e+04
5.972800000000000000e+04
1.456500000000000000e+05
3.048340000000000000e+05
3.661730000000000000e+05
2.034310000000000000e+05
5.972200000000000000e+04
4.205500000000000000e+04
3.108800000000000000e+04
4.545600000000000000e+04
6.062600000000000000e+04
1.186910000000000000e+05
2.418880000000000000e+05
3.388900000000000000e+05
3.052690000000000000e+05
1.265180000000000000e+05
4.467800000000000000e+04
4.074800000000000000e+04
3.117500000000000000e+04
4.654100000000000000e+04
6.938300000000000000e+04
1.547030000000000000e+05
2.328330000000000000e+05
2.603960000000000000e+05
1.981110000000000000e+05
7.155100000000000000e+04
3.389400000000000000e+04
2.611500000000000000e+04
2.076800000000000000e+04
2.696900000000000000e+04
3.854300000000000000e+04
7.525300000000000000e+04
9.840700000000000000e+04
1.787160000000000000e+05
1.778180000000000000e+05
7.239500000000000000e+04
5.163000000000000000e+04
3.005000000000000000e+04
3.471700000000000000e+04
3.408200000000000000e+04
6.549400000000000000e+04
9.233900000000000000e+04
8.384800000000000000e+04
7.655400000000000000e+04
6.272400000000000000e+04
3.243500000000000000e+04
2.341100000000000000e+04
2.431900000000000000e+04
3.635400000000000000e+04
6.459700000000000000e+04
1.442670000000000000e+05
2.516740000000000000e+05
2.418610000000000000e+05
1.502800000000000000e+05
5.156700000000000000e+04
3.789500000000000000e+04
2.744300000000000000e+04
4.202500000000000000e+04
5.302100000000000000e+04
1.005960000000000000e+05
1.968810000000000000e+05
2.576990000000000000e+05
2.234910000000000000e+05
1.022780000000000000e+05
3.618700000000000000e+04
3.384800000000000000e+04
2.859900000000000000e+04
4.928700000000000000e+04
5.945400000000000000e+04
1.217730000000000000e+05
1.780790000000000000e+05
1.823500000000000000e+05
1.607870000000000000e+05
6.547800000000000000e+04
4.220900000000000000e+04
3.485600000000000000e+04
3.791100000000000000e+04
5.460500000000000000e+04
8.005200000000000000e+04
1.368680000000000000e+05
1.393970000000000000e+05
1.730700000000000000e+05
1.393600000000000000e+05
5.538800000000000000e+04
4.641600000000000000e+04
2.982800000000000000e+04
4.298300000000000000e+04
4.930400000000000000e+04
9.676500000000000000e+04
1.158720000000000000e+05
1.460360000000000000e+05
2.011160000000000000e+05
1.075370000000000000e+05
4.351500000000000000e+04
3.316800000000000000e+04
2.461400000000000000e+04
3.590400000000000000e+04
4.040400000000000000e+04
8.019000000000000000e+04
8.701400000000000000e+04
1.607240000000000000e+05
1.928810000000000000e+05
7.997400000000000000e+04
4.517300000000000000e+04
3.099800000000000000e+04
4.222000000000000000e+04
5.703900000000000000e+04
1.106790000000000000e+05
2.142960000000000000e+05
2.757160000000000000e+05
2.195220000000000000e+05
8.133000000000000000e+04
3.908100000000000000e+04
3.584700000000000000e+04
3.414100000000000000e+04
5.051100000000000000e+04
7.588700000000000000e+04
1.511670000000000000e+05
2.437720000000000000e+05
2.623750000000000000e+05
1.463570000000000000e+05
4.702300000000000000e+04
3.263800000000000000e+04
2.460000000000000000e+04
3.397700000000000000e+04
5.074400000000000000e+04
8.028000000000000000e+04
1.500880000000000000e+05
1.994570000000000000e+05
1.848130000000000000e+05
1.065990000000000000e+05
4.307100000000000000e+04
3.496300000000000000e+04
2.132100000000000000e+04
2.906000000000000000e+04
2.814600000000000000e+04
5.647300000000000000e+04
8.227200000000000000e+04
8.777000000000000000e+04
7.925400000000000000e+04
5.897500000000000000e+04
2.740900000000000000e+04
2.664000000000000000e+04
2.439900000000000000e+04
3.724100000000000000e+04
5.384100000000000000e+04
1.047550000000000000e+05
1.056980000000000000e+05
1.218310000000000000e+05
1.483790000000000000e+05
6.719800000000000000e+04
5.470300000000000000e+04
3.228800000000000000e+04
4.569400000000000000e+04
4.690500000000000000e+04
9.222100000000000000e+04
1.105360000000000000e+05
1.079950000000000000e+05
1.284810000000000000e+05
7.613100000000000000e+04
3.568500000000000000e+04
3.536500000000000000e+04
2.794400000000000000e+04
4.761700000000000000e+04
4.857000000000000000e+04
9.424200000000000000e+04
8.705900000000000000e+04
1.202700000000000000e+05
1.485120000000000000e+05
6.345600000000000000e+04
4.110400000000000000e+04
3.036000000000000000e+04
4.085600000000000000e+04
5.079100000000000000e+04
8.564300000000000000e+04
1.519250000000000000e+05
1.715420000000000000e+05
1.711120000000000000e+05
9.494100000000000000e+04
3.404500000000000000e+04
2.664700000000000000e+04
2.770900000000000000e+04
4.513100000000000000e+04
5.929600000000000000e+04
1.171830000000000000e+05
1.666980000000000000e+05
1.878100000000000000e+05
1.315550000000000000e+05
4.721900000000000000e+04
3.110900000000000000e+04
2.787000000000000000e+04
3.532200000000000000e+04
5.232100000000000000e+04
6.990300000000000000e+04
1.212970000000000000e+05
1.441440000000000000e+05
1.697060000000000000e+05
1.097870000000000000e+05
3.835600000000000000e+04
3.308500000000000000e+04
2.644400000000000000e+04
3.986700000000000000e+04
4.890400000000000000e+04
8.007800000000000000e+04
1.139380000000000000e+05
1.241090000000000000e+05
1.425320000000000000e+05
8.068000000000000000e+04
3.959600000000000000e+04
3.318400000000000000e+04
3.142800000000000000e+04
4.240000000000000000e+04
4.160000000000000000e+04
6.360000000000000000e+04
6.312700000000000000e+04
1.214870000000000000e+05
1.330500000000000000e+05
6.064700000000000000e+04
3.998300000000000000e+04
2.687900000000000000e+04
3.366400000000000000e+04
3.246800000000000000e+04
3.645900000000000000e+04
5.046500000000000000e+04
7.340100000000000000e+04
1.702830000000000000e+05
1.336550000000000000e+05
5.011700000000000000e+04
2.855300000000000000e+04
1.553200000000000000e+04
1.707600000000000000e+04
2.079600000000000000e+04
4.750700000000000000e+04
8.086600000000000000e+04
6.552600000000000000e+04
5.254500000000000000e+04
5.410600000000000000e+04
2.645100000000000000e+04
2.333000000000000000e+04
2.416900000000000000e+04
4.645000000000000000e+04
7.617600000000000000e+04
1.682260000000000000e+05
2.226250000000000000e+05
1.936470000000000000e+05
1.069270000000000000e+05
4.192200000000000000e+04
3.472100000000000000e+04
2.773600000000000000e+04
4.587300000000000000e+04
6.091700000000000000e+04
1.179880000000000000e+05
1.737560000000000000e+05
1.917650000000000000e+05
1.204670000000000000e+05
4.130300000000000000e+04
2.695200000000000000e+04
2.462100000000000000e+04
3.328900000000000000e+04
4.562700000000000000e+04
6.252400000000000000e+04
1.104190000000000000e+05
1.231570000000000000e+05
1.449970000000000000e+05
9.870300000000000000e+04
3.603900000000000000e+04
2.790000000000000000e+04
2.315800000000000000e+04
3.373400000000000000e+04
4.282200000000000000e+04
7.854300000000000000e+04
1.053270000000000000e+05
9.817300000000000000e+04
1.153840000000000000e+05
7.053800000000000000e+04
3.292800000000000000e+04
2.761200000000000000e+04
2.862400000000000000e+04
4.206900000000000000e+04
4.899700000000000000e+04
8.438500000000000000e+04
8.463600000000000000e+04
1.044600000000000000e+05
1.038190000000000000e+05
4.570100000000000000e+04
3.233900000000000000e+04
2.253300000000000000e+04
2.924400000000000000e+04
3.121700000000000000e+04
4.123900000000000000e+04
5.552700000000000000e+04
7.209300000000000000e+04
1.407140000000000000e+05
9.855000000000000000e+04
3.873900000000000000e+04
2.937700000000000000e+04
2.395900000000000000e+04
3.752800000000000000e+04
4.716300000000000000e+04
9.896600000000000000e+04
1.422570000000000000e+05
1.764500000000000000e+05
1.506940000000000000e+05
5.804700000000000000e+04
3.244700000000000000e+04
2.558700000000000000e+04
3.568200000000000000e+04
4.700900000000000000e+04
7.838800000000000000e+04
1.362920000000000000e+05
1.850600000000000000e+05
1.601950000000000000e+05
6.558500000000000000e+04
2.868200000000000000e+04
2.879000000000000000e+04
2.615000000000000000e+04
3.695800000000000000e+04
4.787800000000000000e+04
8.720900000000000000e+04
1.293210000000000000e+05
1.251830000000000000e+05
1.130080000000000000e+05
5.608500000000000000e+04
2.910400000000000000e+04
1.992400000000000000e+04
1.610300000000000000e+04
1.872900000000000000e+04
2.523800000000000000e+04
5.718300000000000000e+04
7.506400000000000000e+04
6.363800000000000000e+04
5.801600000000000000e+04
4.152700000000000000e+04
1.884900000000000000e+04
1.862800000000000000e+04
1.937300000000000000e+04
3.022400000000000000e+04
4.860400000000000000e+04
7.590600000000000000e+04
7.247600000000000000e+04
1.148880000000000000e+05
8.664000000000000000e+04
4.496700000000000000e+04
3.924300000000000000e+04
3.039100000000000000e+04
4.375100000000000000e+04
5.054900000000000000e+04
9.654200000000000000e+04
9.091200000000000000e+04
1.056910000000000000e+05
9.397300000000000000e+04
4.056900000000000000e+04
3.545500000000000000e+04
2.540600000000000000e+04
2.480500000000000000e+04
2.866300000000000000e+04
3.831600000000000000e+04
5.931300000000000000e+04
5.090600000000000000e+04
9.274100000000000000e+04
7.941700000000000000e+04
3.807000000000000000e+04
3.439200000000000000e+04
2.366700000000000000e+04
3.522900000000000000e+04
4.470600000000000000e+04
9.755800000000000000e+04
1.516830000000000000e+05
1.798270000000000000e+05
1.257520000000000000e+05
4.416800000000000000e+04
2.830900000000000000e+04
2.326900000000000000e+04
3.077600000000000000e+04
4.113400000000000000e+04
6.893700000000000000e+04
1.265810000000000000e+05
1.728040000000000000e+05
1.469890000000000000e+05
6.676000000000000000e+04
3.223600000000000000e+04
2.805100000000000000e+04
2.566500000000000000e+04
4.254700000000000000e+04
5.349600000000000000e+04
9.750400000000000000e+04
1.330480000000000000e+05
1.444750000000000000e+05
1.072090000000000000e+05
4.243900000000000000e+04
2.589700000000000000e+04
2.305600000000000000e+04
2.472500000000000000e+04
3.815700000000000000e+04
5.008100000000000000e+04
9.244800000000000000e+04
9.995000000000000000e+04
9.699700000000000000e+04
7.892400000000000000e+04
3.343800000000000000e+04
2.690900000000000000e+04
2.155700000000000000e+04
3.456000000000000000e+04
3.632100000000000000e+04
5.054000000000000000e+04
6.486400000000000000e+04
7.820000000000000000e+04
1.153750000000000000e+05
7.611500000000000000e+04
4.091300000000000000e+04
3.346000000000000000e+04
2.691600000000000000e+04
3.962700000000000000e+04
3.660800000000000000e+04
6.559400000000000000e+04
5.284800000000000000e+04
7.266400000000000000e+04
9.543100000000000000e+04
4.795300000000000000e+04
2.099100000000000000e+04
1.308100000000000000e+04
1.144800000000000000e+04
1.417200000000000000e+04
2.447900000000000000e+04
4.967000000000000000e+04
5.835400000000000000e+04
4.892900000000000000e+04
4.733100000000000000e+04
2.896000000000000000e+04
2.011100000000000000e+04
2.347700000000000000e+04
2.453900000000000000e+04
4.298400000000000000e+04
7.144000000000000000e+04
1.128060000000000000e+05
1.175520000000000000e+05
8.700400000000000000e+04
3.982400000000000000e+04
3.004900000000000000e+04
2.334200000000000000e+04
3.083100000000000000e+04
4.013800000000000000e+04
5.824900000000000000e+04
9.513300000000000000e+04
9.893900000000000000e+04
1.087130000000000000e+05
7.129900000000000000e+04
3.103300000000000000e+04
2.883500000000000000e+04
2.064400000000000000e+04
3.204100000000000000e+04
4.043000000000000000e+04
6.910900000000000000e+04
8.578200000000000000e+04
8.153900000000000000e+04
9.303600000000000000e+04
5.322300000000000000e+04
3.302900000000000000e+04
2.469000000000000000e+04
2.592300000000000000e+04
3.566900000000000000e+04
3.753100000000000000e+04
6.367500000000000000e+04
5.984900000000000000e+04
7.717600000000000000e+04
7.863000000000000000e+04
3.730100000000000000e+04
3.208500000000000000e+04
2.258100000000000000e+04
3.363900000000000000e+04
3.516100000000000000e+04
4.766700000000000000e+04
5.834200000000000000e+04
5.907800000000000000e+04
1.021620000000000000e+05
6.984600000000000000e+04
3.572000000000000000e+04
3.026500000000000000e+04
2.182900000000000000e+04
3.165600000000000000e+04
2.682700000000000000e+04
4.334300000000000000e+04
4.343600000000000000e+04
7.481400000000000000e+04
1.123010000000000000e+05
5.951900000000000000e+04
3.607700000000000000e+04
2.772900000000000000e+04
3.119600000000000000e+04
4.289500000000000000e+04
6.510900000000000000e+04
1.158310000000000000e+05
1.273910000000000000e+05
1.183170000000000000e+05
6.246100000000000000e+04
2.822900000000000000e+04
2.356000000000000000e+04
2.446100000000000000e+04
3.814900000000000000e+04
5.650700000000000000e+04
9.530100000000000000e+04
1.447890000000000000e+05
1.677780000000000000e+05
1.038190000000000000e+05
4.028000000000000000e+04
2.934500000000000000e+04
2.208200000000000000e+04
3.249900000000000000e+04
4.518700000000000000e+04
6.206400000000000000e+04
1.016370000000000000e+05
1.196130000000000000e+05
1.156420000000000000e+05
6.774800000000000000e+04
2.800100000000000000e+04
1.895700000000000000e+04
1.202700000000000000e+04
1.213200000000000000e+04
1.387000000000000000e+04
2.197200000000000000e+04
3.823100000000000000e+04
5.351200000000000000e+04
6.249700000000000000e+04
4.938100000000000000e+04
2.154600000000000000e+04
1.706300000000000000e+04
1.857200000000000000e+04
2.582100000000000000e+04
3.713900000000000000e+04
6.985000000000000000e+04
8.514500000000000000e+04
8.534300000000000000e+04
7.598000000000000000e+04
3.398000000000000000e+04
2.955600000000000000e+04
2.164700000000000000e+04
3.460600000000000000e+04
3.845800000000000000e+04
5.811100000000000000e+04
8.595800000000000000e+04
8.212600000000000000e+04
7.297700000000000000e+04
3.753700000000000000e+04
2.586200000000000000e+04
2.442300000000000000e+04
2.463200000000000000e+04
3.512900000000000000e+04
4.056300000000000000e+04
7.497700000000000000e+04
9.152100000000000000e+04
8.682900000000000000e+04
7.194600000000000000e+04
3.404200000000000000e+04
2.603500000000000000e+04
2.287400000000000000e+04
2.809000000000000000e+04
4.009500000000000000e+04
6.171300000000000000e+04
1.077180000000000000e+05
1.544480000000000000e+05
1.420650000000000000e+05
6.491400000000000000e+04
3.650800000000000000e+04
2.595900000000000000e+04
2.584800000000000000e+04
3.858600000000000000e+04
6.048200000000000000e+04
9.805100000000000000e+04
1.411290000000000000e+05
1.630190000000000000e+05
1.008840000000000000e+05
4.163300000000000000e+04
3.414900000000000000e+04
2.526700000000000000e+04
3.044400000000000000e+04
4.303100000000000000e+04
6.418300000000000000e+04
1.062210000000000000e+05
1.366440000000000000e+05
1.226120000000000000e+05
6.337900000000000000e+04
3.299400000000000000e+04
2.398800000000000000e+04
2.076800000000000000e+04
3.217500000000000000e+04
4.794600000000000000e+04
8.448900000000000000e+04
1.232320000000000000e+05
1.455090000000000000e+05
1.067970000000000000e+05
4.278200000000000000e+04
3.136100000000000000e+04
2.498300000000000000e+04
2.829800000000000000e+04
4.227900000000000000e+04
5.796800000000000000e+04
1.022490000000000000e+05
1.204840000000000000e+05
1.036150000000000000e+05
5.857500000000000000e+04
3.161700000000000000e+04
3.161400000000000000e+04
2.183500000000000000e+04
3.050200000000000000e+04
3.894300000000000000e+04
5.951800000000000000e+04
8.107300000000000000e+04
7.512000000000000000e+04
6.788700000000000000e+04
4.132300000000000000e+04
2.266300000000000000e+04
1.719900000000000000e+04
1.221300000000000000e+04
1.303300000000000000e+04
1.246600000000000000e+04
1.513000000000000000e+04
3.048000000000000000e+04
5.832800000000000000e+04
5.534400000000000000e+04
2.680400000000000000e+04
1.541900000000000000e+04
1.914300000000000000e+04
2.076700000000000000e+04
3.056100000000000000e+04
5.086200000000000000e+04
6.963400000000000000e+04
1.331540000000000000e+05
1.522930000000000000e+05
8.272100000000000000e+04
4.311500000000000000e+04
2.409600000000000000e+04
1.830500000000000000e+04
2.420000000000000000e+04
3.956500000000000000e+04
6.394400000000000000e+04
9.712300000000000000e+04
1.497450000000000000e+05
1.216760000000000000e+05
6.335000000000000000e+04
4.233700000000000000e+04
2.384600000000000000e+04
2.603100000000000000e+04
3.492000000000000000e+04
6.315300000000000000e+04
8.769700000000000000e+04
1.341090000000000000e+05
1.391370000000000000e+05
7.004800000000000000e+04
3.759400000000000000e+04
2.834500000000000000e+04
2.149800000000000000e+04
3.082900000000000000e+04
4.692000000000000000e+04
8.013500000000000000e+04
1.089750000000000000e+05
1.149680000000000000e+05
8.326200000000000000e+04
4.182000000000000000e+04
3.149400000000000000e+04
2.181700000000000000e+04
2.056900000000000000e+04
2.985200000000000000e+04
4.635300000000000000e+04
7.178000000000000000e+04
8.996800000000000000e+04
1.008280000000000000e+05
6.680400000000000000e+04
3.191500000000000000e+04
2.948400000000000000e+04
2.200600000000000000e+04
2.744600000000000000e+04
3.749900000000000000e+04
5.862600000000000000e+04
8.336200000000000000e+04
7.597200000000000000e+04
6.492400000000000000e+04
3.836100000000000000e+04
2.910000000000000000e+04
2.791500000000000000e+04
2.251900000000000000e+04
3.402600000000000000e+04
5.339300000000000000e+04
8.703900000000000000e+04
9.778400000000000000e+04
8.815400000000000000e+04
5.435200000000000000e+04
2.565100000000000000e+04
2.621500000000000000e+04
2.216700000000000000e+04
2.416800000000000000e+04
3.811900000000000000e+04
5.919000000000000000e+04
8.815300000000000000e+04
9.091900000000000000e+04
6.740800000000000000e+04
3.890900000000000000e+04
2.914800000000000000e+04
2.629400000000000000e+04
1.864300000000000000e+04
2.576400000000000000e+04
3.288200000000000000e+04
6.114700000000000000e+04
6.788800000000000000e+04
5.962700000000000000e+04
6.222300000000000000e+04
3.851700000000000000e+04
1.951200000000000000e+04
1.291100000000000000e+04
1.008900000000000000e+04
1.016900000000000000e+04
1.321700000000000000e+04
2.510400000000000000e+04
4.223700000000000000e+04
4.459300000000000000e+04
3.631200000000000000e+04
2.179500000000000000e+04
1.384100000000000000e+04
1.773700000000000000e+04
1.788100000000000000e+04
1.866000000000000000e+04
2.698900000000000000e+04
2.895900000000000000e+04
2.879000000000000000e+04
4.841900000000000000e+04
4.867600000000000000e+04
3.388300000000000000e+04
2.409500000000000000e+04
1.701800000000000000e+04
2.257700000000000000e+04
2.133100000000000000e+04
3.800000000000000000e+04
3.645900000000000000e+04
4.288100000000000000e+04
7.302800000000000000e+04
4.856300000000000000e+04
2.911900000000000000e+04
1.932000000000000000e+04
1.982800000000000000e+04
2.175400000000000000e+04
3.110000000000000000e+04
4.367400000000000000e+04
3.906700000000000000e+04
7.373700000000000000e+04
6.306500000000000000e+04
3.187400000000000000e+04
3.414200000000000000e+04
2.690600000000000000e+04
3.411500000000000000e+04
4.385300000000000000e+04
7.517200000000000000e+04
9.423900000000000000e+04
7.892500000000000000e+04
5.275900000000000000e+04
3.048200000000000000e+04
3.099600000000000000e+04
2.377300000000000000e+04
2.838700000000000000e+04
3.578400000000000000e+04
5.270800000000000000e+04
8.151400000000000000e+04
8.318400000000000000e+04
6.816100000000000000e+04
3.642500000000000000e+04
2.625400000000000000e+04
2.521200000000000000e+04
2.168800000000000000e+04
3.293600000000000000e+04
4.140800000000000000e+04
6.357200000000000000e+04
7.425300000000000000e+04
5.940100000000000000e+04
4.457800000000000000e+04
2.802700000000000000e+04
2.367200000000000000e+04
1.965200000000000000e+04
1.970800000000000000e+04
2.473300000000000000e+04
2.975200000000000000e+04
4.690500000000000000e+04
4.178500000000000000e+04
4.570100000000000000e+04
5.061700000000000000e+04
3.269500000000000000e+04
2.615600000000000000e+04
1.775000000000000000e+04
2.064300000000000000e+04
2.245700000000000000e+04
3.650000000000000000e+04
4.547500000000000000e+04
3.104400000000000000e+04
4.110600000000000000e+04
3.808600000000000000e+04
2.362000000000000000e+04
1.790700000000000000e+04
1.383200000000000000e+04
1.675300000000000000e+04
1.955600000000000000e+04
3.519800000000000000e+04
3.443400000000000000e+04
4.762100000000000000e+04
6.433000000000000000e+04
3.653900000000000000e+04
1.853900000000000000e+04
1.444700000000000000e+04
1.157900000000000000e+04
1.112100000000000000e+04
1.163600000000000000e+04
1.867900000000000000e+04
3.879900000000000000e+04
5.539100000000000000e+04
4.281600000000000000e+04
2.227800000000000000e+04
1.713700000000000000e+04
2.612200000000000000e+04
2.938400000000000000e+04
4.251800000000000000e+04
6.310600000000000000e+04
7.123200000000000000e+04
7.195800000000000000e+04
4.744500000000000000e+04
2.821100000000000000e+04
2.758000000000000000e+04
2.170700000000000000e+04
2.392200000000000000e+04
3.355900000000000000e+04
5.107000000000000000e+04
8.002600000000000000e+04
9.058900000000000000e+04
6.876300000000000000e+04
3.567300000000000000e+04
2.670500000000000000e+04
2.633100000000000000e+04
2.194500000000000000e+04
2.879900000000000000e+04
3.442600000000000000e+04
5.762800000000000000e+04
7.029700000000000000e+04
5.972100000000000000e+04
4.750600000000000000e+04
3.088400000000000000e+04
2.686300000000000000e+04
2.083100000000000000e+04
2.332500000000000000e+04
2.998900000000000000e+04
3.964900000000000000e+04
5.812000000000000000e+04
5.201100000000000000e+04
4.233100000000000000e+04
3.337200000000000000e+04
2.614100000000000000e+04
2.739300000000000000e+04
1.999700000000000000e+04
2.683600000000000000e+04
3.260300000000000000e+04
4.891600000000000000e+04
6.197400000000000000e+04
4.815400000000000000e+04
4.924100000000000000e+04
3.796600000000000000e+04
3.218500000000000000e+04
2.448400000000000000e+04
1.881400000000000000e+04
2.657600000000000000e+04
3.277800000000000000e+04
5.250600000000000000e+04
4.538400000000000000e+04
4.950300000000000000e+04
4.994500000000000000e+04
2.930300000000000000e+04
2.734700000000000000e+04
1.968400000000000000e+04
2.052200000000000000e+04
2.740500000000000000e+04
3.988000000000000000e+04
5.394300000000000000e+04
7.438800000000000000e+04
8.177300000000000000e+04
5.984700000000000000e+04
3.835700000000000000e+04
2.000600000000000000e+04
1.660500000000000000e+04
1.861600000000000000e+04
2.768400000000000000e+04
3.939900000000000000e+04
4.845500000000000000e+04
7.807000000000000000e+04
8.123000000000000000e+04
5.379400000000000000e+04
2.663500000000000000e+04
1.457100000000000000e+04
1.600500000000000000e+04
2.002500000000000000e+04
3.241000000000000000e+04
4.202600000000000000e+04
6.495000000000000000e+04
8.547400000000000000e+04
6.231500000000000000e+04
2.934700000000000000e+04
1.376600000000000000e+04
1.032400000000000000e+04
1.020800000000000000e+04
9.790000000000000000e+03
1.111800000000000000e+04
1.655400000000000000e+04
3.315100000000000000e+04
4.513400000000000000e+04
3.103200000000000000e+04
1.800500000000000000e+04
1.605400000000000000e+04
1.555700000000000000e+04
2.035800000000000000e+04
2.767300000000000000e+04
3.761400000000000000e+04
4.089800000000000000e+04
3.764100000000000000e+04
3.181400000000000000e+04
2.606300000000000000e+04
1.932200000000000000e+04
1.343800000000000000e+04
1.707600000000000000e+04
1.912300000000000000e+04
2.793600000000000000e+04
4.165700000000000000e+04
4.550400000000000000e+04
4.820100000000000000e+04
3.987600000000000000e+04
2.360600000000000000e+04
1.404100000000000000e+04
1.322100000000000000e+04
1.476100000000000000e+04
1.797200000000000000e+04
2.998800000000000000e+04
4.144000000000000000e+04
4.760900000000000000e+04
4.561000000000000000e+04
2.998800000000000000e+04
1.826100000000000000e+04
1.402700000000000000e+04
1.349100000000000000e+04
1.869700000000000000e+04
2.781100000000000000e+04
4.742200000000000000e+04
8.482900000000000000e+04
1.063390000000000000e+05
8.171800000000000000e+04
3.815400000000000000e+04
1.657200000000000000e+04
1.460600000000000000e+04
1.427500000000000000e+04
1.809900000000000000e+04
2.900600000000000000e+04
4.438500000000000000e+04
7.717900000000000000e+04
8.929700000000000000e+04
5.419600000000000000e+04
2.078700000000000000e+04
1.314400000000000000e+04
1.341200000000000000e+04
1.295800000000000000e+04
1.930100000000000000e+04
3.023400000000000000e+04
4.847200000000000000e+04
7.210100000000000000e+04
6.478600000000000000e+04
3.220900000000000000e+04
1.362800000000000000e+04
1.146900000000000000e+04
1.242600000000000000e+04
1.517400000000000000e+04
2.277700000000000000e+04
3.197400000000000000e+04
4.242500000000000000e+04
4.968000000000000000e+04
4.093400000000000000e+04
2.120100000000000000e+04
1.213900000000000000e+04
1.334600000000000000e+04
1.406100000000000000e+04
1.724100000000000000e+04
2.678200000000000000e+04
3.382000000000000000e+04
3.967600000000000000e+04
4.495000000000000000e+04
3.605700000000000000e+04
1.878200000000000000e+04
1.181100000000000000e+04
1.206900000000000000e+04
1.183100000000000000e+04
1.791600000000000000e+04
2.544900000000000000e+04
2.499700000000000000e+04
3.083100000000000000e+04
3.587900000000000000e+04
2.412500000000000000e+04
1.323900000000000000e+04
1.107800000000000000e+04
9.668000000000000000e+03
1.069800000000000000e+04
1.226500000000000000e+04
1.875000000000000000e+04
2.563200000000000000e+04
2.365900000000000000e+04
1.964900000000000000e+04
1.563500000000000000e+04
1.237000000000000000e+04
1.188100000000000000e+04
1.465800000000000000e+04
1.914800000000000000e+04
2.677200000000000000e+04
4.738600000000000000e+04
7.458900000000000000e+04
7.011700000000000000e+04
3.567600000000000000e+04
1.570000000000000000e+04
1.406500000000000000e+04
1.299200000000000000e+04
1.427300000000000000e+04
1.818800000000000000e+04
2.536700000000000000e+04
4.558500000000000000e+04
6.205700000000000000e+04
4.744200000000000000e+04
2.191400000000000000e+04
1.430200000000000000e+04
1.478000000000000000e+04
1.303000000000000000e+04
1.552100000000000000e+04
2.311100000000000000e+04
3.177600000000000000e+04
4.286200000000000000e+04
4.466400000000000000e+04
3.020300000000000000e+04
1.543400000000000000e+04
1.315100000000000000e+04
1.494500000000000000e+04
1.638300000000000000e+04
2.178600000000000000e+04
2.414300000000000000e+04
2.288300000000000000e+04
2.692600000000000000e+04
2.981000000000000000e+04
2.216400000000000000e+04
1.316700000000000000e+04
1.289800000000000000e+04
1.355900000000000000e+04
1.373200000000000000e+04
1.938500000000000000e+04
2.438400000000000000e+04
2.835400000000000000e+04
3.665200000000000000e+04
3.503400000000000000e+04
1.949600000000000000e+04
1.291400000000000000e+04
1.425400000000000000e+04
1.294300000000000000e+04
1.574700000000000000e+04
2.173700000000000000e+04
2.209300000000000000e+04
2.640700000000000000e+04
3.347800000000000000e+04
2.660500000000000000e+04
1.419100000000000000e+04
1.202100000000000000e+04
1.268000000000000000e+04
1.243200000000000000e+04
1.827700000000000000e+04
2.537800000000000000e+04
2.874400000000000000e+04
3.316200000000000000e+04
2.895700000000000000e+04
1.629500000000000000e+04
1.210800000000000000e+04
1.478800000000000000e+04
1.375800000000000000e+04
1.511800000000000000e+04
2.093200000000000000e+04
2.520000000000000000e+04
3.238800000000000000e+04
3.571200000000000000e+04
2.529800000000000000e+04
1.342000000000000000e+04
1.202600000000000000e+04
1.217100000000000000e+04
1.156400000000000000e+04
1.677800000000000000e+04
2.096700000000000000e+04
2.391700000000000000e+04
3.160600000000000000e+04
2.912400000000000000e+04
1.695900000000000000e+04
1.255400000000000000e+04
1.185700000000000000e+04
1.290500000000000000e+04
1.851300000000000000e+04
2.459800000000000000e+04
2.863900000000000000e+04
2.644300000000000000e+04
1.885100000000000000e+04
1.252700000000000000e+04
1.079500000000000000e+04
1.233000000000000000e+04
1.169400000000000000e+04
1.120000000000000000e+04
1.410500000000000000e+04
1.295000000000000000e+04
1.455600000000000000e+04
2.479600000000000000e+04
2.612800000000000000e+04
1.717500000000000000e+04
1.072300000000000000e+04
9.513000000000000000e+03
9.215000000000000000e+03
9.269000000000000000e+03
9.660000000000000000e+03
1.029500000000000000e+04
1.575700000000000000e+04
2.532500000000000000e+04
2.454400000000000000e+04
1.506500000000000000e+04
1.032200000000000000e+04
1.020400000000000000e+04
9.667000000000000000e+03
9.403000000000000000e+03
1.002700000000000000e+04
1.221900000000000000e+04
1.914900000000000000e+04
2.612300000000000000e+04
2.567600000000000000e+04
1.688500000000000000e+04
1.191500000000000000e+04
1.326000000000000000e+04
1.331100000000000000e+04
1.293200000000000000e+04
1.817600000000000000e+04
2.280400000000000000e+04
2.121700000000000000e+04
1.714900000000000000e+04
1.363400000000000000e+04
1.095500000000000000e+04
1.189800000000000000e+04
1.455700000000000000e+04
1.491200000000000000e+04
1.834500000000000000e+04
2.657200000000000000e+04
3.065100000000000000e+04
2.494100000000000000e+04
1.757100000000000000e+04
1.277200000000000000e+04
1.090000000000000000e+04
1.248000000000000000e+04
1.415900000000000000e+04
1.404700000000000000e+04
1.560900000000000000e+04
2.093400000000000000e+04
2.364300000000000000e+04
2.161800000000000000e+04
1.686300000000000000e+04
1.214700000000000000e+04
1.076900000000000000e+04
1.297800000000000000e+04
1.387000000000000000e+04
1.310900000000000000e+04
1.754500000000000000e+04
2.531800000000000000e+04
2.539500000000000000e+04
1.710700000000000000e+04
1.075200000000000000e+04
9.112000000000000000e+03
9.194000000000000000e+03
1.051900000000000000e+04
1.102100000000000000e+04
1.152500000000000000e+04
1.464000000000000000e+04
1.940500000000000000e+04
2.015000000000000000e+04
1.543300000000000000e+04
1.049100000000000000e+04
9.186000000000000000e+03
9.962000000000000000e+03
1.094300000000000000e+04
1.218400000000000000e+04
1.398800000000000000e+04
1.860300000000000000e+04
2.386200000000000000e+04
2.006800000000000000e+04
1.286800000000000000e+04
1.110200000000000000e+04
1.064400000000000000e+04
1.047600000000000000e+04
1.520900000000000000e+04
1.942500000000000000e+04
1.947800000000000000e+04
1.658500000000000000e+04
1.280800000000000000e+04
1.016800000000000000e+04
1.057700000000000000e+04
1.073900000000000000e+04
1.105900000000000000e+04
1.445100000000000000e+04
1.987800000000000000e+04
2.925400000000000000e+04
3.798300000000000000e+04
3.555000000000000000e+04
2.278600000000000000e+04
1.272300000000000000e+04
1.064800000000000000e+04
1.253600000000000000e+04
1.360300000000000000e+04
1.462800000000000000e+04
1.822000000000000000e+04
2.592700000000000000e+04
3.379100000000000000e+04
3.270600000000000000e+04
2.253400000000000000e+04
1.302900000000000000e+04
1.091600000000000000e+04
1.293000000000000000e+04
1.432400000000000000e+04
1.519200000000000000e+04
1.875200000000000000e+04
2.393300000000000000e+04
2.582600000000000000e+04
2.218100000000000000e+04
1.533500000000000000e+04
1.044400000000000000e+04
1.124400000000000000e+04
1.347200000000000000e+04
1.450600000000000000e+04
1.673900000000000000e+04
2.333600000000000000e+04
2.912500000000000000e+04
2.792900000000000000e+04
1.942000000000000000e+04
1.188800000000000000e+04
9.856000000000000000e+03
1.173100000000000000e+04
1.289400000000000000e+04
1.284800000000000000e+04
1.569300000000000000e+04
2.319800000000000000e+04
2.796500000000000000e+04
2.400700000000000000e+04
1.575800000000000000e+04
1.013100000000000000e+04
9.748000000000000000e+03
1.070000000000000000e+04
