1.586036682128906250e+00,7.464645589882030663e+02
3.762262344360351562e+00,7.464192428730461870e+02
5.300241947174072266e+00,7.465052125749652987e+02
6.984299182891845703e+00,7.463482461008553628e+02
8.816075801849365234e+00,7.465800364827093745e+02
1.048957920074462891e+01,7.465301286968132217e+02
1.217794227600097656e+01,7.463794581090663769e+02
1.365834903717041016e+01,7.462996829691961693e+02
1.539141249656677246e+01,7.462150154076230137e+02
1.705591821670532227e+01,7.461182922596450453e+02
1.876805067062377930e+01,7.462920369357919981e+02
2.047826409339904785e+01,7.463826416605904797e+02
2.215786552429199219e+01,7.463522904266377509e+02
2.387579894065856934e+01,7.462467110565797839e+02
2.556019783020019531e+01,7.461082303796391670e+02
2.720136690139770508e+01,7.462403325072948519e+02
2.861161899566650391e+01,7.464082144686807396e+02
3.035606718063354492e+01,7.464008943518696242e+02
3.202760338783264160e+01,7.463768453058103205e+02
3.367767906188964844e+01,7.462366976654859627e+02
3.536379885673522949e+01,7.460641135709136051e+02
3.698816943168640137e+01,7.463063601594720922e+02
3.864025878906250000e+01,7.463707169833122634e+02
4.035538029670715332e+01,7.463556844592079642e+02
4.187090110778808594e+01,7.463433940420227373e+02
4.357096505165100098e+01,7.460229284476677094e+02
4.506034588813781738e+01,7.461643773542668896e+02
4.655658626556396484e+01,7.462165336146686059e+02
4.810504865646362305e+01,7.462578873202285195e+02
4.980252861976623535e+01,7.462127983798055766e+02
5.143507933616638184e+01,7.462013455204588581e+02
5.289177894592285156e+01,7.460763211524366625e+02
5.463198876380920410e+01,7.460917902424922659e+02
5.633198690414428711e+01,7.463278203789521967e+02
5.781317043304443359e+01,7.464438240130052691e+02
5.954214668273925781e+01,7.463642565257188153e+02
6.125769639015197754e+01,7.463243516866755272e+02
6.278602814674377441e+01,7.462053108492626734e+02
6.449212551116943359e+01,7.462813795819467941e+02
6.618199801445007324e+01,7.464614005191681372e+02
6.788466143608093262e+01,7.464387419192394191e+02
6.954270863533020020e+01,7.464413615792717565e+02
7.124809551239013672e+01,7.463716284810922161e+02
7.294848155975341797e+01,7.463565491156890630e+02
7.446490216255187988e+01,7.464883848385460396e+02
7.616804838180541992e+01,7.464143390962319700e+02
7.769141101837158203e+01,7.464232826445746696e+02
7.940318036079406738e+01,7.464845663712080750e+02
8.103888130187988281e+01,7.463019419010450974e+02
8.306981039047241211e+01,7.464663752149364200e+02
8.458940577507019043e+01,7.465686217851927040e+02
8.635182285308837891e+01,7.465002850011653663e+02
8.798352026939392090e+01,7.464990418757441830e+02
8.947589969635009766e+01,7.464144085507404043e+02
9.118981647491455078e+01,7.462695845697919594e+02
9.272420167922973633e+01,7.465059426687279256e+02
9.446331763267517090e+01,7.463962318777877272e+02
9.670276451110839844e+01,7.463296968131189715e+02
9.846447253227233887e+01,7.463877383874361158e+02
1.001981692314147949e+02,7.460485916862375007e+02
1.018914380073547363e+02,7.463862871094046341e+02
1.033597352504730225e+02,7.464991987580874593e+02
1.051419336795806885e+02,7.463871975435666855e+02
1.068242111206054688e+02,7.464183727487124997e+02
1.082997829914093018e+02,7.464370901743933473e+02
1.098322408199310303e+02,7.463989778249434721e+02
1.114540510177612305e+02,7.463906966753173720e+02
1.131700499057769775e+02,7.462704996156851394e+02
1.149141008853912354e+02,7.463702325762918690e+02
1.166230406761169434e+02,7.463722303119164962e+02
1.184724061489105225e+02,7.460493792102552106e+02
1.202253794670104980e+02,7.462744151798497114e+02
1.217462241649627686e+02,7.464056224633433203e+02
1.234776406288146973e+02,7.462832791098362577e+02
1.253176486492156982e+02,7.463754622724176215e+02
1.273941843509674072e+02,7.462118174953714060e+02
1.289443428516387939e+02,7.463379643845826195e+02
1.304679260253906250e+02,7.463727680333970511e+02
1.320177474021911621e+02,7.464518183914129850e+02
1.337516345977783203e+02,7.462619367822611594e+02
1.355166909694671631e+02,7.463419965854890279e+02
1.372524068355560303e+02,7.462915524432044094e+02
1.388054232597351074e+02,7.463998431900349715e+02
1.406116883754730225e+02,7.464442857079640135e+02
1.421856818199157715e+02,7.464856533161707830e+02
1.437880651950836182e+02,7.464611025583949413e+02
1.453847808837890625e+02,7.464539246365990266e+02
1.471448373794555664e+02,7.462921078840798828e+02
1.489392311573028564e+02,7.463903864990855936e+02
1.506402375698089600e+02,7.464104152712368432e+02
1.524254143238067627e+02,7.463898873135836993e+02
1.542346632480621338e+02,7.464067855432659826e+02
1.560122425556182861e+02,7.463070033215893773e+02
1.579212920665740967e+02,7.463587479463492400e+02
1.597204432487487793e+02,7.463494371274767900e+02
1.615096793174743652e+02,7.463535113849553682e+02
1.633169314861297607e+02,7.463766056556592048e+02
1.649119439125061035e+02,7.463421039422987633e+02
1.667037079334259033e+02,7.464139386194249255e+02
1.683143296241760254e+02,7.464622323224318734e+02
1.701023139953613281e+02,7.463514812103499025e+02
1.716680271625518799e+02,7.464089379642757649e+02
1.732675356864929199e+02,7.463507423660244058e+02
1.751125810146331787e+02,7.462530537045274741e+02
1.766894891262054443e+02,7.463811962226285459e+02
1.785018494129180908e+02,7.464226801655040617e+02
1.803329806327819824e+02,7.464362964792602497e+02
1.819200184345245361e+02,7.464391260591148693e+02
1.835440042018890381e+02,7.463414518507252069e+02
1.851309690475463867e+02,7.463386590223929034e+02
1.869081833362579346e+02,7.463479646455357397e+02
1.887576875686645508e+02,7.463612756819272818e+02
1.905780158042907715e+02,7.463235331994436592e+02
1.923820564746856689e+02,7.464015243437494291e+02
1.942117326259613037e+02,7.463476477287164244e+02
1.959851629734039307e+02,7.464644732471697353e+02
1.976216697692871094e+02,7.464448836140123831e+02
1.994417071342468262e+02,7.462996467842268657e+02
2.013043620586395264e+02,7.463293550433972996e+02
2.030611884593963623e+02,7.463258401160496760e+02
2.049024486541748047e+02,7.464919278466320520e+02
2.066990723609924316e+02,7.465278445223256085e+02
2.082869076728820801e+02,7.464081489156676525e+02
2.101758356094360352e+02,7.464192310587193333e+02
2.118152770996093750e+02,7.463401689793844298e+02
2.136638731956481934e+02,7.464007253941102817e+02
2.155414686203002930e+02,7.464575027074848776e+02
2.171946735382080078e+02,7.463889290828473122e+02
2.188666288852691650e+02,7.463953050920199530e+02
2.205314757823944092e+02,7.463223637595946229e+02
2.223921570777893066e+02,7.462355842075062355e+02
2.242158586978912354e+02,7.464174657685579177e+02
2.260657312870025635e+02,7.463630964294171690e+02
2.279018096923828125e+02,7.463021219630721816e+02
2.295856664180755615e+02,7.463945797411677177e+02
2.312681899070739746e+02,7.462449869921280197e+02
2.329482753276824951e+02,7.464003877980268271e+02
2.346275005340576172e+02,7.463373726446121736e+02
2.365081622600555420e+02,7.463056047124017596e+02
2.383744676113128662e+02,7.463035910465210918e+02
2.402635898590087891e+02,7.463253523725792320e+02
2.421839153766632080e+02,7.464271748042779109e+02
2.438818192481994629e+02,7.465166641004902885e+02
2.455703895092010498e+02,7.464321046443860723e+02
2.475003645420074463e+02,7.463688786215706159e+02
2.494273049831390381e+02,7.463944681265618328e+02
2.510981910228729248e+02,7.464610326020543880e+02
2.529905984401702881e+02,7.464607254001507499e+02
2.548418197631835938e+02,7.463992168728293564e+02
2.567336535453796387e+02,7.464217563658376093e+02
2.586682991981506348e+02,7.462705768625568226e+02
2.605499062538146973e+02,7.464270737302438192e+02
2.622411680221557617e+02,7.464249158786141152e+02
2.641759867668151855e+02,7.463877707613355597e+02
2.661050291061401367e+02,7.463599200033092984e+02
2.678946809768676758e+02,7.463747718406445983e+02
2.697858400344848633e+02,7.464486096223818095e+02
2.717278814315795898e+02,7.464698964981785139e+02
2.736259212493896484e+02,7.463366823414372675e+02
2.755432283878326416e+02,7.463132468908028159e+02
2.774699172973632812e+02,7.463178441215359271e+02
2.793920271396636963e+02,7.464197805618275652e+02
2.811201112270355225e+02,7.463961231706310855e+02
2.828533020019531250e+02,7.463388079959185006e+02
2.845901350975036621e+02,7.462814257651841672e+02
2.863392896652221680e+02,7.462043779511352568e+02
2.880202205181121826e+02,7.460391485700615704e+02
2.899637498855590820e+02,7.462141690704627308e+02
2.919001491069793701e+02,7.462908463634927330e+02
2.936122527122497559e+02,7.463113109528260338e+02
2.955623161792755127e+02,7.462100753236977653e+02
2.973158078193664551e+02,7.462676494169928674e+02
2.992282519340515137e+02,7.463231956768222517e+02
3.011322512626647949e+02,7.462555413003580043e+02
3.040495371818542480e+02,7.459637289880802200e+02
3.060019998550415039e+02,7.460842818866634616e+02
3.077680797576904297e+02,7.462251416493252236e+02
3.097720198631286621e+02,7.462441010343808330e+02
3.117328832149505615e+02,7.462544570585629344e+02
3.134632968902587891e+02,7.463833126088401286e+02
3.154208247661590576e+02,7.461808939938059666e+02
3.173720376491546631e+02,7.462977258406319834e+02
3.192904107570648193e+02,7.463545867470353414e+02
3.212634863853454590e+02,7.463118509920738006e+02
3.232438595294952393e+02,7.462920398970380802e+02
3.252279903888702393e+02,7.462785247309751639e+02
3.269734692573547363e+02,7.463209096440414214e+02
3.287259907722473145e+02,7.462831900186376970e+02
3.304956581592559814e+02,7.459013264302673178e+02
3.322949337959289551e+02,7.458668012054748715e+02
3.342820413112640381e+02,7.458462714651300303e+02
3.362705852985382080e+02,7.460194503069585608e+02
3.382535674571990967e+02,7.460330376438365647e+02
3.402177903652191162e+02,7.460148905585116381e+02
3.422041633129119873e+02,7.459615813276394647e+02
3.442422087192535400e+02,7.459874571027236243e+02
3.460581798553466797e+02,7.460791047101129152e+02
3.478594298362731934e+02,7.460226017340625049e+02
3.498616609573364258e+02,7.459475297810894290e+02
3.519208238124847412e+02,7.459746268039972392e+02
3.539703428745269775e+02,7.459644743001027791e+02
3.559516155719757080e+02,7.460334286373145005e+02
3.580075683593750000e+02,7.460305104508917111e+02
3.600613908767700195e+02,7.460420374736880831e+02
3.621380929946899414e+02,7.459765508503940055e+02
3.639710214138031006e+02,7.460917090576646160e+02
3.658192384243011475e+02,7.459350494904421112e+02
3.676885128021240234e+02,7.458928135380075446e+02
3.697507669925689697e+02,7.459187018960433306e+02
3.717972218990325928e+02,7.458957262746964716e+02
3.738236756324768066e+02,7.460081873386679945e+02
3.756798593997955322e+02,7.460771153658084813e+02
3.777041451930999756e+02,7.459148560477859746e+02
3.795359420776367188e+02,7.459431916099582622e+02
3.815908260345458984e+02,7.458669843320474229e+02
3.834578354358673096e+02,7.459982299111292150e+02
3.855376822948455811e+02,7.459109062537651198e+02
3.875273823738098145e+02,7.458242883902339599e+02
3.893881907463073730e+02,7.458828797314183703e+02
3.912746365070343018e+02,7.459452949865458322e+02
3.933849003314971924e+02,7.458532640640938780e+02
3.952860198020935059e+02,7.458820646732760906e+02
3.973191719055175781e+02,7.459071136688910428e+02
3.994367375373840332e+02,7.458336532775003889e+02
4.014922747611999512e+02,7.459529697405040451e+02
4.033957943916320801e+02,7.459164670431594004e+02
4.052988133430480957e+02,7.458155027169655114e+02
4.073464293479919434e+02,7.458150117699129851e+02
4.092156796455383301e+02,7.458010955633246795e+02
4.113245103359222412e+02,7.458609118043436865e+02
4.132399280071258545e+02,7.458419889105318816e+02
4.153517754077911377e+02,7.457537423647854666e+02
4.174760665893554688e+02,7.457624979546980057e+02
4.194179401397705078e+02,7.458679616723787831e+02
4.215101001262664795e+02,7.458149867105789781e+02
4.234540834426879883e+02,7.457524148856869033e+02
4.253505480289459229e+02,7.457840811372035432e+02
4.274947283267974854e+02,7.457749020077563955e+02
4.294360101222991943e+02,7.458727531098431882e+02
4.316120424270629883e+02,7.457754842048829005e+02
4.335804052352905273e+02,7.457322801789762252e+02
4.357217922210693359e+02,7.458060005369362671e+02
4.378517239093780518e+02,7.458492449308843106e+02
4.398099970817565918e+02,7.458536571691535073e+02
4.417650785446166992e+02,7.458028072419951968e+02
4.439577953815460205e+02,7.457504868293086702e+02
4.460871028900146484e+02,7.458275007096946183e+02
4.479815623760223389e+02,7.458550227973389610e+02
4.501752440929412842e+02,7.458686541908101617e+02
4.521621770858764648e+02,7.458674719045005759e+02
4.543418483734130859e+02,7.458082556772003500e+02
4.563147466182708740e+02,7.458845145953357587e+02
4.584855618476867676e+02,7.457873983014053465e+02
4.607103033065795898e+02,7.458230204559130243e+02
4.628974754810333252e+02,7.458213312666269985e+02
4.650662820339202881e+02,7.457947849769720960e+02
4.672515895366668701e+02,7.458835408971284551e+02
4.692291913032531738e+02,7.458504434759460082e+02
4.712378623485565186e+02,7.457556037008326939e+02
4.732291357517242432e+02,7.457924048937022690e+02
4.754405775070190430e+02,7.458260900492083465e+02
4.774260973930358887e+02,7.458145340530238627e+02
4.794157207012176514e+02,7.457102036383782888e+02
4.816206557750701904e+02,7.457829979284909996e+02
4.838404560089111328e+02,7.457408579941321705e+02
4.860575284957885742e+02,7.458668269349619777e+02
4.882650821208953857e+02,7.458313888870101209e+02
4.904843285083770752e+02,7.458380713207058079e+02
4.927203083038330078e+02,7.457811298334573848e+02
4.947398653030395508e+02,7.458818368501878240e+02
4.970019223690032959e+02,7.458019061490055037e+02
4.990241167545318604e+02,7.458126905562286311e+02
5.012419557571411133e+02,7.457673039572827065e+02
5.034858825206756592e+02,7.458081517032713919e+02
5.057362821102142334e+02,7.458317194553300169e+02
5.079123587608337402e+02,7.457368773366251844e+02
5.101382496356964111e+02,7.458027527349536285e+02
5.124117567539215088e+02,7.457991869568614902e+02
5.146679933071136475e+02,7.457601010821643968e+02
5.169622249603271484e+02,7.457535981757432637e+02
5.192129690647125244e+02,7.457420775325671229e+02
5.214557273387908936e+02,7.457643647221052561e+02
5.235394036769866943e+02,7.458280440965640992e+02
5.258071446418762207e+02,7.456478506538317106e+02
5.281501004695892334e+02,7.456813436578631809e+02
5.304334356784820557e+02,7.457839944010466979e+02
5.325362267494201660e+02,7.457916404511644259e+02
5.348136997222900391e+02,7.457392677633058611e+02
5.370605437755584717e+02,7.457309074184958035e+02
5.393647727966308594e+02,7.457747264207151829e+02
5.416990752220153809e+02,7.458667367098973955e+02
5.440079572200775146e+02,7.457359367493315858e+02
5.463303220272064209e+02,7.457621634047172847e+02
5.484738936424255371e+02,7.457486032483988083e+02
5.508301227092742920e+02,7.458579125696088568e+02
5.531300344467163086e+02,7.457666010282541720e+02
5.552576301097869873e+02,7.457017371880235714e+02
5.576011884212493896e+02,7.458345844733831882e+02
5.597404351234436035e+02,7.458879147906303615e+02
5.620810511112213135e+02,7.457797554093506278e+02
5.643794229030609131e+02,7.456886053614935008e+02
5.667233479022979736e+02,7.457932279467646595e+02
5.690402677059173584e+02,7.458451608626509142e+02
5.713520998954772949e+02,7.458543770975146572e+02
5.737335643768310547e+02,7.457521773313076210e+02
5.760888979434967041e+02,7.457864069721564420e+02
5.784499742984771729e+02,7.458240556428260106e+02
5.806392061710357666e+02,7.458129899990976810e+02
5.830222160816192627e+02,7.457647993511951654e+02
5.853880317211151123e+02,7.458591326431720745e+02
5.875825469493865967e+02,7.458174301864298741e+02
5.899229338169097900e+02,7.458129299642228034e+02
5.922598259449005127e+02,7.457690685763998317e+02
5.946593534946441650e+02,7.458625926840138618e+02
5.970592756271362305e+02,7.458449001063253263e+02
5.994609274864196777e+02,7.458200913499474609e+02
6.037081837654113770e+02,7.461647139085747540e+02
6.061008813381195068e+02,7.460873112459626100e+02
6.084846167564392090e+02,7.459693525154231111e+02
6.109082448482513428e+02,7.458696409159779250e+02
6.133418600559234619e+02,7.459285227153458209e+02
6.157825510501861572e+02,7.459314247089361061e+02
6.181494832038879395e+02,7.458563663669997368e+02
6.203521800041198730e+02,7.458549449431784524e+02
6.225874342918395996e+02,7.460056102567091330e+02
6.248356077671051025e+02,7.460578398591989071e+02
6.270590252876281738e+02,7.459910942467008681e+02
6.294557576179504395e+02,7.459860281146313810e+02
6.318857758045196533e+02,7.460222878569367140e+02
6.341352951526641846e+02,7.460080132058167237e+02
6.365653667449951172e+02,7.460424737794778594e+02
6.387961263656616211e+02,7.459135588129371399e+02
6.412283074855804443e+02,7.461123772608740410e+02
6.434678297042846680e+02,7.460833779948587789e+02
6.457379822731018066e+02,7.460520181617080198e+02
6.481795685291290283e+02,7.460596148916689572e+02
6.506113851070404053e+02,7.461275636374399483e+02
6.528418362140655518e+02,7.461124551248301486e+02
6.553145942687988281e+02,7.460697039947183384e+02
6.575964803695678711e+02,7.459435796976864594e+02
6.600844581127166748e+02,7.461990862509836688e+02
6.623838739395141602e+02,7.461430671797749028e+02
6.646750819683074951e+02,7.461107525184269207e+02
6.671922121047973633e+02,7.460862903310048750e+02
6.694981122016906738e+02,7.461976436752603377e+02
6.719879548549652100e+02,7.462538858574989717e+02
6.744900937080383301e+02,7.461395497541938084e+02
6.769795727729797363e+02,7.460445115782629273e+02
6.794722385406494141e+02,7.461159225111631486e+02
6.819880285263061523e+02,7.461773626536718211e+02
6.843298652172088623e+02,7.460751490096396310e+02
6.866719381809234619e+02,7.461193245588722220e+02
6.891706142425537109e+02,7.461601561160497340e+02
6.917378215789794922e+02,7.462356886470595327e+02
6.940737535953521729e+02,7.460498852457585599e+02
6.966090986728668213e+02,7.462392904467142216e+02
6.991188418865203857e+02,7.462176151252422187e+02
7.016193108558654785e+02,7.462180095779549447e+02
7.041858270168304443e+02,7.460760699381804670e+02
7.067410943508148193e+02,7.461968708556582897e+02
7.092562508583068848e+02,7.461604272092778274e+02
7.116152808666229248e+02,7.461687908623651992e+02
7.141798303127288818e+02,7.462159340681944286e+02
7.167894890308380127e+02,7.461764412210691262e+02
7.193713965415954590e+02,7.462916698553746073e+02
7.219476928710937500e+02,7.460930044934129910e+02
7.245371973514556885e+02,7.462345704060952585e+02
7.271335921287536621e+02,7.461771589095295667e+02
7.294797487258911133e+02,7.462448057762585449e+02
7.320818443298339844e+02,7.462087784393055472e+02
7.346679661273956299e+02,7.462994910041958292e+02
7.372764010429382324e+02,7.462492442009728393e+02
7.398582651615142822e+02,7.462301728279541067e+02
7.424750740528106689e+02,7.461764534254695036e+02
7.450006654262542725e+02,7.462274288999352621e+02
7.475247759819030762e+02,7.462930522731916199e+02
7.499271986484527588e+02,7.462516920933971960e+02
7.525458579063415527e+02,7.462604216331495763e+02
7.551558005809783936e+02,7.462738752987587532e+02
7.577760174274444580e+02,7.463984095793251754e+02
7.603514330387115479e+02,7.462008331127121892e+02
7.628071913719177246e+02,7.463597430020862475e+02
7.654795222282409668e+02,7.463113682382524985e+02
7.681402401924133301e+02,7.463255952282124781e+02
7.705888869762420654e+02,7.463055045497311539e+02
7.732212944030761719e+02,7.461905909850246417e+02
7.758293905258178711e+02,7.464145637921466232e+02
7.783017148971557617e+02,7.463470180505864846e+02
7.809907031059265137e+02,7.463621182691127842e+02
7.836608960628509521e+02,7.462740507902650506e+02
7.861285140514373779e+02,7.464216576269511734e+02
7.885978252887725830e+02,7.463065872047383209e+02
7.912302961349487305e+02,7.462435910469779401e+02
7.939153497219085693e+02,7.463421053080816137e+02
7.964116950035095215e+02,7.463153092208149246e+02
7.991127629280090332e+02,7.463680205295826227e+02
8.017721025943756104e+02,7.462504953673119417e+02
8.044758727550506592e+02,7.464406077869281262e+02
8.071026949882507324e+02,7.462341993233054609e+02
8.097843072414398193e+02,7.463515019367318928e+02
8.124803493022918701e+02,7.463465704136772274e+02
8.151880350112915039e+02,7.463642719024952612e+02
8.179216403961181641e+02,7.463682996164427550e+02
8.204494047164916992e+02,7.462857578228781676e+02
8.229521296024322510e+02,7.464276333763432376e+02
8.256593124866485596e+02,7.462588440057338630e+02
8.284146521091461182e+02,7.463606329257229390e+02
8.312128827571868896e+02,7.463944686864604137e+02
8.339066026210784912e+02,7.464494190147008794e+02
8.366699233055114746e+02,7.463743837808340231e+02
8.394251406192779541e+02,7.462798471696399929e+02
8.421893074512481689e+02,7.464568684301698340e+02
8.447580924034118652e+02,7.463317025993782181e+02
8.475307023525238037e+02,7.462157564289948368e+02
8.503146078586578369e+02,7.464627809644512126e+02
8.528815310001373291e+02,7.462923803567493906e+02
8.556561350822448730e+02,7.462792442577856491e+02
8.584760787487030029e+02,7.462496604771093871e+02
8.612820081710815430e+02,7.463883436364660611e+02
8.640378279685974121e+02,7.464103821171149775e+02
8.667865078449249268e+02,7.461337891459407956e+02
8.693944103717803955e+02,7.463773567907145434e+02
8.721946473121643066e+02,7.462640339896312298e+02
8.749650380611419678e+02,7.463123140589157174e+02
8.777716162204742432e+02,7.463781014311824720e+02
8.803913800716400146e+02,7.464026632984113121e+02
8.831955986022949219e+02,7.462758683770045991e+02
8.858251011371612549e+02,7.461612209567966829e+02
8.886920473575592041e+02,7.463633133407701052e+02
8.915099735260009766e+02,7.463387355478050722e+02
8.943256759643554688e+02,7.462021742889086227e+02
8.972051618099212646e+02,7.464090415641737764e+02
9.000540289878845215e+02,7.463377643228620855e+02
9.054781072139739990e+02,7.461962411793829233e+02
9.083694732189178467e+02,7.463444790114991747e+02
9.110619432926177979e+02,7.462675645456949951e+02
9.136845207214355469e+02,7.461144630410688023e+02
9.165279011726379395e+02,7.463345704415204409e+02
9.194047281742095947e+02,7.462563386746084007e+02
9.220881283283233643e+02,7.461370247894268459e+02
9.249341921806335449e+02,7.463225379073842305e+02
9.277514984607696533e+02,7.463072837887950755e+02
9.304299318790435791e+02,7.462341529086424998e+02
9.333520784378051758e+02,7.461903236624298188e+02
9.360555098056793213e+02,7.463647115115849147e+02
9.387703790664672852e+02,7.463130992870513865e+02
9.417270405292510986e+02,7.460252391151166194e+02
9.444257624149322510e+02,7.462857707163120722e+02
9.473675613403320312e+02,7.462630410252132833e+02
9.500993623733520508e+02,7.461224727316659937e+02
9.529973990917205811e+02,7.461856446836197847e+02
9.557557210922241211e+02,7.462780153660135056e+02
9.587060883045196533e+02,7.463162283844771991e+02
9.616758384704589844e+02,7.462143873597909760e+02
9.646201515197753906e+02,7.462863312446788768e+02
9.675522363185882568e+02,7.462799447209861228e+02
9.703021509647369385e+02,7.461307727630652380e+02
9.732607305049896240e+02,7.463360526390860059e+02
9.760603795051574707e+02,7.462716194884893639e+02
9.790146079063415527e+02,7.460117029238518853e+02
9.820472996234893799e+02,7.462968078484252601e+02
9.848343708515167236e+02,7.462825093000107017e+02
9.877274136543273926e+02,7.460284988951651712e+02
9.906860642433166504e+02,7.462887752089498008e+02
9.936543297767639160e+02,7.462513946328375596e+02
9.966913404464721680e+02,7.461923614326228744e+02
9.996894915103912354e+02,7.462947641974632234e+02
1.002688320636749268e+03,7.462805388599148273e+02
1.005712251424789429e+03,7.462027868914445889e+02
1.008715942621231079e+03,7.462660895425717626e+02
1.011715451002120972e+03,7.462925650433470537e+02
1.014722195148468018e+03,7.462545031268299454e+02
1.017725100994110107e+03,7.462509986416321226e+02
1.020527343511581421e+03,7.463795502030873195e+02
1.023564786672592163e+03,7.463621252099273988e+02
1.026605846643447876e+03,7.461848948071583436e+02
1.029411393404006958e+03,7.463626754350740384e+02
1.032480560541152954e+03,7.462887178342214156e+02
1.035344228029251099e+03,7.460997910754330178e+02
1.038219793558120728e+03,7.463369250610082872e+02
1.041269283056259155e+03,7.462838428556176495e+02
1.044351827383041382e+03,7.460223000447144841e+02
1.047339922904968262e+03,7.462762199609031768e+02
1.050371823549270630e+03,7.462919362785467001e+02
1.053258311271667480e+03,7.459920462927129847e+02
1.056354498624801636e+03,7.462921915264939798e+02
1.059445865154266357e+03,7.463118497259657715e+02
1.062365458250045776e+03,7.460691884796013937e+02
1.065278994321823120e+03,7.463203007499772639e+02
1.068414976835250854e+03,7.463053795371243950e+02
1.071529286861419678e+03,7.461979424059055646e+02
1.074626087427139282e+03,7.462354484988268268e+02
1.077774901390075684e+03,7.462421008916894607e+02
1.080900538921356201e+03,7.461476979282417688e+02
1.083852260112762451e+03,7.463343142121680103e+02
1.086810650110244751e+03,7.463649773117286941e+02
1.089935543775558472e+03,7.461548921694032970e+02
1.092890354633331299e+03,7.462679024315153811e+02
1.096052067279815674e+03,7.463331314350020875e+02
1.099227888107299805e+03,7.461805531186141707e+02
1.102169016122817993e+03,7.462806340994353604e+02
1.105149452686309814e+03,7.463824775125752922e+02
1.108097896099090576e+03,7.461664555169912774e+02
1.111253527164459229e+03,7.461953002897937495e+02
1.114250539779663086e+03,7.463340396676200044e+02
1.117245536327362061e+03,7.461834621155659306e+02
1.120439474582672119e+03,7.461891539908157256e+02
1.123454148054122925e+03,7.463903307102395956e+02
1.126705990791320801e+03,7.462219487746059485e+02
1.129951366901397705e+03,7.462158678726228800e+02
1.132965944528579712e+03,7.464206259148351137e+02
1.136003754615783691e+03,7.461971106197891004e+02
1.139220566272735596e+03,7.461171893315703301e+02
1.142483633518218994e+03,7.463836539159069616e+02
1.145729519367218018e+03,7.461209161143412985e+02
1.149007600545883179e+03,7.461829932735643069e+02
1.152272248506546021e+03,7.463211973210716224e+02
1.155567199945449829e+03,7.461373003930092409e+02
1.158825853109359741e+03,7.462052504584456756e+02
1.161889276027679443e+03,7.463098424071678210e+02
1.165199476003646851e+03,7.461186042382423693e+02
1.168439328432083130e+03,7.462455428942157596e+02
1.171481006860733032e+03,7.463350093920034851e+02
1.174739454984664917e+03,7.460303153542279233e+02
1.177976012468338013e+03,7.462695188699967730e+02
1.181044986009597778e+03,7.463408289296995690e+02
1.184308257579803467e+03,7.460005759749391245e+02
1.187608248472213745e+03,7.462250944355434967e+02
1.190930793285369873e+03,7.462468528703536776e+02
1.194239280700683594e+03,7.459931378508102853e+02
1.197587952375411987e+03,7.462768064781911335e+02
1.200716012477874756e+03,7.462607188643694371e+02
1.207799315452575684e+03,7.460613834291483499e+02
1.210961475372314453e+03,7.461130122978426016e+02
1.214111192464828491e+03,7.460928837848015291e+02
1.217257829427719116e+03,7.462156171415914514e+02
1.220339809179306030e+03,7.460528097083241619e+02
1.223683578014373779e+03,7.461329574029830383e+02
1.226985139846801758e+03,7.462429929006715383e+02
1.230153391361236572e+03,7.461289437906475541e+02
1.233482198953628540e+03,7.461579469659329789e+02
1.236867932319641113e+03,7.462079644186028418e+02
1.240253814458847046e+03,7.459111775970650342e+02
1.243650544881820679e+03,7.461694735965226073e+02
1.247013297319412231e+03,7.462122758274581429e+02
1.250371535301208496e+03,7.460018868187589760e+02
1.253560803651809692e+03,7.462595292394722719e+02
1.256912304401397705e+03,7.461703631587769223e+02
1.260302226066589355e+03,7.460257226599587739e+02
1.263715478181838989e+03,7.462778120029169031e+02
1.267140123605728149e+03,7.461428626096096650e+02
1.270369300127029419e+03,7.461433073821795006e+02
1.273799547672271729e+03,7.462647109645629371e+02
1.277269963264465332e+03,7.461415378413289545e+02
1.280526639223098755e+03,7.462350253090030492e+02
1.283938570022583008e+03,7.462282470236825702e+02
1.287283641099929810e+03,7.459448194478318328e+02
1.290743911504745483e+03,7.462014031236468554e+02
1.294010663270950317e+03,7.461720948388332317e+02
1.297428128004074097e+03,7.459991289430874986e+02
1.300890554666519165e+03,7.462715150784022171e+02
1.304178193807601929e+03,7.461573723829169467e+02
1.307483885765075684e+03,7.461295240156250657e+02
1.310740176439285278e+03,7.462990811316748250e+02
1.314198264598846436e+03,7.460960030396825005e+02
1.317512170553207397e+03,7.461969385411746316e+02
1.320803150415420532e+03,7.462346660890181056e+02
1.324319771289825439e+03,7.459478082703337805e+02
1.327831753492355347e+03,7.462485261955903297e+02
1.331174608707427979e+03,7.462802643158045157e+02
1.334704170942306519e+03,7.459922614098081795e+02
1.337989695787429810e+03,7.463034977675741857e+02
1.341512840986251831e+03,7.461979432764849207e+02
1.345024987459182739e+03,7.461027542276708573e+02
1.348332172155380249e+03,7.462760496338661369e+02
1.351914748668670654e+03,7.461361657705788275e+02
1.355479487657546997e+03,7.462113560069067262e+02
1.358828678607940674e+03,7.462503455902282212e+02
1.362413975477218628e+03,7.459844533721925472e+02
1.365991825103759766e+03,7.462525574604280791e+02
1.369553988456726074e+03,7.462182385313187751e+02
1.372959984540939331e+03,7.461270554228109404e+02
1.376338176488876343e+03,7.462636863242668142e+02
1.379966086387634277e+03,7.460992055583300271e+02
1.383569882154464722e+03,7.461843355914361382e+02
1.387183586835861206e+03,7.462360584679021258e+02
1.390602049589157104e+03,7.459980970904401829e+02
1.394034816741943359e+03,7.462553291069920078e+02
1.397673838615417480e+03,7.461465696657802482e+02
1.401113276720046997e+03,7.460642035130821341e+02
1.404543641567230225e+03,7.461961452533485044e+02
1.407964144706726074e+03,7.460696254081756251e+02
1.411564971685409546e+03,7.462085204141460508e+02
1.415175036191940308e+03,7.462133886543036851e+02
1.418651622533798218e+03,7.460290972357270221e+02
1.422320274353027344e+03,7.462366770375920169e+02
1.426001770973205566e+03,7.461379061489861897e+02
1.429463749170303345e+03,7.461651279417470732e+02
1.432954546928405762e+03,7.461761208921593607e+02
1.436445730686187744e+03,7.460358525275810280e+02
1.439970364332199097e+03,7.462333682296750794e+02
1.443685757398605347e+03,7.461741118834204372e+02
1.447410463094711304e+03,7.460998334784063672e+02
1.451163909673690796e+03,7.462850050520347622e+02
1.454667921304702759e+03,7.461342345560957483e+02
1.458393303871154785e+03,7.462330633586973363e+02
1.461930310726165771e+03,7.462163178122710860e+02
1.465461898803710938e+03,7.460708760710324441e+02
1.469030393838882446e+03,7.462311947281635867e+02
1.472785646200180054e+03,7.461201330655214861e+02
1.476569392442703247e+03,7.461426387318349498e+02
1.480105627536773682e+03,7.462323333937704319e+02
1.483699695825576782e+03,7.460656076372532652e+02
1.487486146688461304e+03,7.462145416036033794e+02
1.491051818370819092e+03,7.461494083275600815e+02
1.494644819736480713e+03,7.461784105927422388e+02
1.498435605764389038e+03,7.461992528553017792e+02
1.507014171361923218e+03,7.460811306774508012e+02
1.510608234167098999e+03,7.461582228608803007e+02
1.514389882087707520e+03,7.462305946253111415e+02
1.518211663246154785e+03,7.461742134481569337e+02
1.522043791770935059e+03,7.460676191542389688e+02
1.525699274778366089e+03,7.462131391470956032e+02
1.529544902563095093e+03,7.461129194589168492e+02
1.533204259395599365e+03,7.462183645480678251e+02
1.537051619052886963e+03,7.461764357877530074e+02
1.540687799692153931e+03,7.461496666140582192e+02
1.544338202476501465e+03,7.461703749838446811e+02
1.548269921541213989e+03,7.461748489478047759e+02
1.552139794826507568e+03,7.462240496410694277e+02
1.556030092239379883e+03,7.461987704361240503e+02
1.559916533708572388e+03,7.461369345787632028e+02
1.563555865764617920e+03,7.462462258592006492e+02
1.567253731966018677e+03,7.460831320848518544e+02
1.571173929452896118e+03,7.462296826344374949e+02
1.574915925979614258e+03,7.462060680045960908e+02
1.578804944276809692e+03,7.462113653546554133e+02
1.582559940338134766e+03,7.462236175634468509e+02
1.586544553041458130e+03,7.461025470876588770e+02
1.590281653165817261e+03,7.462678116625432949e+02
1.594225430488586426e+03,7.461758284286414664e+02
1.597995949745178223e+03,7.462264787550989240e+02
1.601749926805496216e+03,7.461765551191081158e+02
1.605524980783462524e+03,7.460808474543715647e+02
1.609464722394943237e+03,7.462260382512124579e+02
1.613433354377746582e+03,7.461403463340278677e+02
1.617384781122207642e+03,7.462366829295434627e+02
1.621409466743469238e+03,7.462076544544885337e+02
1.625402703046798706e+03,7.461478149704846601e+02
1.629358568429946899e+03,7.462086097490853263e+02
1.633373885631561279e+03,7.460535065946170334e+02
1.637401642322540283e+03,7.462930664501175215e+02
1.641437720060348511e+03,7.461705126688146947e+02
1.645492133617401123e+03,7.462339244468543029e+02
1.649544109106063843e+03,7.462086822793230567e+02
1.653566122770309448e+03,7.462137294324153345e+02
1.657615752220153809e+03,7.462603168901532626e+02
1.661703759431838989e+03,7.461178095499446954e+02
1.665719985008239746e+03,7.462378338632470332e+02
1.669799451112747192e+03,7.461834794290762147e+02
1.673626097679138184e+03,7.462901393164157753e+02
1.677688009738922119e+03,7.461671097147469709e+02
1.681780508995056152e+03,7.462282353283771954e+02
1.685855107784271240e+03,7.461961774756558725e+02
1.689935904741287231e+03,7.461191944434772267e+02
1.694009495019912720e+03,7.462875645506072715e+02
1.698140520095825195e+03,7.461694606998231620e+02
1.702266049146652222e+03,7.462918120634377601e+02
1.706352990627288818e+03,7.461929353784965997e+02
1.710468702316284180e+03,7.462546778053563230e+02
1.714331596136093140e+03,7.462327867160871619e+02
1.718299309730529785e+03,7.461466383157504652e+02
1.722474615573883057e+03,7.462160068706517677e+02
1.726584492444992065e+03,7.461112460564858111e+02
1.730727909803390503e+03,7.462543047921791413e+02
1.734703155517578125e+03,7.462151451531402699e+02
1.738910616636276245e+03,7.462628772816383389e+02
1.743089623928070068e+03,7.462287115108703119e+02
1.747268192291259766e+03,7.462339099153419966e+02
1.751431547164916992e+03,7.462250718324861509e+02
1.755441927671432495e+03,7.461463181318682700e+02
1.759621611595153809e+03,7.462199549855229179e+02
1.763823134660720825e+03,7.461023213992443743e+02
1.767780670881271362e+03,7.462196474651723292e+02
1.771906140804290771e+03,7.461840917006531981e+02
1.775924197196960449e+03,7.462451130460033255e+02
1.780201424121856689e+03,7.461710197364661781e+02
1.784423824548721313e+03,7.462266559069795449e+02
1.788719297409057617e+03,7.461805061796676455e+02
1.792974689483642578e+03,7.461602771318398482e+02
1.797230128765106201e+03,7.462127092490140967e+02
1.801472701311111450e+03,7.461188468582419091e+02
1.811167201280593872e+03,7.458898154938435709e+02
1.815246079921722412e+03,7.461107743665008911e+02
1.819497155904769897e+03,7.460815054747629347e+02
1.823785227775573730e+03,7.462081108737885415e+02
1.828003849029541016e+03,7.460754730270093660e+02
1.832076155900955200e+03,7.462534169440034475e+02
1.836348178625106812e+03,7.461919618387819355e+02
1.840651172637939453e+03,7.462269037124809756e+02
1.845001720428466797e+03,7.461910640184049726e+02
1.849353562116622925e+03,7.461600634233147957e+02
1.853676876783370972e+03,7.462037024876124178e+02
1.858013308525085449e+03,7.461243055810772375e+02
1.862142530918121338e+03,7.462937418454504268e+02
1.866502172231674194e+03,7.461434297413140939e+02
1.870834378004074097e+03,7.553575227124381399e+02
1.875147890567779541e+03,7.551893262408744931e+02
1.879530088424682617e+03,7.552677988440642594e+02
1.883739445209503174e+03,7.552266143457513863e+02
1.888083268404006958e+03,7.552292210932864691e+02
1.892275599479675293e+03,7.552053788371338214e+02
1.896654982089996338e+03,7.551329214197311330e+02
1.901064431428909302e+03,7.552221984141856410e+02
1.905280578613281250e+03,7.552198256207904024e+02
1.909508262872695923e+03,7.552304238911621042e+02
1.913935130834579468e+03,7.550307374156493552e+02
1.918313308954238892e+03,7.553021172141135366e+02
1.922748191356658936e+03,7.550939138653875489e+02
1.927220362663269043e+03,7.553151942234961780e+02
1.931640422582626343e+03,7.551744073675965865e+02
1.935924348115921021e+03,7.553042675170838720e+02
1.940348252534866333e+03,7.551227680010662198e+02
1.944829262256622314e+03,7.552936457558217853e+02
1.949121374607086182e+03,7.552195419805796064e+02
1.953601696491241455e+03,7.552468728508439426e+02
1.958125846147537231e+03,7.552207943779123980e+02
1.962609439373016357e+03,7.552287868200179446e+02
1.967100256443023682e+03,7.552506373911265882e+02
1.971563326120376587e+03,7.552656814318593206e+02
1.976074609518051147e+03,7.552834552824854200e+02
1.980543339252471924e+03,7.552316202245037857e+02
1.984847931385040283e+03,7.552460501563795106e+02
1.989380247592926025e+03,7.551004936123940752e+02
1.993915233135223389e+03,7.552318617211933542e+02
1.998504606246948242e+03,7.551483451347422715e+02
2.002866143226623535e+03,7.552508620479422916e+02
2.007153362035751343e+03,7.550215969963860516e+02
2.011679966926574707e+03,7.552112312851270417e+02
2.016075801849365234e+03,7.551484051755373912e+02
2.020650332689285278e+03,7.551698971044655764e+02
2.025245613098144531e+03,7.551365312490116821e+02
2.029832111358642578e+03,7.552531878899318372e+02
2.034407639980316162e+03,7.551290434118291159e+02
2.038814141750335693e+03,7.553086129760048379e+02
2.043450499773025513e+03,7.551090029379507769e+02
2.047873726606369019e+03,7.552858196280337779e+02
2.052485297203063965e+03,7.551320473011219292e+02
2.057058095216751099e+03,7.552840700376933682e+02
2.061513219833374023e+03,7.552266094177413152e+02
2.066124618291854858e+03,7.552925005792610591e+02
2.070539705991744995e+03,7.551748205259957558e+02
2.075210265636444092e+03,7.552174968346917012e+02
2.079904080390930176e+03,7.552082416874096680e+02
2.084563003540039062e+03,7.552539271280734283e+02
2.089224915981292725e+03,7.551638185857638064e+02
2.093909798622131348e+03,7.552948301900050865e+02
2.098645450115203857e+03,7.552525166937790573e+02
2.109631934881210327e+03,7.550779749047200085e+02
2.114374411344528198e+03,7.552366119197253056e+02
2.119047200202941895e+03,7.550378469772288099e+02
2.123751933574676514e+03,7.552651487932315604e+02
2.128244535207748413e+03,7.550049689185827901e+02
2.132907910585403442e+03,7.552536407382741572e+02
2.137621391534805298e+03,7.551246270546067763e+02
2.142168087005615234e+03,7.552923162755540716e+02
2.146719008207321167e+03,7.550266612187278952e+02
2.151440347671508789e+03,7.552952607006121752e+02
2.156190543889999390e+03,7.551044130039446145e+02
2.160961282014846802e+03,7.553203159952894339e+02
2.165508691072463989e+03,7.551107107815511199e+02
2.170086483001708984e+03,7.552817533181668068e+02
2.174635575771331787e+03,7.550932833844281049e+02
2.179380363225936890e+03,7.552331760108774006e+02
2.183955812215805054e+03,7.551380985445517808e+02
2.188743214130401611e+03,7.551876459347535047e+02
2.193508671522140503e+03,7.551067148749367561e+02
2.198333732128143311e+03,7.553518369387154507e+02
2.203141633749008179e+03,7.551118814523273386e+02
2.207937983751296997e+03,7.553222886329062931e+02
2.212595502614974976e+03,7.550364629480181975e+02
2.217393175363540649e+03,7.552167084822668812e+02
2.222017358779907227e+03,7.550672256243492484e+02
2.226802056312561035e+03,7.552975986263847972e+02
2.231480097770690918e+03,7.550581621825144794e+02
2.236088805675506592e+03,7.552664921737500663e+02
2.240941037416458130e+03,7.550491934108961232e+02
2.245772157192230225e+03,7.552508042880176617e+02
2.250696468353271484e+03,7.551010003342265691e+02
2.255518299341201782e+03,7.553036837414236970e+02
2.260210126638412476e+03,7.551181605280173699e+02
2.265132159471511841e+03,7.552129098443640487e+02
2.270010032176971436e+03,7.550812178281656770e+02
2.274930358648300171e+03,7.553135050825310373e+02
2.279633627891540527e+03,7.551845155295117138e+02
2.284384271383285522e+03,7.552481362273564400e+02
2.289105351924896240e+03,7.552074011554037725e+02
2.294061354160308838e+03,7.552476483875877875e+02
2.298835819959640503e+03,7.551886666805087316e+02
2.303784473657608032e+03,7.552411395834484438e+02
2.308715063333511353e+03,7.552030167168911703e+02
2.313463329553604126e+03,7.552247219372335394e+02
2.318254921197891235e+03,7.551967736228128842e+02
2.323025047302246094e+03,7.551422977338902456e+02
2.327807838678359985e+03,7.552375714468416845e+02
2.332797463417053223e+03,7.552475761607780669e+02
2.337751622200012207e+03,7.552448692146075473e+02
2.342723265409469604e+03,7.551035619689140503e+02
2.347795982360839844e+03,7.552620325447466030e+02
2.352805659532546997e+03,7.550657771141902685e+02
2.357661435365676880e+03,7.552714825726867502e+02
2.362510619640350342e+03,7.550333512602794599e+02
2.367522498130798340e+03,7.553073683298407559e+02
2.372359276533126831e+03,7.550667191703984145e+02
2.377437992811203003e+03,7.553018498267866789e+02
2.382535700082778931e+03,7.551508781072368492e+02
2.387612031221389771e+03,7.553112766984855853e+02
2.392466466188430786e+03,7.552320232649869922e+02
2.397561737298965454e+03,7.552722199860212413e+02
2.410020070314407349e+03,7.550753343682278000e+02
2.414969450712203979e+03,7.553873699947450859e+02
2.419915634870529175e+03,7.551408983077737958e+02
2.425054047346115112e+03,7.554227456647072358e+02
2.429980031490325928e+03,7.552447796253455863e+02
2.435132373809814453e+03,7.553347197019210171e+02
2.440258048772811890e+03,7.553097925494640776e+02
2.445407917261123657e+03,7.551688179949583173e+02
2.450370340108871460e+03,7.553443417642793065e+02
2.455578316926956177e+03,7.551668232249376160e+02
2.460581237554550171e+03,7.553011073800120130e+02
2.465760804414749146e+03,7.551607852715941362e+02
2.470758130550384521e+03,7.552636987469571750e+02
2.475943902492523193e+03,7.551013734961427417e+02
2.481175496339797974e+03,7.553387439604839528e+02
2.486212185382843018e+03,7.552493673065359872e+02
2.491371610403060913e+03,7.553216759637218729e+02
2.496399819135665894e+03,7.552892211213571727e+02
2.501447835922241211e+03,7.552047698238460498e+02
2.506743092536926270e+03,7.553260666825990484e+02
2.511955010890960693e+03,7.550951391061477125e+02
2.517011614322662354e+03,7.553507675947364532e+02
2.522291167497634888e+03,7.551508032011814748e+02
2.527526128768920898e+03,7.553368676790447580e+02
2.532595196485519409e+03,7.552281373141904623e+02
2.537872962474822998e+03,7.553500045882993845e+02
2.543177994728088379e+03,7.552680075539653899e+02
2.548440684080123901e+03,7.551836001649178343e+02
2.553513219356536865e+03,7.553388154489707631e+02
2.558600081682205200e+03,7.551010991825560268e+02
2.563944807052612305e+03,7.553498726382139239e+02
2.569319416046142578e+03,7.551411850291544852e+02
2.574487226247787476e+03,7.553300392067095572e+02
2.579781620740890503e+03,7.552364316485192148e+02
2.585089982271194458e+03,7.552422282049991509e+02
2.590470269918441772e+03,7.553153136969041270e+02
2.595624474048614502e+03,7.551790401203762713e+02
2.600810345411300659e+03,7.554119223359231228e+02
2.606225010156631470e+03,7.551128404098056990e+02
2.611561535596847534e+03,7.553643712259200811e+02
2.616722006320953369e+03,7.552008111783702589e+02
2.622109445571899414e+03,7.553622862646000158e+02
2.627344530820846558e+03,7.553513248364002948e+02
2.632709285497665405e+03,7.551795320593497536e+02
2.638135635137557983e+03,7.553129510899464094e+02
2.643371569633483887e+03,7.550990850176646063e+02
2.648601603031158447e+03,7.553353508687719113e+02
2.654040450572967529e+03,7.551769601820419666e+02
2.659275074481964111e+03,7.553125159578428338e+02
2.664779376268386841e+03,7.552754457114094748e+02
2.670262305259704590e+03,7.551904162436018169e+02
2.675761634111404419e+03,7.553092510641467925e+02
2.681251560211181641e+03,7.550786106396188870e+02
2.686797992706298828e+03,7.553605512726554707e+02
2.692052603960037231e+03,7.552452773718530352e+02
2.697330960750579834e+03,7.551893693215270105e+02
2.710809450149536133e+03,7.551654649597018079e+02
2.716345444679260254e+03,7.551746196824918798e+02
2.721842093706130981e+03,7.553756489465016557e+02
2.727049254417419434e+03,7.550538552395078113e+02
2.732549222707748413e+03,7.553338732825396846e+02
2.738097864627838135e+03,7.551934097704540818e+02
2.743623894929885864e+03,7.553423990400141292e+02
2.749175571918487549e+03,7.552559033590903255e+02
2.754696125984191895e+03,7.551191852845661288e+02
2.760245651721954346e+03,7.553632207381308490e+02
2.765822126865386963e+03,7.551273115246909811e+02
2.771391690969467163e+03,7.553448839135420485e+02
2.776809734106063843e+03,7.553179343981862530e+02
2.782190353155136108e+03,7.551511227472220753e+02
2.787566955089569092e+03,7.553617621195531910e+02
2.793175992012023926e+03,7.549958312389584307e+02
2.798783975362777710e+03,7.553557879944726210e+02
2.804373956203460693e+03,7.552380856638645810e+02
2.810017170667648315e+03,7.551899501181515006e+02
2.815638450384140015e+03,7.553650757217566252e+02
2.821283309459686279e+03,7.551325328473050149e+02
2.826990100622177124e+03,7.554215776446636710e+02
2.832689328670501709e+03,7.552720989283598101e+02
2.838324044227600098e+03,7.552391738726524864e+02
2.844033253669738770e+03,7.553850656577086511e+02
2.849732579231262207e+03,7.551386406632846047e+02
2.855388271808624268e+03,7.553273323684447860e+02
2.861125223875045776e+03,7.553216961008014323e+02
2.866862663507461548e+03,7.551693292921308966e+02
2.872370365619659424e+03,7.554286411204150227e+02
2.877924302577972412e+03,7.551294640270320997e+02
2.883683266878128052e+03,7.553236690077516187e+02
2.889449909210205078e+03,7.552649291686390143e+02
2.895209589719772339e+03,7.550897508255986850e+02
2.900994484186172485e+03,7.553646426460013572e+02
2.906744481563568115e+03,7.551575832327486069e+02
2.912305983781814575e+03,7.552144537198403214e+02
2.918070190906524658e+03,7.553181823119432465e+02
2.923864875078201294e+03,7.550714109797056608e+02
2.929435720205307007e+03,7.553824201947053325e+02
2.935255047321319580e+03,7.552399513154493889e+02
2.941072099208831787e+03,7.552247358059512408e+02
2.946693888664245605e+03,7.553606917934570220e+02
2.952486147880554199e+03,7.550841893416554740e+02
2.958269767761230469e+03,7.553313044328670003e+02
2.963949393033981323e+03,7.552872314648519705e+02
2.969847245454788208e+03,7.550893150042123807e+02
2.975537648677825928e+03,7.554604692957602765e+02
2.981364588975906372e+03,7.551782111768618506e+02
2.987064468145370483e+03,7.552628459027209828e+02
2.992949507236480713e+03,7.553021785903625869e+02
2.998799810886383057e+03,7.550340771003139935e+02
3.013585679054260254e+03,7.553720941134886289e+02
3.019500773668289185e+03,7.551603537276536144e+02
3.025440332174301147e+03,7.551329769260771627e+02
3.031206051111221313e+03,7.553544075430495468e+02
3.037101659536361694e+03,7.550996501907779930e+02
3.043080030441284180e+03,7.553665929090625468e+02
3.049021193027496338e+03,7.552699189650224980e+02
3.054953519821166992e+03,7.551286785798500887e+02
3.060734829425811768e+03,7.553157921803746149e+02
3.066534696340560913e+03,7.551796265112799347e+02
3.072317853450775146e+03,7.550769155551051881e+02
3.078324798822402954e+03,7.553367884631585412e+02
3.084324973106384277e+03,7.551027514672591678e+02
3.090334341526031494e+03,7.551260968722559710e+02
3.096390466928482056e+03,7.553570007308594541e+02
3.102187602281570435e+03,7.551400540274094055e+02
3.108043749332427979e+03,7.553022548472886228e+02
3.114066478252410889e+03,7.552074583381472621e+02
3.119893372535705566e+03,7.550418629956988070e+02
3.125922074556350708e+03,7.553206276494281610e+02
3.131775122165679932e+03,7.551398116799073250e+02
3.137656043767929077e+03,7.550769718550768630e+02
3.143703272819519043e+03,7.552688950352116990e+02
3.149784093379974365e+03,7.551527359663670040e+02
3.155874765157699585e+03,7.551092352944308459e+02
3.161796655893325806e+03,7.553159223517797045e+02
3.167676969289779663e+03,7.550350012866693987e+02
3.173559414148330688e+03,7.553067129706666947e+02
3.179671090602874756e+03,7.552324226330127885e+02
3.185783241271972656e+03,7.549875763662920463e+02
3.191935604810714722e+03,7.552743778731654629e+02
3.197994353294372559e+03,7.551913272818355836e+02
3.203937780141830444e+03,7.550595979540895542e+02
3.209921989679336548e+03,7.552941111749067886e+02
3.216115907430648804e+03,7.551342143581088067e+02
3.222350099086761475e+03,7.550956119418899561e+02
3.228359984159469604e+03,7.552932204165455232e+02
3.234561512708663940e+03,7.551735510884341238e+02
3.240767747879028320e+03,7.551119526160397299e+02
3.247021731853485107e+03,7.552808341506088254e+02
3.253259760141372681e+03,7.551418082101886284e+02
3.259495509386062622e+03,7.550947582374942613e+02
3.265760108470916748e+03,7.553167164588354581e+02
3.272012501001358032e+03,7.551850200456397033e+02
3.278251236677169800e+03,7.551727813227033721e+02
3.284318171501159668e+03,7.553259867130988141e+02
3.290574597597122192e+03,7.551452133185991897e+02
3.296850067615509033e+03,7.550892147323594372e+02
3.312574430942535400e+03,7.553472722697647441e+02
3.318659923315048218e+03,7.551152550972660720e+02
3.324960272550582886e+03,7.550610996698136432e+02
3.331058276891708374e+03,7.552805502869792917e+02
3.337342084884643555e+03,7.551029074610653424e+02
3.343464517354965210e+03,7.550603052082558406e+02
3.349825831651687622e+03,7.553068909143514702e+02
3.355989296197891235e+03,7.551509522063730628e+02
3.362122245073318481e+03,7.551169371497300062e+02
3.368522230148315430e+03,7.553012804814542278e+02
3.374854393720626831e+03,7.551264826111181492e+02
3.381024345636367798e+03,7.550325248856884173e+02
3.387296827793121338e+03,7.553068480380941310e+02
3.393456330299377441e+03,7.551164937124000289e+02
3.399600122928619385e+03,7.550418085888802580e+02
3.405782420635223389e+03,7.553082634172606049e+02
3.411948541402816772e+03,7.551569433966302540e+02
3.418147199392318726e+03,7.550645719048616229e+02
3.424565480947494507e+03,7.553196197149098907e+02
3.430812073230743408e+03,7.550795631300921968e+02
3.437279864549636841e+03,7.549992952944355693e+02
3.443760329723358154e+03,7.552216825675615155e+02
3.450261853933334351e+03,7.551515299415167419e+02
3.456525777816772461e+03,7.550239132823577393e+02
3.463011695623397827e+03,7.552392355117673333e+02
3.469466074705123901e+03,7.551521079417301507e+02
3.505292104482650757e+03,7.551707178687157693e+02
3.511795814037322998e+03,7.550929397672144887e+02
3.518370484352111816e+03,7.553737923539218855e+02
3.524886154651641846e+03,7.551337994101804725e+02
3.531195709943771362e+03,7.550745395678062550e+02
3.537749465703964233e+03,7.552903095586573272e+02
3.544120832681655884e+03,7.551761555487921669e+02
3.550412327289581299e+03,7.549964636576842167e+02
3.556946122646331787e+03,7.553212244739776224e+02
3.563290324687957764e+03,7.552130489551504979e+02
3.569688257217407227e+03,7.550652228942255988e+02
3.576101585626602173e+03,7.551378627973173252e+02
3.582720278739929199e+03,7.553203822263908478e+02
3.589129828214645386e+03,7.550459959329160711e+02
3.595744382619857788e+03,7.550755136069054743e+02
