3.798200000000000000e+04
4.507600000000000000e+04
3.412500000000000000e+04
2.319000000000000000e+04
2.665700000000000000e+04
3.698700000000000000e+04
3.934700000000000000e+04
2.900100000000000000e+04
2.059900000000000000e+04
3.162400000000000000e+04
5.625900000000000000e+04
6.753700000000000000e+04
5.453600000000000000e+04
3.813800000000000000e+04
3.585000000000000000e+04
4.075600000000000000e+04
3.725100000000000000e+04
2.710900000000000000e+04
2.815900000000000000e+04
4.843000000000000000e+04
9.024000000000000000e+04
1.700050000000000000e+05
2.449530000000000000e+05
2.389420000000000000e+05
1.540380000000000000e+05
6.530000000000000000e+04
2.838400000000000000e+04
4.020400000000000000e+04
4.619700000000000000e+04
5.647800000000000000e+04
1.582840000000000000e+05
3.077400000000000000e+05
3.344160000000000000e+05
2.179370000000000000e+05
9.223900000000000000e+04
3.136000000000000000e+04
1.878800000000000000e+04
2.571800000000000000e+04
3.706100000000000000e+04
7.513100000000000000e+04
1.820630000000000000e+05
2.928240000000000000e+05
2.698300000000000000e+05
1.417330000000000000e+05
4.843300000000000000e+04
1.891000000000000000e+04
1.590400000000000000e+04
1.958400000000000000e+04
3.657300000000000000e+04
8.348200000000000000e+04
1.553480000000000000e+05
2.035820000000000000e+05
1.716960000000000000e+05
8.965300000000000000e+04
3.264800000000000000e+04
1.626400000000000000e+04
1.779200000000000000e+04
2.742600000000000000e+04
5.804300000000000000e+04
1.282320000000000000e+05
1.860710000000000000e+05
1.653780000000000000e+05
9.710500000000000000e+04
4.041600000000000000e+04
1.797300000000000000e+04
1.533900000000000000e+04
1.935600000000000000e+04
4.069200000000000000e+04
9.441400000000000000e+04
1.665370000000000000e+05
1.950410000000000000e+05
1.543100000000000000e+05
8.847800000000000000e+04
3.997100000000000000e+04
2.545700000000000000e+04
3.944300000000000000e+04
4.219600000000000000e+04
7.772900000000000000e+04
1.520690000000000000e+05
1.917040000000000000e+05
2.500600000000000000e+05
2.857920000000000000e+05
1.744770000000000000e+05
5.402200000000000000e+04
2.779400000000000000e+04
2.532300000000000000e+04
4.467600000000000000e+04
1.182900000000000000e+05
2.899680000000000000e+05
4.533530000000000000e+05
3.733250000000000000e+05
1.497770000000000000e+05
4.826900000000000000e+04
3.536000000000000000e+04
2.681700000000000000e+04
3.631500000000000000e+04
7.029100000000000000e+04
1.968970000000000000e+05
4.046460000000000000e+05
4.458270000000000000e+05
2.605730000000000000e+05
8.732500000000000000e+04
4.359400000000000000e+04
4.362300000000000000e+04
3.798100000000000000e+04
5.751200000000000000e+04
1.233170000000000000e+05
2.788610000000000000e+05
4.129010000000000000e+05
3.157670000000000000e+05
1.311030000000000000e+05
5.293200000000000000e+04
3.641000000000000000e+04
4.202400000000000000e+04
4.498000000000000000e+04
7.205800000000000000e+04
1.619940000000000000e+05
2.247040000000000000e+05
2.184440000000000000e+05
1.625110000000000000e+05
7.977900000000000000e+04
3.331700000000000000e+04
3.417300000000000000e+04
4.342000000000000000e+04
5.281800000000000000e+04
1.293470000000000000e+05
2.304130000000000000e+05
2.238410000000000000e+05
1.651670000000000000e+05
9.967700000000000000e+04
4.054600000000000000e+04
2.921100000000000000e+04
3.507100000000000000e+04
4.247300000000000000e+04
6.698200000000000000e+04
1.342650000000000000e+05
1.560350000000000000e+05
1.000240000000000000e+05
1.090380000000000000e+05
9.987000000000000000e+04
4.306500000000000000e+04
4.771300000000000000e+04
3.842400000000000000e+04
4.799400000000000000e+04
9.736700000000000000e+04
2.326650000000000000e+05
5.251230000000000000e+05
5.713410000000000000e+05
2.683480000000000000e+05
7.261800000000000000e+04
4.062000000000000000e+04
3.217500000000000000e+04
3.328400000000000000e+04
6.097500000000000000e+04
1.402810000000000000e+05
3.610780000000000000e+05
5.695370000000000000e+05
4.142910000000000000e+05
1.370170000000000000e+05
4.462600000000000000e+04
3.333400000000000000e+04
3.053900000000000000e+04
4.092500000000000000e+04
8.159600000000000000e+04
1.967170000000000000e+05
3.648950000000000000e+05
4.197240000000000000e+05
2.547780000000000000e+05
8.010400000000000000e+04
3.643400000000000000e+04
3.896300000000000000e+04
5.080600000000000000e+04
5.281400000000000000e+04
1.086600000000000000e+05
1.821920000000000000e+05
2.308780000000000000e+05
3.136390000000000000e+05
2.885170000000000000e+05
1.327660000000000000e+05
4.527600000000000000e+04
4.691400000000000000e+04
3.987800000000000000e+04
5.739900000000000000e+04
1.339650000000000000e+05
1.748550000000000000e+05
1.730300000000000000e+05
1.479450000000000000e+05
9.853800000000000000e+04
5.042200000000000000e+04
3.822600000000000000e+04
5.286500000000000000e+04
4.737600000000000000e+04
1.000210000000000000e+05
1.808160000000000000e+05
1.732790000000000000e+05
1.672620000000000000e+05
1.413090000000000000e+05
6.296500000000000000e+04
3.197100000000000000e+04
3.322100000000000000e+04
3.544200000000000000e+04
4.375600000000000000e+04
1.003970000000000000e+05
1.475700000000000000e+05
1.658780000000000000e+05
2.137220000000000000e+05
1.388090000000000000e+05
5.459100000000000000e+04
4.468400000000000000e+04
4.146900000000000000e+04
4.902300000000000000e+04
9.468400000000000000e+04
1.826450000000000000e+05
1.768780000000000000e+05
1.566970000000000000e+05
1.625690000000000000e+05
7.945000000000000000e+04
3.484300000000000000e+04
3.358500000000000000e+04
3.632600000000000000e+04
5.256900000000000000e+04
9.447100000000000000e+04
1.408230000000000000e+05
1.111720000000000000e+05
1.178730000000000000e+05
1.243830000000000000e+05
5.551500000000000000e+04
3.558200000000000000e+04
3.420800000000000000e+04
4.055600000000000000e+04
6.660500000000000000e+04
1.345360000000000000e+05
1.482220000000000000e+05
8.998600000000000000e+04
1.655830000000000000e+05
1.515840000000000000e+05
5.397100000000000000e+04
4.780100000000000000e+04
3.311900000000000000e+04
3.092400000000000000e+04
5.028400000000000000e+04
8.112400000000000000e+04
6.664100000000000000e+04
1.190520000000000000e+05
2.022620000000000000e+05
1.127390000000000000e+05
5.170200000000000000e+04
4.828500000000000000e+04
2.752600000000000000e+04
4.155800000000000000e+04
6.735600000000000000e+04
8.117000000000000000e+04
7.028200000000000000e+04
1.526310000000000000e+05
1.843530000000000000e+05
7.941400000000000000e+04
6.187900000000000000e+04
4.709400000000000000e+04
3.813300000000000000e+04
5.210900000000000000e+04
4.174900000000000000e+04
4.861000000000000000e+04
1.188450000000000000e+05
2.182370000000000000e+05
1.727910000000000000e+05
8.734700000000000000e+04
6.664800000000000000e+04
5.389300000000000000e+04
7.085000000000000000e+04
1.781520000000000000e+05
2.547900000000000000e+05
2.290170000000000000e+05
2.337450000000000000e+05
2.095330000000000000e+05
9.449100000000000000e+04
3.208900000000000000e+04
2.894300000000000000e+04
2.872500000000000000e+04
5.931800000000000000e+04
1.541980000000000000e+05
2.149500000000000000e+05
1.640990000000000000e+05
2.078060000000000000e+05
1.690520000000000000e+05
6.334000000000000000e+04
6.711900000000000000e+04
3.795800000000000000e+04
5.355200000000000000e+04
7.412900000000000000e+04
1.619280000000000000e+05
1.650550000000000000e+05
1.462170000000000000e+05
2.132130000000000000e+05
1.108250000000000000e+05
7.626700000000000000e+04
6.522800000000000000e+04
5.296500000000000000e+04
7.626400000000000000e+04
9.960900000000000000e+04
1.613210000000000000e+05
1.058730000000000000e+05
1.974960000000000000e+05
2.383310000000000000e+05
1.130510000000000000e+05
1.034020000000000000e+05
6.054700000000000000e+04
6.616000000000000000e+04
5.797300000000000000e+04
8.529900000000000000e+04
1.038130000000000000e+05
1.364840000000000000e+05
2.934370000000000000e+05
1.882270000000000000e+05
1.155680000000000000e+05
1.053890000000000000e+05
5.474300000000000000e+04
6.441700000000000000e+04
6.755900000000000000e+04
1.384160000000000000e+05
1.327810000000000000e+05
2.992260000000000000e+05
3.604610000000000000e+05
1.617170000000000000e+05
1.198560000000000000e+05
7.233000000000000000e+04
5.156900000000000000e+04
4.696000000000000000e+04
6.185000000000000000e+04
1.188600000000000000e+05
2.044140000000000000e+05
3.170880000000000000e+05
2.106900000000000000e+05
1.119680000000000000e+05
9.095300000000000000e+04
5.380800000000000000e+04
6.437700000000000000e+04
7.178000000000000000e+04
1.579240000000000000e+05
1.272740000000000000e+05
1.966150000000000000e+05
2.963520000000000000e+05
1.328970000000000000e+05
1.015120000000000000e+05
6.985400000000000000e+04
6.221900000000000000e+04
7.384800000000000000e+04
1.323020000000000000e+05
1.841380000000000000e+05
1.129020000000000000e+05
2.095450000000000000e+05
1.725730000000000000e+05
7.017900000000000000e+04
6.344500000000000000e+04
3.219400000000000000e+04
4.305400000000000000e+04
4.042800000000000000e+04
6.788000000000000000e+04
6.456600000000000000e+04
1.070620000000000000e+05
1.737050000000000000e+05
1.133160000000000000e+05
5.844300000000000000e+04
4.798900000000000000e+04
3.548100000000000000e+04
8.039300000000000000e+04
1.970480000000000000e+05
2.410760000000000000e+05
1.991190000000000000e+05
1.607030000000000000e+05
9.956100000000000000e+04
3.774100000000000000e+04
1.953200000000000000e+04
2.078800000000000000e+04
2.125300000000000000e+04
3.814600000000000000e+04
7.170500000000000000e+04
1.033950000000000000e+05
1.850900000000000000e+05
2.265660000000000000e+05
1.214300000000000000e+05
6.752300000000000000e+04
5.587300000000000000e+04
3.260900000000000000e+04
3.298800000000000000e+04
3.624000000000000000e+04
7.714300000000000000e+04
1.579980000000000000e+05
3.003790000000000000e+05
2.659470000000000000e+05
1.184560000000000000e+05
8.862600000000000000e+04
4.960500000000000000e+04
4.717600000000000000e+04
4.616600000000000000e+04
5.110800000000000000e+04
1.228080000000000000e+05
2.483440000000000000e+05
3.250100000000000000e+05
1.932200000000000000e+05
9.865400000000000000e+04
8.128600000000000000e+04
4.394200000000000000e+04
5.699100000000000000e+04
8.263500000000000000e+04
2.106710000000000000e+05
2.085500000000000000e+05
1.579110000000000000e+05
1.654440000000000000e+05
7.317000000000000000e+04
5.187900000000000000e+04
4.209100000000000000e+04
4.853800000000000000e+04
6.486100000000000000e+04
1.401370000000000000e+05
2.307090000000000000e+05
1.744420000000000000e+05
1.459190000000000000e+05
9.148300000000000000e+04
3.697900000000000000e+04
3.789500000000000000e+04
2.898400000000000000e+04
4.044000000000000000e+04
5.071000000000000000e+04
1.203030000000000000e+05
1.588540000000000000e+05
1.526830000000000000e+05
1.412860000000000000e+05
6.795300000000000000e+04
4.413200000000000000e+04
3.710600000000000000e+04
3.250700000000000000e+04
3.808600000000000000e+04
5.927600000000000000e+04
1.216710000000000000e+05
1.237850000000000000e+05
1.648560000000000000e+05
1.539250000000000000e+05
6.942600000000000000e+04
6.178600000000000000e+04
3.583300000000000000e+04
4.322200000000000000e+04
4.543500000000000000e+04
9.017000000000000000e+04
9.598400000000000000e+04
7.896900000000000000e+04
1.561790000000000000e+05
1.002370000000000000e+05
6.149900000000000000e+04
5.033000000000000000e+04
3.160800000000000000e+04
3.971400000000000000e+04
4.586900000000000000e+04
7.882700000000000000e+04
5.784600000000000000e+04
1.183970000000000000e+05
1.420970000000000000e+05
6.264700000000000000e+04
4.008700000000000000e+04
3.063300000000000000e+04
2.259500000000000000e+04
3.859200000000000000e+04
6.262800000000000000e+04
8.819000000000000000e+04
1.062640000000000000e+05
8.800100000000000000e+04
4.478400000000000000e+04
1.793300000000000000e+04
1.362500000000000000e+04
1.311000000000000000e+04
2.056900000000000000e+04
4.344300000000000000e+04
8.792500000000000000e+04
1.394980000000000000e+05
1.305180000000000000e+05
7.744400000000000000e+04
3.212000000000000000e+04
2.215500000000000000e+04
1.922400000000000000e+04
2.361700000000000000e+04
3.538200000000000000e+04
6.204400000000000000e+04
1.268350000000000000e+05
1.250980000000000000e+05
9.871000000000000000e+04
5.929600000000000000e+04
2.683200000000000000e+04
3.041800000000000000e+04
2.105000000000000000e+04
2.925200000000000000e+04
2.959500000000000000e+04
5.560900000000000000e+04
6.003800000000000000e+04
4.368100000000000000e+04
4.238700000000000000e+04
2.304400000000000000e+04
1.651300000000000000e+04
1.480100000000000000e+04
1.418800000000000000e+04
1.623600000000000000e+04
1.839800000000000000e+04
2.849700000000000000e+04
2.841200000000000000e+04
3.485700000000000000e+04
3.560100000000000000e+04
2.151400000000000000e+04
1.835700000000000000e+04
1.383900000000000000e+04
1.420000000000000000e+04
1.408800000000000000e+04
2.339100000000000000e+04
2.712600000000000000e+04
2.010900000000000000e+04
2.672000000000000000e+04
2.061400000000000000e+04
1.489900000000000000e+04
1.356500000000000000e+04
1.097500000000000000e+04
1.135900000000000000e+04
1.285700000000000000e+04
1.728300000000000000e+04
1.624900000000000000e+04
1.681800000000000000e+04
1.624900000000000000e+04
1.296700000000000000e+04
1.684100000000000000e+04
1.544500000000000000e+04
1.487800000000000000e+04
1.656000000000000000e+04
1.982300000000000000e+04
2.763600000000000000e+04
2.516400000000000000e+04
1.864900000000000000e+04
1.228600000000000000e+04
1.105000000000000000e+04
1.180500000000000000e+04
1.349200000000000000e+04
1.499300000000000000e+04
1.898000000000000000e+04
3.312700000000000000e+04
4.760000000000000000e+04
3.848000000000000000e+04
2.172200000000000000e+04
1.418800000000000000e+04
1.569100000000000000e+04
1.482200000000000000e+04
1.557100000000000000e+04
2.015000000000000000e+04
3.768800000000000000e+04
7.260000000000000000e+04
7.421200000000000000e+04
5.858300000000000000e+04
3.402900000000000000e+04
2.042200000000000000e+04
2.163300000000000000e+04
1.656700000000000000e+04
2.095200000000000000e+04
2.548400000000000000e+04
4.061900000000000000e+04
5.310100000000000000e+04
6.218400000000000000e+04
5.119700000000000000e+04
2.566400000000000000e+04
1.604200000000000000e+04
1.941500000000000000e+04
1.668800000000000000e+04
2.463700000000000000e+04
5.270400000000000000e+04
1.022960000000000000e+05
1.015010000000000000e+05
9.746600000000000000e+04
9.329400000000000000e+04
4.241100000000000000e+04
4.547000000000000000e+04
3.182900000000000000e+04
4.081200000000000000e+04
5.188500000000000000e+04
1.056090000000000000e+05
1.467100000000000000e+05
1.167140000000000000e+05
1.479420000000000000e+05
8.490200000000000000e+04
4.437800000000000000e+04
4.007400000000000000e+04
2.565800000000000000e+04
3.889400000000000000e+04
6.349900000000000000e+04
1.413560000000000000e+05
1.396720000000000000e+05
1.302940000000000000e+05
1.296490000000000000e+05
5.637300000000000000e+04
5.619500000000000000e+04
3.670800000000000000e+04
4.126700000000000000e+04
5.371400000000000000e+04
1.330780000000000000e+05
2.454240000000000000e+05
2.385620000000000000e+05
2.050510000000000000e+05
9.440300000000000000e+04
4.423000000000000000e+04
3.961400000000000000e+04
2.521700000000000000e+04
3.468800000000000000e+04
6.555500000000000000e+04
1.791290000000000000e+05
2.364080000000000000e+05
1.913670000000000000e+05
1.338160000000000000e+05
5.518400000000000000e+04
3.988800000000000000e+04
3.215400000000000000e+04
2.981300000000000000e+04
4.226400000000000000e+04
9.764100000000000000e+04
2.027680000000000000e+05
2.121390000000000000e+05
1.914310000000000000e+05
1.139360000000000000e+05
4.104300000000000000e+04
3.734200000000000000e+04
2.709100000000000000e+04
4.142400000000000000e+04
5.975200000000000000e+04
1.404580000000000000e+05
1.875160000000000000e+05
1.613820000000000000e+05
1.648290000000000000e+05
8.231600000000000000e+04
4.891800000000000000e+04
3.873900000000000000e+04
3.026800000000000000e+04
3.899700000000000000e+04
6.013400000000000000e+04
9.674300000000000000e+04
8.357900000000000000e+04
1.309830000000000000e+05
1.256250000000000000e+05
5.382700000000000000e+04
4.531900000000000000e+04
3.064200000000000000e+04
4.061900000000000000e+04
4.242600000000000000e+04
7.853100000000000000e+04
9.140100000000000000e+04
9.195000000000000000e+04
1.901420000000000000e+05
1.281590000000000000e+05
5.525100000000000000e+04
4.425000000000000000e+04
2.545500000000000000e+04
3.829100000000000000e+04
5.062900000000000000e+04
8.639500000000000000e+04
1.308860000000000000e+05
1.361320000000000000e+05
8.427800000000000000e+04
3.450300000000000000e+04
2.061200000000000000e+04
2.596700000000000000e+04
2.411300000000000000e+04
4.456600000000000000e+04
9.845700000000000000e+04
2.246990000000000000e+05
2.632130000000000000e+05
1.690540000000000000e+05
6.689200000000000000e+04
3.662700000000000000e+04
3.580300000000000000e+04
2.946900000000000000e+04
4.567100000000000000e+04
8.668600000000000000e+04
2.098530000000000000e+05
3.302250000000000000e+05
3.324450000000000000e+05
1.792480000000000000e+05
5.783900000000000000e+04
4.247800000000000000e+04
3.274000000000000000e+04
4.031200000000000000e+04
5.953300000000000000e+04
1.204140000000000000e+05
2.548870000000000000e+05
2.927160000000000000e+05
2.238450000000000000e+05
1.036070000000000000e+05
4.085900000000000000e+04
3.760700000000000000e+04
2.541100000000000000e+04
3.720100000000000000e+04
4.943100000000000000e+04
1.261070000000000000e+05
1.915450000000000000e+05
1.946620000000000000e+05
1.387140000000000000e+05
5.445000000000000000e+04
3.108600000000000000e+04
2.871300000000000000e+04
3.138100000000000000e+04
4.810300000000000000e+04
8.749400000000000000e+04
1.799790000000000000e+05
1.772040000000000000e+05
1.625960000000000000e+05
1.245790000000000000e+05
4.688500000000000000e+04
4.358100000000000000e+04
2.842300000000000000e+04
3.864500000000000000e+04
5.490300000000000000e+04
1.256510000000000000e+05
1.961020000000000000e+05
1.629090000000000000e+05
1.571370000000000000e+05
8.111600000000000000e+04
4.466100000000000000e+04
3.995000000000000000e+04
3.252700000000000000e+04
4.976500000000000000e+04
9.426000000000000000e+04
2.207070000000000000e+05
3.321460000000000000e+05
3.306810000000000000e+05
1.544120000000000000e+05
4.819800000000000000e+04
3.774600000000000000e+04
2.673300000000000000e+04
3.913300000000000000e+04
6.137700000000000000e+04
1.427920000000000000e+05
2.911990000000000000e+05
3.818310000000000000e+05
2.724390000000000000e+05
8.878200000000000000e+04
3.321300000000000000e+04
2.080000000000000000e+04
2.623400000000000000e+04
4.005300000000000000e+04
6.325100000000000000e+04
1.453790000000000000e+05
2.581980000000000000e+05
2.703570000000000000e+05
1.753330000000000000e+05
6.391900000000000000e+04
3.631300000000000000e+04
2.461200000000000000e+04
3.210200000000000000e+04
3.975900000000000000e+04
5.861500000000000000e+04
9.082800000000000000e+04
9.863000000000000000e+04
8.605800000000000000e+04
5.400800000000000000e+04
2.587300000000000000e+04
2.895000000000000000e+04
3.126700000000000000e+04
3.369100000000000000e+04
5.689000000000000000e+04
1.471300000000000000e+05
2.599430000000000000e+05
2.351790000000000000e+05
2.024200000000000000e+05
1.008880000000000000e+05
4.610100000000000000e+04
3.751900000000000000e+04
3.889600000000000000e+04
5.538400000000000000e+04
9.153900000000000000e+04
1.995950000000000000e+05
2.172090000000000000e+05
2.054590000000000000e+05
1.322280000000000000e+05
4.521600000000000000e+04
3.955000000000000000e+04
3.039100000000000000e+04
4.447100000000000000e+04
5.881000000000000000e+04
1.341890000000000000e+05
2.143650000000000000e+05
1.840260000000000000e+05
1.746950000000000000e+05
9.155800000000000000e+04
4.101700000000000000e+04
3.100000000000000000e+04
3.066900000000000000e+04
3.637600000000000000e+04
6.502800000000000000e+04
1.689330000000000000e+05
3.702530000000000000e+05
4.839660000000000000e+05
2.637560000000000000e+05
8.882400000000000000e+04
4.252800000000000000e+04
2.897200000000000000e+04
3.218400000000000000e+04
3.450800000000000000e+04
8.088800000000000000e+04
2.084980000000000000e+05
4.259300000000000000e+05
3.825650000000000000e+05
1.442090000000000000e+05
5.793200000000000000e+04
2.865800000000000000e+04
3.461300000000000000e+04
3.164400000000000000e+04
5.410600000000000000e+04
1.269300000000000000e+05
3.050110000000000000e+05
4.566480000000000000e+05
2.659270000000000000e+05
7.984300000000000000e+04
4.678800000000000000e+04
2.728600000000000000e+04
3.621100000000000000e+04
4.370000000000000000e+04
9.577000000000000000e+04
2.200960000000000000e+05
4.106650000000000000e+05
3.948590000000000000e+05
1.549840000000000000e+05
5.965000000000000000e+04
4.001300000000000000e+04
3.387200000000000000e+04
4.819100000000000000e+04
6.212400000000000000e+04
1.383340000000000000e+05
2.798370000000000000e+05
3.714660000000000000e+05
2.367760000000000000e+05
7.018300000000000000e+04
3.698100000000000000e+04
2.712400000000000000e+04
3.261400000000000000e+04
4.364900000000000000e+04
8.325300000000000000e+04
1.895400000000000000e+05
2.556600000000000000e+05
2.552220000000000000e+05
1.583050000000000000e+05
5.379100000000000000e+04
4.457900000000000000e+04
2.719000000000000000e+04
2.892600000000000000e+04
3.224900000000000000e+04
5.964000000000000000e+04
7.681600000000000000e+04
7.270200000000000000e+04
1.197510000000000000e+05
1.005920000000000000e+05
3.553800000000000000e+04
2.619500000000000000e+04
2.238900000000000000e+04
2.880000000000000000e+04
6.361800000000000000e+04
1.712190000000000000e+05
3.549710000000000000e+05
4.502110000000000000e+05
2.639080000000000000e+05
7.819300000000000000e+04
3.890100000000000000e+04
2.494300000000000000e+04
3.616400000000000000e+04
4.172500000000000000e+04
9.557100000000000000e+04
2.079730000000000000e+05
3.960250000000000000e+05
3.685800000000000000e+05
1.416400000000000000e+05
4.743600000000000000e+04
3.033200000000000000e+04
2.869100000000000000e+04
4.043100000000000000e+04
7.057400000000000000e+04
1.618830000000000000e+05
2.984800000000000000e+05
3.926820000000000000e+05
2.453440000000000000e+05
7.445900000000000000e+04
4.319400000000000000e+04
2.838900000000000000e+04
3.911700000000000000e+04
5.348600000000000000e+04
9.430500000000000000e+04
1.844010000000000000e+05
2.719400000000000000e+05
2.580130000000000000e+05
1.328180000000000000e+05
4.500000000000000000e+04
4.190600000000000000e+04
3.300800000000000000e+04
5.132700000000000000e+04
6.155900000000000000e+04
1.299940000000000000e+05
2.038460000000000000e+05
2.189790000000000000e+05
1.737420000000000000e+05
7.196300000000000000e+04
3.890100000000000000e+04
3.520000000000000000e+04
3.221400000000000000e+04
5.279800000000000000e+04
7.326500000000000000e+04
1.527900000000000000e+05
1.890830000000000000e+05
1.786140000000000000e+05
1.583940000000000000e+05
6.659600000000000000e+04
5.018800000000000000e+04
3.927200000000000000e+04
5.247500000000000000e+04
6.638600000000000000e+04
1.196910000000000000e+05
2.536630000000000000e+05
4.023360000000000000e+05
3.660240000000000000e+05
1.433780000000000000e+05
6.045800000000000000e+04
3.202700000000000000e+04
4.075200000000000000e+04
4.495700000000000000e+04
6.585800000000000000e+04
1.296380000000000000e+05
2.674440000000000000e+05
3.543840000000000000e+05
2.013520000000000000e+05
6.730100000000000000e+04
3.806000000000000000e+04
2.566900000000000000e+04
4.049000000000000000e+04
4.382200000000000000e+04
8.981000000000000000e+04
1.816610000000000000e+05
3.228150000000000000e+05
3.327720000000000000e+05
1.472970000000000000e+05
5.057200000000000000e+04
3.425400000000000000e+04
2.529800000000000000e+04
3.520100000000000000e+04
3.600200000000000000e+04
6.275600000000000000e+04
6.773600000000000000e+04
8.454300000000000000e+04
1.175990000000000000e+05
7.626200000000000000e+04
2.909900000000000000e+04
3.127900000000000000e+04
2.853200000000000000e+04
4.655500000000000000e+04
7.345600000000000000e+04
1.437680000000000000e+05
1.765610000000000000e+05
1.737370000000000000e+05
1.246860000000000000e+05
4.952700000000000000e+04
4.088400000000000000e+04
3.311700000000000000e+04
5.023500000000000000e+04
5.696300000000000000e+04
1.133060000000000000e+05
1.738270000000000000e+05
2.013450000000000000e+05
1.644520000000000000e+05
6.974200000000000000e+04
3.382500000000000000e+04
3.598500000000000000e+04
3.663800000000000000e+04
6.280200000000000000e+04
8.085300000000000000e+04
1.645850000000000000e+05
2.022630000000000000e+05
2.067800000000000000e+05
1.668820000000000000e+05
6.176100000000000000e+04
4.528000000000000000e+04
3.453900000000000000e+04
4.322400000000000000e+04
5.923300000000000000e+04
1.180950000000000000e+05
2.121710000000000000e+05
2.738880000000000000e+05
2.224240000000000000e+05
8.656100000000000000e+04
3.989600000000000000e+04
2.899300000000000000e+04
3.482900000000000000e+04
4.957200000000000000e+04
7.331400000000000000e+04
1.445180000000000000e+05
2.526240000000000000e+05
3.202860000000000000e+05
1.991700000000000000e+05
6.171900000000000000e+04
3.358900000000000000e+04
2.683600000000000000e+04
4.351500000000000000e+04
6.621000000000000000e+04
1.087420000000000000e+05
2.082720000000000000e+05
2.732900000000000000e+05
2.467870000000000000e+05
1.198830000000000000e+05
4.468700000000000000e+04
3.762500000000000000e+04
3.459700000000000000e+04
5.602000000000000000e+04
6.709900000000000000e+04
1.280260000000000000e+05
1.852100000000000000e+05
1.792270000000000000e+05
1.441540000000000000e+05
6.348900000000000000e+04
4.120000000000000000e+04
3.393800000000000000e+04
4.268100000000000000e+04
4.982400000000000000e+04
5.420700000000000000e+04
8.757200000000000000e+04
9.500300000000000000e+04
1.514280000000000000e+05
1.195010000000000000e+05
5.158200000000000000e+04
4.438700000000000000e+04
2.916900000000000000e+04
4.202300000000000000e+04
4.180000000000000000e+04
6.188900000000000000e+04
8.159000000000000000e+04
7.083600000000000000e+04
1.578170000000000000e+05
1.344410000000000000e+05
5.338200000000000000e+04
3.086000000000000000e+04
1.792600000000000000e+04
1.863200000000000000e+04
1.859500000000000000e+04
3.240800000000000000e+04
6.155500000000000000e+04
8.255800000000000000e+04
7.301900000000000000e+04
4.470500000000000000e+04
2.176800000000000000e+04
2.529800000000000000e+04
2.959300000000000000e+04
5.063900000000000000e+04
8.823700000000000000e+04
1.727030000000000000e+05
2.606510000000000000e+05
2.335640000000000000e+05
1.064370000000000000e+05
4.404400000000000000e+04
3.020000000000000000e+04
3.220300000000000000e+04
4.419100000000000000e+04
6.328600000000000000e+04
1.205160000000000000e+05
1.895680000000000000e+05
2.420590000000000000e+05
1.667360000000000000e+05
5.867900000000000000e+04
4.095700000000000000e+04
3.207900000000000000e+04
3.878800000000000000e+04
5.864100000000000000e+04
9.789700000000000000e+04
1.617440000000000000e+05
2.023540000000000000e+05
2.012520000000000000e+05
1.046390000000000000e+05
4.125700000000000000e+04
3.384400000000000000e+04
2.756600000000000000e+04
4.597000000000000000e+04
5.599100000000000000e+04
8.889700000000000000e+04
1.230690000000000000e+05
1.238620000000000000e+05
1.342900000000000000e+05
7.447300000000000000e+04
3.623300000000000000e+04
2.754200000000000000e+04
2.690900000000000000e+04
3.945400000000000000e+04
4.006100000000000000e+04
6.221700000000000000e+04
7.413900000000000000e+04
1.369300000000000000e+05
1.604880000000000000e+05
7.646800000000000000e+04
4.656200000000000000e+04
3.185100000000000000e+04
3.763700000000000000e+04
4.400000000000000000e+04
6.116300000000000000e+04
8.685900000000000000e+04
9.378300000000000000e+04
1.509250000000000000e+05
1.082760000000000000e+05
4.364600000000000000e+04
2.878000000000000000e+04
2.215300000000000000e+04
3.196800000000000000e+04
4.859500000000000000e+04
9.777600000000000000e+04
1.400960000000000000e+05
1.332460000000000000e+05
7.289700000000000000e+04
2.636300000000000000e+04
2.282200000000000000e+04
2.440400000000000000e+04
3.202800000000000000e+04
4.605000000000000000e+04
8.656400000000000000e+04
1.589280000000000000e+05
2.238670000000000000e+05
1.932030000000000000e+05
7.854100000000000000e+04
3.195100000000000000e+04
2.340200000000000000e+04
2.470000000000000000e+04
3.848900000000000000e+04
5.343000000000000000e+04
1.048230000000000000e+05
1.734980000000000000e+05
1.865630000000000000e+05
1.390910000000000000e+05
5.982400000000000000e+04
2.999800000000000000e+04
2.263100000000000000e+04
1.723400000000000000e+04
1.794600000000000000e+04
2.488700000000000000e+04
4.678800000000000000e+04
6.512200000000000000e+04
6.960900000000000000e+04
5.897600000000000000e+04
3.642100000000000000e+04
1.835900000000000000e+04
2.212000000000000000e+04
2.414700000000000000e+04
4.466300000000000000e+04
6.826900000000000000e+04
1.102630000000000000e+05
1.016840000000000000e+05
1.003430000000000000e+05
6.678600000000000000e+04
4.248000000000000000e+04
4.523900000000000000e+04
2.945000000000000000e+04
4.343000000000000000e+04
6.134800000000000000e+04
1.129790000000000000e+05
1.156830000000000000e+05
1.165140000000000000e+05
8.448300000000000000e+04
3.469900000000000000e+04
3.486300000000000000e+04
2.661500000000000000e+04
3.243700000000000000e+04
4.266400000000000000e+04
6.390100000000000000e+04
9.800600000000000000e+04
8.225000000000000000e+04
1.108450000000000000e+05
8.594000000000000000e+04
4.033600000000000000e+04
4.004000000000000000e+04
2.681300000000000000e+04
3.539100000000000000e+04
5.405200000000000000e+04
1.099790000000000000e+05
1.743860000000000000e+05
2.057610000000000000e+05
1.352480000000000000e+05
5.305400000000000000e+04
3.311900000000000000e+04
2.287500000000000000e+04
3.245400000000000000e+04
4.757900000000000000e+04
9.014600000000000000e+04
1.448630000000000000e+05
2.259430000000000000e+05
2.036730000000000000e+05
8.101800000000000000e+04
4.069500000000000000e+04
3.127200000000000000e+04
2.636300000000000000e+04
3.955200000000000000e+04
6.240500000000000000e+04
1.092950000000000000e+05
1.589140000000000000e+05
1.958730000000000000e+05
1.298060000000000000e+05
4.439700000000000000e+04
2.899200000000000000e+04
2.239100000000000000e+04
2.810500000000000000e+04
4.811300000000000000e+04
7.890500000000000000e+04
1.347510000000000000e+05
1.747000000000000000e+05
1.614560000000000000e+05
8.954300000000000000e+04
3.707500000000000000e+04
3.052700000000000000e+04
2.210700000000000000e+04
3.667300000000000000e+04
4.666200000000000000e+04
8.007900000000000000e+04
1.139430000000000000e+05
1.359260000000000000e+05
1.395660000000000000e+05
7.170100000000000000e+04
4.004100000000000000e+04
3.263400000000000000e+04
3.404400000000000000e+04
5.369500000000000000e+04
6.224600000000000000e+04
1.030240000000000000e+05
1.060580000000000000e+05
1.054370000000000000e+05
9.147100000000000000e+04
4.251400000000000000e+04
2.207000000000000000e+04
1.440600000000000000e+04
1.361100000000000000e+04
1.518800000000000000e+04
1.902100000000000000e+04
3.283200000000000000e+04
5.794600000000000000e+04
7.987100000000000000e+04
6.856500000000000000e+04
3.365700000000000000e+04
2.062200000000000000e+04
2.628800000000000000e+04
3.168500000000000000e+04
5.901100000000000000e+04
1.036420000000000000e+05
1.950340000000000000e+05
2.401400000000000000e+05
1.463240000000000000e+05
5.178800000000000000e+04
3.404400000000000000e+04
2.588200000000000000e+04
3.791600000000000000e+04
5.195000000000000000e+04
8.386900000000000000e+04
1.329180000000000000e+05
1.625580000000000000e+05
1.506820000000000000e+05
6.883900000000000000e+04
3.143000000000000000e+04
2.729800000000000000e+04
2.487400000000000000e+04
3.651600000000000000e+04
5.396800000000000000e+04
9.292300000000000000e+04
1.391800000000000000e+05
1.595050000000000000e+05
1.082440000000000000e+05
4.278200000000000000e+04
2.560500000000000000e+04
2.101100000000000000e+04
2.513300000000000000e+04
3.955000000000000000e+04
6.261200000000000000e+04
1.072240000000000000e+05
1.274670000000000000e+05
1.185490000000000000e+05
7.180100000000000000e+04
3.196300000000000000e+04
3.381700000000000000e+04
2.580600000000000000e+04
3.940900000000000000e+04
4.925600000000000000e+04
6.926200000000000000e+04
9.809000000000000000e+04
9.154200000000000000e+04
9.186900000000000000e+04
5.424900000000000000e+04
3.261400000000000000e+04
2.800100000000000000e+04
2.539600000000000000e+04
3.759700000000000000e+04
4.189100000000000000e+04
8.071000000000000000e+04
8.355200000000000000e+04
7.355900000000000000e+04
7.170300000000000000e+04
3.602400000000000000e+04
2.602700000000000000e+04
2.062500000000000000e+04
2.716200000000000000e+04
3.866900000000000000e+04
6.291500000000000000e+04
1.113120000000000000e+05
1.521050000000000000e+05
1.485540000000000000e+05
6.916600000000000000e+04
3.355600000000000000e+04
2.381700000000000000e+04
2.672700000000000000e+04
3.639900000000000000e+04
5.750100000000000000e+04
9.706000000000000000e+04
1.372970000000000000e+05
1.818790000000000000e+05
1.225990000000000000e+05
4.933300000000000000e+04
3.179100000000000000e+04
2.287600000000000000e+04
3.520900000000000000e+04
4.715000000000000000e+04
7.596500000000000000e+04
1.128770000000000000e+05
1.622850000000000000e+05
1.707060000000000000e+05
9.244500000000000000e+04
4.133900000000000000e+04
2.519000000000000000e+04
1.461800000000000000e+04
1.645600000000000000e+04
1.779500000000000000e+04
2.117100000000000000e+04
2.520400000000000000e+04
6.045900000000000000e+04
1.034250000000000000e+05
7.162600000000000000e+04
2.761900000000000000e+04
2.276500000000000000e+04
2.372900000000000000e+04
3.825000000000000000e+04
5.573300000000000000e+04
9.460000000000000000e+04
1.137980000000000000e+05
9.820600000000000000e+04
5.966600000000000000e+04
2.860000000000000000e+04
2.667300000000000000e+04
2.366000000000000000e+04
4.029700000000000000e+04
5.277500000000000000e+04
8.675500000000000000e+04
1.307100000000000000e+05
1.439710000000000000e+05
1.152060000000000000e+05
5.203900000000000000e+04
3.159000000000000000e+04
2.895300000000000000e+04
2.815800000000000000e+04
4.422500000000000000e+04
5.897500000000000000e+04
1.093360000000000000e+05
1.282790000000000000e+05
1.256820000000000000e+05
9.670100000000000000e+04
4.175600000000000000e+04
2.980100000000000000e+04
2.191700000000000000e+04
3.223400000000000000e+04
4.634000000000000000e+04
7.503700000000000000e+04
1.093320000000000000e+05
1.535280000000000000e+05
1.469300000000000000e+05
7.198200000000000000e+04
4.236400000000000000e+04
2.743200000000000000e+04
2.512100000000000000e+04
3.476200000000000000e+04
5.340800000000000000e+04
8.860900000000000000e+04
1.264820000000000000e+05
1.474480000000000000e+05
9.649800000000000000e+04
4.073600000000000000e+04
3.051000000000000000e+04
2.145300000000000000e+04
2.993900000000000000e+04
4.474700000000000000e+04
6.969900000000000000e+04
1.036360000000000000e+05
1.323700000000000000e+05
1.144500000000000000e+05
5.637900000000000000e+04
3.060100000000000000e+04
2.525700000000000000e+04
2.269900000000000000e+04
3.437500000000000000e+04
5.294300000000000000e+04
8.526200000000000000e+04
1.105450000000000000e+05
1.213920000000000000e+05
9.320800000000000000e+04
4.116500000000000000e+04
2.916000000000000000e+04
2.356700000000000000e+04
2.651200000000000000e+04
4.396200000000000000e+04
5.683800000000000000e+04
8.648200000000000000e+04
8.537500000000000000e+04
6.747700000000000000e+04
4.846300000000000000e+04
2.992700000000000000e+04
2.857000000000000000e+04
2.142500000000000000e+04
3.505400000000000000e+04
3.483700000000000000e+04
5.127800000000000000e+04
6.124500000000000000e+04
4.482200000000000000e+04
5.709900000000000000e+04
4.575200000000000000e+04
2.236800000000000000e+04
1.398600000000000000e+04
1.048700000000000000e+04
9.885000000000000000e+03
1.303700000000000000e+04
2.783100000000000000e+04
5.819200000000000000e+04
7.535000000000000000e+04
6.781400000000000000e+04
4.407800000000000000e+04
2.085900000000000000e+04
2.261800000000000000e+04
2.575200000000000000e+04
3.920100000000000000e+04
5.936400000000000000e+04
9.337700000000000000e+04
1.486720000000000000e+05
1.411560000000000000e+05
7.098000000000000000e+04
3.730700000000000000e+04
2.500700000000000000e+04
2.316800000000000000e+04
3.654100000000000000e+04
5.206000000000000000e+04
9.387400000000000000e+04
1.273110000000000000e+05
1.569190000000000000e+05
1.190170000000000000e+05
5.855300000000000000e+04
4.006200000000000000e+04
2.520000000000000000e+04
3.035600000000000000e+04
3.888700000000000000e+04
6.098100000000000000e+04
9.245700000000000000e+04
1.119170000000000000e+05
8.891900000000000000e+04
4.398100000000000000e+04
2.902700000000000000e+04
2.918100000000000000e+04
2.196400000000000000e+04
2.906900000000000000e+04
3.517700000000000000e+04
6.071200000000000000e+04
8.099000000000000000e+04
6.818100000000000000e+04
5.438500000000000000e+04
3.179800000000000000e+04
2.365700000000000000e+04
1.717700000000000000e+04
1.845600000000000000e+04
2.765900000000000000e+04
3.399800000000000000e+04
5.200700000000000000e+04
6.097800000000000000e+04
6.117300000000000000e+04
4.522000000000000000e+04
2.508200000000000000e+04
2.396400000000000000e+04
1.738600000000000000e+04
2.410600000000000000e+04
3.241100000000000000e+04
4.632300000000000000e+04
6.824200000000000000e+04
5.958800000000000000e+04
5.623200000000000000e+04
3.942300000000000000e+04
2.515200000000000000e+04
2.151200000000000000e+04
1.826100000000000000e+04
2.787200000000000000e+04
3.022100000000000000e+04
5.004300000000000000e+04
5.447800000000000000e+04
5.233000000000000000e+04
6.151900000000000000e+04
3.577400000000000000e+04
2.790200000000000000e+04
2.319500000000000000e+04
2.791400000000000000e+04
3.993900000000000000e+04
4.979900000000000000e+04
8.734900000000000000e+04
7.758000000000000000e+04
6.878100000000000000e+04
5.901200000000000000e+04
3.710800000000000000e+04
2.910100000000000000e+04
1.978500000000000000e+04
3.041400000000000000e+04
3.095400000000000000e+04
5.379600000000000000e+04
6.009200000000000000e+04
4.982200000000000000e+04
6.084000000000000000e+04
4.184700000000000000e+04
2.135900000000000000e+04
1.765600000000000000e+04
1.485100000000000000e+04
1.334100000000000000e+04
1.744600000000000000e+04
3.014000000000000000e+04
3.935300000000000000e+04
3.760200000000000000e+04
3.570300000000000000e+04
2.603100000000000000e+04
1.426100000000000000e+04
1.649700000000000000e+04
1.878000000000000000e+04
1.812100000000000000e+04
2.585900000000000000e+04
2.992000000000000000e+04
3.271000000000000000e+04
7.235300000000000000e+04
7.757300000000000000e+04
4.953400000000000000e+04
3.383500000000000000e+04
2.092200000000000000e+04
2.850300000000000000e+04
2.448300000000000000e+04
4.441700000000000000e+04
4.369400000000000000e+04
5.889100000000000000e+04
1.032350000000000000e+05
6.896400000000000000e+04
3.988700000000000000e+04
2.321700000000000000e+04
2.826900000000000000e+04
2.818000000000000000e+04
3.253700000000000000e+04
4.694000000000000000e+04
3.974300000000000000e+04
8.574400000000000000e+04
8.446200000000000000e+04
4.461000000000000000e+04
3.333400000000000000e+04
2.251700000000000000e+04
3.137400000000000000e+04
3.315700000000000000e+04
5.310700000000000000e+04
6.637700000000000000e+04
5.292900000000000000e+04
3.949600000000000000e+04
2.834400000000000000e+04
2.574700000000000000e+04
1.946500000000000000e+04
2.480900000000000000e+04
3.222200000000000000e+04
4.125700000000000000e+04
6.206800000000000000e+04
6.421300000000000000e+04
5.781000000000000000e+04
4.264600000000000000e+04
2.559700000000000000e+04
2.127700000000000000e+04
1.832800000000000000e+04
2.555800000000000000e+04
2.943900000000000000e+04
4.558600000000000000e+04
5.598500000000000000e+04
3.890400000000000000e+04
3.343800000000000000e+04
2.382200000000000000e+04
2.050800000000000000e+04
1.826800000000000000e+04
1.799000000000000000e+04
2.389800000000000000e+04
2.573500000000000000e+04
4.222200000000000000e+04
4.022600000000000000e+04
4.659500000000000000e+04
4.761300000000000000e+04
2.883900000000000000e+04
2.377000000000000000e+04
1.591800000000000000e+04
1.920100000000000000e+04
1.985600000000000000e+04
2.674300000000000000e+04
3.528800000000000000e+04
3.480100000000000000e+04
5.201700000000000000e+04
3.934400000000000000e+04
2.305800000000000000e+04
1.984100000000000000e+04
1.460300000000000000e+04
1.726500000000000000e+04
1.751100000000000000e+04
2.922300000000000000e+04
2.756400000000000000e+04
3.908700000000000000e+04
5.204200000000000000e+04
2.811200000000000000e+04
1.792000000000000000e+04
1.422300000000000000e+04
1.011500000000000000e+04
9.939000000000000000e+03
1.099300000000000000e+04
1.717300000000000000e+04
2.970700000000000000e+04
3.662100000000000000e+04
3.251600000000000000e+04
2.180900000000000000e+04
1.859600000000000000e+04
2.675600000000000000e+04
2.553800000000000000e+04
3.063900000000000000e+04
4.147500000000000000e+04
4.578700000000000000e+04
4.161600000000000000e+04
2.696500000000000000e+04
2.124300000000000000e+04
2.763300000000000000e+04
2.296800000000000000e+04
2.255800000000000000e+04
2.839100000000000000e+04
3.400600000000000000e+04
5.361800000000000000e+04
4.888500000000000000e+04
3.923900000000000000e+04
3.165500000000000000e+04
2.766400000000000000e+04
2.399900000000000000e+04
1.862400000000000000e+04
2.666000000000000000e+04
2.565500000000000000e+04
4.188500000000000000e+04
4.583800000000000000e+04
3.606500000000000000e+04
3.757300000000000000e+04
3.144800000000000000e+04
2.508500000000000000e+04
1.625300000000000000e+04
1.764200000000000000e+04
2.183200000000000000e+04
2.676600000000000000e+04
4.190400000000000000e+04
3.696200000000000000e+04
3.507400000000000000e+04
3.634900000000000000e+04
2.834700000000000000e+04
2.319300000000000000e+04
1.593900000000000000e+04
2.181600000000000000e+04
2.278200000000000000e+04
3.191800000000000000e+04
4.387500000000000000e+04
3.108300000000000000e+04
3.380000000000000000e+04
3.150100000000000000e+04
2.520100000000000000e+04
2.080400000000000000e+04
1.837500000000000000e+04
2.580000000000000000e+04
2.473400000000000000e+04
3.935700000000000000e+04
3.576400000000000000e+04
4.111900000000000000e+04
5.382800000000000000e+04
3.489500000000000000e+04
2.886100000000000000e+04
2.217700000000000000e+04
2.123900000000000000e+04
2.871000000000000000e+04
4.443000000000000000e+04
6.760600000000000000e+04
7.382800000000000000e+04
6.602200000000000000e+04
4.898500000000000000e+04
3.406800000000000000e+04
2.048800000000000000e+04
1.581600000000000000e+04
2.062800000000000000e+04
2.553100000000000000e+04
4.338200000000000000e+04
5.809200000000000000e+04
7.334200000000000000e+04
7.846000000000000000e+04
5.749200000000000000e+04
3.201700000000000000e+04
1.664000000000000000e+04
1.769800000000000000e+04
1.819800000000000000e+04
2.723500000000000000e+04
4.293800000000000000e+04
5.745600000000000000e+04
7.961300000000000000e+04
6.928300000000000000e+04
3.172200000000000000e+04
1.459800000000000000e+04
1.182000000000000000e+04
1.007400000000000000e+04
1.184500000000000000e+04
1.815000000000000000e+04
3.048200000000000000e+04
3.940600000000000000e+04
3.435300000000000000e+04
2.168200000000000000e+04
1.421800000000000000e+04
1.389100000000000000e+04
1.418200000000000000e+04
1.510000000000000000e+04
2.107600000000000000e+04
2.829000000000000000e+04
2.746700000000000000e+04
3.248000000000000000e+04
4.292100000000000000e+04
3.711800000000000000e+04
2.107000000000000000e+04
1.331800000000000000e+04
1.576300000000000000e+04
1.624500000000000000e+04
2.368600000000000000e+04
3.655000000000000000e+04
3.658600000000000000e+04
4.667400000000000000e+04
5.398200000000000000e+04
3.607400000000000000e+04
1.865300000000000000e+04
1.394800000000000000e+04
1.337500000000000000e+04
1.377200000000000000e+04
2.173400000000000000e+04
2.386900000000000000e+04
2.700700000000000000e+04
4.160400000000000000e+04
3.925900000000000000e+04
2.476000000000000000e+04
1.402700000000000000e+04
1.275800000000000000e+04
1.769000000000000000e+04
2.496200000000000000e+04
4.259200000000000000e+04
5.876400000000000000e+04
6.778400000000000000e+04
5.623100000000000000e+04
2.898700000000000000e+04
1.378500000000000000e+04
1.108300000000000000e+04
1.052400000000000000e+04
1.181800000000000000e+04
1.869600000000000000e+04
2.405900000000000000e+04
3.108100000000000000e+04
4.514200000000000000e+04
4.422700000000000000e+04
2.518500000000000000e+04
1.325900000000000000e+04
1.286000000000000000e+04
1.265800000000000000e+04
1.654200000000000000e+04
2.778300000000000000e+04
3.817300000000000000e+04
4.466100000000000000e+04
4.731900000000000000e+04
3.474700000000000000e+04
1.798900000000000000e+04
1.339400000000000000e+04
1.368800000000000000e+04
1.265900000000000000e+04
1.858800000000000000e+04
2.778000000000000000e+04
2.707500000000000000e+04
2.990900000000000000e+04
3.854200000000000000e+04
2.873900000000000000e+04
1.478000000000000000e+04
1.494700000000000000e+04
1.391900000000000000e+04
1.465500000000000000e+04
2.355900000000000000e+04
2.560800000000000000e+04
3.024000000000000000e+04
4.633600000000000000e+04
4.587400000000000000e+04
2.491200000000000000e+04
1.396500000000000000e+04
1.363600000000000000e+04
1.152900000000000000e+04
1.441300000000000000e+04
1.966600000000000000e+04
2.003800000000000000e+04
2.644500000000000000e+04
3.638800000000000000e+04
2.885400000000000000e+04
1.580700000000000000e+04
1.521600000000000000e+04
1.434800000000000000e+04
1.755800000000000000e+04
2.764500000000000000e+04
3.376800000000000000e+04
3.502600000000000000e+04
2.608700000000000000e+04
1.564200000000000000e+04
1.296000000000000000e+04
1.316600000000000000e+04
1.270600000000000000e+04
1.445400000000000000e+04
2.258600000000000000e+04
2.809900000000000000e+04
3.150600000000000000e+04
4.391500000000000000e+04
4.970400000000000000e+04
3.256100000000000000e+04
1.609600000000000000e+04
1.482200000000000000e+04
1.477800000000000000e+04
1.439900000000000000e+04
2.245300000000000000e+04
2.541200000000000000e+04
2.637800000000000000e+04
3.684000000000000000e+04
3.789800000000000000e+04
2.320300000000000000e+04
1.365000000000000000e+04
1.291300000000000000e+04
1.167300000000000000e+04
1.371400000000000000e+04
2.010100000000000000e+04
2.078400000000000000e+04
2.359000000000000000e+04
3.203500000000000000e+04
2.619400000000000000e+04
1.436600000000000000e+04
1.106700000000000000e+04
1.092900000000000000e+04
1.108600000000000000e+04
1.513800000000000000e+04
1.800400000000000000e+04
1.772700000000000000e+04
2.236500000000000000e+04
2.558400000000000000e+04
1.926400000000000000e+04
1.168700000000000000e+04
9.929000000000000000e+03
9.599000000000000000e+03
1.003800000000000000e+04
1.219100000000000000e+04
1.341500000000000000e+04
1.616500000000000000e+04
2.347600000000000000e+04
2.499000000000000000e+04
1.679900000000000000e+04
1.084600000000000000e+04
1.173000000000000000e+04
1.198200000000000000e+04
1.206200000000000000e+04
1.337400000000000000e+04
1.469900000000000000e+04
1.878900000000000000e+04
2.195900000000000000e+04
1.841700000000000000e+04
1.175600000000000000e+04
1.090400000000000000e+04
1.246500000000000000e+04
1.186200000000000000e+04
1.213000000000000000e+04
1.376800000000000000e+04
1.687700000000000000e+04
2.190300000000000000e+04
2.174900000000000000e+04
1.553000000000000000e+04
1.065100000000000000e+04
1.102000000000000000e+04
1.096300000000000000e+04
1.044700000000000000e+04
1.082600000000000000e+04
1.144900000000000000e+04
1.443500000000000000e+04
1.795000000000000000e+04
1.831100000000000000e+04
1.465200000000000000e+04
1.128000000000000000e+04
1.151000000000000000e+04
1.237600000000000000e+04
1.352500000000000000e+04
1.733500000000000000e+04
1.874600000000000000e+04
1.824000000000000000e+04
1.796800000000000000e+04
1.474700000000000000e+04
1.201800000000000000e+04
1.352200000000000000e+04
1.259000000000000000e+04
1.465100000000000000e+04
2.292900000000000000e+04
2.377900000000000000e+04
1.699900000000000000e+04
1.379100000000000000e+04
1.188700000000000000e+04
1.073900000000000000e+04
1.109600000000000000e+04
1.018700000000000000e+04
1.076000000000000000e+04
1.165000000000000000e+04
1.135500000000000000e+04
1.692400000000000000e+04
2.480400000000000000e+04
2.253100000000000000e+04
1.495600000000000000e+04
1.037300000000000000e+04
9.550000000000000000e+03
9.370000000000000000e+03
9.482000000000000000e+03
9.811000000000000000e+03
1.237200000000000000e+04
1.921800000000000000e+04
2.480800000000000000e+04
2.173000000000000000e+04
1.355600000000000000e+04
1.050000000000000000e+04
1.071100000000000000e+04
1.029700000000000000e+04
1.002100000000000000e+04
1.180900000000000000e+04
1.588700000000000000e+04
2.014800000000000000e+04
2.247700000000000000e+04
2.135000000000000000e+04
1.547300000000000000e+04
1.141900000000000000e+04
1.392200000000000000e+04
1.709900000000000000e+04
1.661500000000000000e+04
2.136600000000000000e+04
3.154900000000000000e+04
3.426200000000000000e+04
2.496200000000000000e+04
1.453100000000000000e+04
1.154000000000000000e+04
1.503700000000000000e+04
1.904700000000000000e+04
2.180400000000000000e+04
2.833700000000000000e+04
3.977400000000000000e+04
4.893400000000000000e+04
4.144000000000000000e+04
2.401400000000000000e+04
1.316100000000000000e+04
1.225900000000000000e+04
1.473500000000000000e+04
1.614700000000000000e+04
1.767700000000000000e+04
2.324500000000000000e+04
3.187100000000000000e+04
3.796900000000000000e+04
3.179800000000000000e+04
1.889100000000000000e+04
1.163200000000000000e+04
1.165200000000000000e+04
1.246800000000000000e+04
1.211200000000000000e+04
1.239100000000000000e+04
1.617500000000000000e+04
2.117600000000000000e+04
2.384500000000000000e+04
2.042300000000000000e+04
1.374300000000000000e+04
9.857000000000000000e+03
1.119000000000000000e+04
1.354400000000000000e+04
1.263800000000000000e+04
1.262300000000000000e+04
1.664300000000000000e+04
1.970800000000000000e+04
1.771800000000000000e+04
1.447900000000000000e+04
1.170200000000000000e+04
1.056200000000000000e+04
1.357700000000000000e+04
1.910600000000000000e+04
2.024800000000000000e+04
1.925400000000000000e+04
2.316900000000000000e+04
2.686100000000000000e+04
2.049400000000000000e+04
1.234400000000000000e+04
1.136200000000000000e+04
1.328000000000000000e+04
1.564500000000000000e+04
2.248700000000000000e+04
3.026200000000000000e+04
3.200700000000000000e+04
2.676400000000000000e+04
1.868700000000000000e+04
1.409100000000000000e+04
1.359000000000000000e+04
1.225900000000000000e+04
1.144400000000000000e+04
1.510200000000000000e+04
2.176200000000000000e+04
2.804100000000000000e+04
3.200800000000000000e+04
2.926500000000000000e+04
2.045800000000000000e+04
1.250700000000000000e+04
1.081700000000000000e+04
1.308800000000000000e+04
1.481900000000000000e+04
1.649600000000000000e+04
2.413700000000000000e+04
3.549200000000000000e+04
4.038400000000000000e+04
3.066300000000000000e+04
1.687200000000000000e+04
1.089700000000000000e+04
1.220100000000000000e+04
1.393400000000000000e+04
1.560000000000000000e+04
2.101400000000000000e+04
2.894600000000000000e+04
3.384600000000000000e+04
3.155600000000000000e+04
2.224300000000000000e+04
1.314000000000000000e+04
9.582000000000000000e+03
1.069500000000000000e+04
1.167200000000000000e+04
1.115200000000000000e+04
1.219600000000000000e+04
1.621900000000000000e+04
1.996500000000000000e+04
1.992100000000000000e+04
1.598100000000000000e+04
1.144400000000000000e+04
8.996000000000000000e+03
8.872000000000000000e+03
9.704000000000000000e+03
1.040800000000000000e+04
1.057000000000000000e+04
1.258100000000000000e+04
1.554900000000000000e+04
1.582900000000000000e+04
1.269500000000000000e+04
9.448000000000000000e+03
