5.258100000000000000e+04
5.782000000000000000e+04
5.130300000000000000e+04
4.161500000000000000e+04
3.240200000000000000e+04
2.720900000000000000e+04
2.435400000000000000e+04
2.019900000000000000e+04
2.379300000000000000e+04
4.427900000000000000e+04
8.679400000000000000e+04
1.517850000000000000e+05
2.044740000000000000e+05
1.885790000000000000e+05
1.147160000000000000e+05
4.607900000000000000e+04
2.268500000000000000e+04
3.166500000000000000e+04
3.697500000000000000e+04
5.884200000000000000e+04
1.540430000000000000e+05
2.732810000000000000e+05
2.859520000000000000e+05
1.832290000000000000e+05
7.653700000000000000e+04
2.603000000000000000e+04
1.825400000000000000e+04
2.599200000000000000e+04
3.455200000000000000e+04
6.321400000000000000e+04
1.433740000000000000e+05
2.287390000000000000e+05
2.123410000000000000e+05
1.087090000000000000e+05
3.657300000000000000e+04
1.946800000000000000e+04
1.967000000000000000e+04
2.196000000000000000e+04
3.977500000000000000e+04
1.082270000000000000e+05
1.983720000000000000e+05
2.160850000000000000e+05
1.416290000000000000e+05
6.055200000000000000e+04
2.206500000000000000e+04
1.405100000000000000e+04
1.364400000000000000e+04
1.960300000000000000e+04
4.680800000000000000e+04
1.238620000000000000e+05
2.036300000000000000e+05
1.831670000000000000e+05
9.657800000000000000e+04
3.970900000000000000e+04
1.951200000000000000e+04
1.780000000000000000e+04
1.743500000000000000e+04
2.826700000000000000e+04
7.350800000000000000e+04
1.600700000000000000e+05
2.492640000000000000e+05
2.209060000000000000e+05
1.007200000000000000e+05
4.298800000000000000e+04
3.590400000000000000e+04
3.302000000000000000e+04
3.525800000000000000e+04
5.547300000000000000e+04
1.197390000000000000e+05
1.689900000000000000e+05
2.409770000000000000e+05
3.256200000000000000e+05
2.306120000000000000e+05
7.567300000000000000e+04
4.371400000000000000e+04
3.779400000000000000e+04
4.064500000000000000e+04
1.002460000000000000e+05
3.036740000000000000e+05
5.567180000000000000e+05
4.833200000000000000e+05
1.856510000000000000e+05
6.593000000000000000e+04
5.363500000000000000e+04
3.216600000000000000e+04
3.569700000000000000e+04
5.908400000000000000e+04
1.936370000000000000e+05
4.535910000000000000e+05
5.408000000000000000e+05
3.174040000000000000e+05
9.659500000000000000e+04
6.106700000000000000e+04
5.307700000000000000e+04
3.767800000000000000e+04
5.102900000000000000e+04
1.072160000000000000e+05
3.194200000000000000e+05
5.535610000000000000e+05
4.451470000000000000e+05
1.657010000000000000e+05
6.503300000000000000e+04
5.481400000000000000e+04
4.444200000000000000e+04
5.826700000000000000e+04
7.373600000000000000e+04
1.760790000000000000e+05
3.517360000000000000e+05
3.978260000000000000e+05
2.335500000000000000e+05
8.140500000000000000e+04
4.954400000000000000e+04
4.523500000000000000e+04
4.481100000000000000e+04
5.854500000000000000e+04
1.117910000000000000e+05
2.792190000000000000e+05
4.164840000000000000e+05
3.353070000000000000e+05
1.529280000000000000e+05
5.077800000000000000e+04
4.340800000000000000e+04
3.877800000000000000e+04
3.904600000000000000e+04
6.013000000000000000e+04
1.313550000000000000e+05
2.783740000000000000e+05
3.210110000000000000e+05
2.021030000000000000e+05
8.755900000000000000e+04
3.407900000000000000e+04
3.488900000000000000e+04
2.693000000000000000e+04
2.638100000000000000e+04
5.097500000000000000e+04
1.783180000000000000e+05
5.036830000000000000e+05
6.075540000000000000e+05
2.998450000000000000e+05
8.662600000000000000e+04
5.432500000000000000e+04
2.946600000000000000e+04
2.483300000000000000e+04
3.393400000000000000e+04
8.547600000000000000e+04
3.000880000000000000e+05
5.771300000000000000e+05
5.102550000000000000e+05
2.013300000000000000e+05
7.252300000000000000e+04
4.714100000000000000e+04
2.350500000000000000e+04
3.035200000000000000e+04
5.427900000000000000e+04
1.918740000000000000e+05
4.823770000000000000e+05
6.502160000000000000e+05
4.262670000000000000e+05
1.455660000000000000e+05
9.041300000000000000e+04
5.220600000000000000e+04
4.416900000000000000e+04
5.688100000000000000e+04
1.051610000000000000e+05
1.993920000000000000e+05
1.328600000000000000e+05
1.677990000000000000e+05
2.879170000000000000e+05
1.652710000000000000e+05
7.172700000000000000e+04
5.870700000000000000e+04
3.940900000000000000e+04
6.655900000000000000e+04
1.493320000000000000e+05
4.466210000000000000e+05
6.069350000000000000e+05
3.471640000000000000e+05
1.017700000000000000e+05
5.064600000000000000e+04
4.824100000000000000e+04
3.721500000000000000e+04
4.696200000000000000e+04
9.202200000000000000e+04
2.425130000000000000e+05
4.889480000000000000e+05
4.765540000000000000e+05
2.113760000000000000e+05
6.428700000000000000e+04
5.089900000000000000e+04
3.833300000000000000e+04
3.217100000000000000e+04
5.473900000000000000e+04
1.253350000000000000e+05
3.583250000000000000e+05
5.420490000000000000e+05
3.615860000000000000e+05
1.100030000000000000e+05
4.906900000000000000e+04
4.023600000000000000e+04
3.150000000000000000e+04
3.191400000000000000e+04
6.327500000000000000e+04
2.075560000000000000e+05
5.315640000000000000e+05
6.561080000000000000e+05
3.433300000000000000e+05
9.376200000000000000e+04
5.633800000000000000e+04
3.298200000000000000e+04
2.662800000000000000e+04
3.388300000000000000e+04
9.326300000000000000e+04
2.917220000000000000e+05
5.529510000000000000e+05
5.147960000000000000e+05
2.025360000000000000e+05
7.354700000000000000e+04
5.879400000000000000e+04
2.964000000000000000e+04
3.833600000000000000e+04
6.150900000000000000e+04
2.048790000000000000e+05
4.759400000000000000e+05
6.341940000000000000e+05
4.279470000000000000e+05
1.323850000000000000e+05
7.412900000000000000e+04
5.351000000000000000e+04
3.739500000000000000e+04
5.086700000000000000e+04
1.041550000000000000e+05
2.882090000000000000e+05
4.550260000000000000e+05
4.313070000000000000e+05
2.142170000000000000e+05
6.551000000000000000e+04
5.482700000000000000e+04
3.638700000000000000e+04
4.420900000000000000e+04
6.186600000000000000e+04
1.759190000000000000e+05
3.594130000000000000e+05
4.029960000000000000e+05
2.896730000000000000e+05
1.175600000000000000e+05
4.689700000000000000e+04
4.124800000000000000e+04
3.242200000000000000e+04
4.172900000000000000e+04
7.560600000000000000e+04
1.910500000000000000e+05
2.811350000000000000e+05
2.490290000000000000e+05
1.476380000000000000e+05
5.575400000000000000e+04
3.455300000000000000e+04
3.652500000000000000e+04
3.745100000000000000e+04
5.833200000000000000e+04
9.962900000000000000e+04
1.089210000000000000e+05
1.095090000000000000e+05
2.457220000000000000e+05
2.849150000000000000e+05
1.219200000000000000e+05
6.298000000000000000e+04
5.488000000000000000e+04
3.473100000000000000e+04
6.257500000000000000e+04
1.775230000000000000e+05
5.241290000000000000e+05
6.792860000000000000e+05
3.540750000000000000e+05
9.186900000000000000e+04
5.602200000000000000e+04
3.422500000000000000e+04
2.593300000000000000e+04
3.283100000000000000e+04
9.030000000000000000e+04
2.859500000000000000e+05
5.786660000000000000e+05
5.742930000000000000e+05
2.409290000000000000e+05
8.171200000000000000e+04
6.869100000000000000e+04
3.440900000000000000e+04
3.606500000000000000e+04
5.355900000000000000e+04
1.785910000000000000e+05
4.145400000000000000e+05
5.290710000000000000e+05
3.413110000000000000e+05
1.052080000000000000e+05
5.903400000000000000e+04
4.497700000000000000e+04
3.222000000000000000e+04
4.028900000000000000e+04
8.098400000000000000e+04
2.341290000000000000e+05
3.984110000000000000e+05
4.067500000000000000e+05
2.143360000000000000e+05
6.745000000000000000e+04
5.971800000000000000e+04
3.860500000000000000e+04
4.117000000000000000e+04
6.178800000000000000e+04
1.720680000000000000e+05
3.815040000000000000e+05
4.725700000000000000e+05
3.343740000000000000e+05
1.242490000000000000e+05
5.550700000000000000e+04
5.370200000000000000e+04
3.536600000000000000e+04
4.081900000000000000e+04
7.414200000000000000e+04
1.960580000000000000e+05
3.274930000000000000e+05
3.066240000000000000e+05
1.725480000000000000e+05
6.420800000000000000e+04
3.855900000000000000e+04
3.707100000000000000e+04
2.960800000000000000e+04
4.566400000000000000e+04
1.074730000000000000e+05
3.087250000000000000e+05
5.746150000000000000e+05
4.967510000000000000e+05
1.805240000000000000e+05
5.876900000000000000e+04
4.021000000000000000e+04
2.603300000000000000e+04
2.834500000000000000e+04
4.340700000000000000e+04
1.417480000000000000e+05
4.056940000000000000e+05
6.094300000000000000e+05
3.813970000000000000e+05
1.140330000000000000e+05
7.076900000000000000e+04
3.685400000000000000e+04
3.775800000000000000e+04
3.569400000000000000e+04
7.657600000000000000e+04
2.258000000000000000e+05
4.848630000000000000e+05
5.656970000000000000e+05
2.741430000000000000e+05
9.451300000000000000e+04
7.667500000000000000e+04
3.853900000000000000e+04
4.912900000000000000e+04
5.800000000000000000e+04
1.335310000000000000e+05
1.414660000000000000e+05
1.092630000000000000e+05
2.370870000000000000e+05
2.153750000000000000e+05
7.694900000000000000e+04
6.423000000000000000e+04
4.137500000000000000e+04
3.961100000000000000e+04
7.764100000000000000e+04
2.246950000000000000e+05
4.003770000000000000e+05
3.311310000000000000e+05
1.761180000000000000e+05
7.044700000000000000e+04
4.752800000000000000e+04
4.411900000000000000e+04
3.159800000000000000e+04
5.403600000000000000e+04
1.374170000000000000e+05
3.597150000000000000e+05
4.824880000000000000e+05
3.795520000000000000e+05
1.658820000000000000e+05
6.686000000000000000e+04
7.088800000000000000e+04
3.776100000000000000e+04
4.340500000000000000e+04
6.511200000000000000e+04
1.792020000000000000e+05
2.849060000000000000e+05
2.814720000000000000e+05
1.784620000000000000e+05
6.035000000000000000e+04
3.827100000000000000e+04
2.629600000000000000e+04
1.953500000000000000e+04
2.087600000000000000e+04
5.536900000000000000e+04
1.951580000000000000e+05
4.987060000000000000e+05
5.605180000000000000e+05
2.624600000000000000e+05
1.097010000000000000e+05
6.618700000000000000e+04
3.415100000000000000e+04
3.048600000000000000e+04
3.453700000000000000e+04
8.206300000000000000e+04
2.718940000000000000e+05
5.571560000000000000e+05
4.474680000000000000e+05
1.726900000000000000e+05
1.067170000000000000e+05
5.160200000000000000e+04
3.517400000000000000e+04
2.965500000000000000e+04
4.434100000000000000e+04
1.246370000000000000e+05
3.938070000000000000e+05
5.409680000000000000e+05
2.714970000000000000e+05
9.831600000000000000e+04
6.771700000000000000e+04
3.061900000000000000e+04
3.079900000000000000e+04
3.472400000000000000e+04
9.470900000000000000e+04
2.625950000000000000e+05
4.871960000000000000e+05
3.898880000000000000e+05
1.268330000000000000e+05
6.441700000000000000e+04
3.905800000000000000e+04
2.734200000000000000e+04
2.922000000000000000e+04
4.880100000000000000e+04
1.335400000000000000e+05
2.973150000000000000e+05
3.483160000000000000e+05
1.739550000000000000e+05
5.250000000000000000e+04
3.444800000000000000e+04
2.133700000000000000e+04
2.033800000000000000e+04
2.996000000000000000e+04
7.787000000000000000e+04
2.173540000000000000e+05
3.491820000000000000e+05
2.900990000000000000e+05
1.199240000000000000e+05
4.534900000000000000e+04
4.346400000000000000e+04
2.600200000000000000e+04
3.561600000000000000e+04
4.625400000000000000e+04
7.884500000000000000e+04
7.512500000000000000e+04
7.979700000000000000e+04
1.491650000000000000e+05
1.009240000000000000e+05
3.855800000000000000e+04
2.926400000000000000e+04
1.716300000000000000e+04
1.898800000000000000e+04
3.970900000000000000e+04
1.217710000000000000e+05
2.525810000000000000e+05
2.799590000000000000e+05
1.331970000000000000e+05
4.995100000000000000e+04
3.734000000000000000e+04
2.006000000000000000e+04
2.194200000000000000e+04
2.516400000000000000e+04
6.244500000000000000e+04
1.561940000000000000e+05
2.761530000000000000e+05
2.078960000000000000e+05
6.710100000000000000e+04
3.990600000000000000e+04
2.367100000000000000e+04
1.638300000000000000e+04
1.564300000000000000e+04
2.697100000000000000e+04
7.539300000000000000e+04
1.895450000000000000e+05
2.270430000000000000e+05
1.028980000000000000e+05
3.744000000000000000e+04
2.920900000000000000e+04
1.768400000000000000e+04
1.919900000000000000e+04
1.791200000000000000e+04
3.976500000000000000e+04
8.107400000000000000e+04
1.143450000000000000e+05
9.246100000000000000e+04
4.057700000000000000e+04
1.812000000000000000e+04
1.536200000000000000e+04
1.256400000000000000e+04
1.367100000000000000e+04
1.764600000000000000e+04
3.899000000000000000e+04
6.150200000000000000e+04
5.761700000000000000e+04
4.189500000000000000e+04
2.072300000000000000e+04
1.437500000000000000e+04
1.254700000000000000e+04
1.192400000000000000e+04
1.331800000000000000e+04
2.129500000000000000e+04
3.838300000000000000e+04
3.970800000000000000e+04
3.274300000000000000e+04
2.378800000000000000e+04
1.389500000000000000e+04
1.213000000000000000e+04
1.116900000000000000e+04
1.125800000000000000e+04
1.369900000000000000e+04
2.463600000000000000e+04
3.943200000000000000e+04
3.731000000000000000e+04
2.572300000000000000e+04
1.429600000000000000e+04
1.067800000000000000e+04
9.916000000000000000e+03
1.058300000000000000e+04
1.097800000000000000e+04
1.553800000000000000e+04
2.118600000000000000e+04
2.981000000000000000e+04
2.978800000000000000e+04
1.678200000000000000e+04
1.120100000000000000e+04
9.550000000000000000e+03
9.405000000000000000e+03
9.827000000000000000e+03
1.230700000000000000e+04
2.140500000000000000e+04
3.758400000000000000e+04
4.487600000000000000e+04
3.869400000000000000e+04
2.155600000000000000e+04
1.332300000000000000e+04
1.203700000000000000e+04
1.129500000000000000e+04
1.275700000000000000e+04
1.610200000000000000e+04
2.370600000000000000e+04
2.596800000000000000e+04
2.922000000000000000e+04
2.794500000000000000e+04
1.882300000000000000e+04
1.291200000000000000e+04
1.343600000000000000e+04
1.342900000000000000e+04
1.895700000000000000e+04
3.268200000000000000e+04
5.451400000000000000e+04
5.690200000000000000e+04
6.419500000000000000e+04
5.227200000000000000e+04
2.419300000000000000e+04
2.282200000000000000e+04
1.610200000000000000e+04
1.833900000000000000e+04
2.661500000000000000e+04
6.036300000000000000e+04
7.276400000000000000e+04
5.719300000000000000e+04
6.822400000000000000e+04
4.325000000000000000e+04
2.469900000000000000e+04
2.559000000000000000e+04
1.722700000000000000e+04
2.325100000000000000e+04
3.854400000000000000e+04
8.480300000000000000e+04
7.512600000000000000e+04
8.929900000000000000e+04
1.060030000000000000e+05
4.739100000000000000e+04
4.124100000000000000e+04
2.989400000000000000e+04
2.753800000000000000e+04
4.420700000000000000e+04
1.239710000000000000e+05
2.265800000000000000e+05
2.340530000000000000e+05
1.658910000000000000e+05
6.511900000000000000e+04
3.448600000000000000e+04
2.994500000000000000e+04
2.141400000000000000e+04
2.854300000000000000e+04
6.167900000000000000e+04
1.526550000000000000e+05
2.224920000000000000e+05
2.075970000000000000e+05
1.197720000000000000e+05
4.238200000000000000e+04
3.610500000000000000e+04
2.787600000000000000e+04
2.494000000000000000e+04
3.986400000000000000e+04
1.049600000000000000e+05
1.993580000000000000e+05
2.152340000000000000e+05
1.814840000000000000e+05
8.930600000000000000e+04
3.645700000000000000e+04
3.602600000000000000e+04
2.384300000000000000e+04
3.305100000000000000e+04
5.360000000000000000e+04
1.254610000000000000e+05
1.539070000000000000e+05
1.386360000000000000e+05
1.379850000000000000e+05
6.571800000000000000e+04
4.308500000000000000e+04
3.238000000000000000e+04
2.671100000000000000e+04
3.246800000000000000e+04
6.297100000000000000e+04
1.000010000000000000e+05
8.269300000000000000e+04
1.132810000000000000e+05
8.962600000000000000e+04
3.784900000000000000e+04
3.586900000000000000e+04
2.316900000000000000e+04
2.823000000000000000e+04
3.211600000000000000e+04
6.801400000000000000e+04
7.806900000000000000e+04
8.125400000000000000e+04
1.472000000000000000e+05
9.380800000000000000e+04
4.241400000000000000e+04
3.356300000000000000e+04
2.202200000000000000e+04
3.257200000000000000e+04
4.478900000000000000e+04
8.478300000000000000e+04
1.187470000000000000e+05
9.988600000000000000e+04
5.136300000000000000e+04
2.184700000000000000e+04
1.683100000000000000e+04
1.939900000000000000e+04
1.846600000000000000e+04
3.616200000000000000e+04
8.470000000000000000e+04
2.145960000000000000e+05
2.894550000000000000e+05
2.063030000000000000e+05
7.459500000000000000e+04
3.773900000000000000e+04
3.176800000000000000e+04
2.425300000000000000e+04
2.926400000000000000e+04
6.672200000000000000e+04
1.748340000000000000e+05
3.307900000000000000e+05
3.468330000000000000e+05
1.580850000000000000e+05
4.637600000000000000e+04
3.684400000000000000e+04
2.928600000000000000e+04
2.586600000000000000e+04
3.986800000000000000e+04
1.031650000000000000e+05
2.093430000000000000e+05
2.403440000000000000e+05
1.829330000000000000e+05
7.623600000000000000e+04
3.208600000000000000e+04
2.836900000000000000e+04
2.234700000000000000e+04
2.962500000000000000e+04
5.157600000000000000e+04
1.295260000000000000e+05
1.902420000000000000e+05
1.698970000000000000e+05
1.250120000000000000e+05
5.153300000000000000e+04
3.350000000000000000e+04
2.580700000000000000e+04
2.619900000000000000e+04
3.405800000000000000e+04
6.898200000000000000e+04
1.507300000000000000e+05
2.263800000000000000e+05
2.359870000000000000e+05
1.235070000000000000e+05
4.863700000000000000e+04
3.958800000000000000e+04
2.620200000000000000e+04
3.213300000000000000e+04
4.852500000000000000e+04
1.203950000000000000e+05
1.767870000000000000e+05
1.446610000000000000e+05
1.470340000000000000e+05
7.993200000000000000e+04
4.101700000000000000e+04
3.720100000000000000e+04
2.462500000000000000e+04
3.620100000000000000e+04
7.254800000000000000e+04
1.823830000000000000e+05
2.769090000000000000e+05
2.665420000000000000e+05
1.316000000000000000e+05
4.241300000000000000e+04
2.757500000000000000e+04
1.939000000000000000e+04
2.559300000000000000e+04
4.445500000000000000e+04
1.142400000000000000e+05
2.406590000000000000e+05
3.368260000000000000e+05
2.376940000000000000e+05
7.580900000000000000e+04
3.181100000000000000e+04
2.127800000000000000e+04
1.839300000000000000e+04
2.545800000000000000e+04
5.592200000000000000e+04
1.390730000000000000e+05
2.402580000000000000e+05
2.455770000000000000e+05
1.479930000000000000e+05
4.874900000000000000e+04
3.351800000000000000e+04
2.207500000000000000e+04
2.442800000000000000e+04
3.103800000000000000e+04
5.113900000000000000e+04
6.895800000000000000e+04
8.135700000000000000e+04
9.095100000000000000e+04
5.683500000000000000e+04
2.260700000000000000e+04
2.078400000000000000e+04
2.120100000000000000e+04
3.191800000000000000e+04
5.459200000000000000e+04
1.162800000000000000e+05
1.705260000000000000e+05
1.523130000000000000e+05
1.207250000000000000e+05
5.401300000000000000e+04
3.101300000000000000e+04
2.481300000000000000e+04
2.337600000000000000e+04
2.912600000000000000e+04
4.614200000000000000e+04
8.464300000000000000e+04
8.574800000000000000e+04
1.549600000000000000e+05
1.657260000000000000e+05
6.850200000000000000e+04
5.931200000000000000e+04
3.793400000000000000e+04
4.731900000000000000e+04
5.463500000000000000e+04
1.166210000000000000e+05
1.731100000000000000e+05
1.476870000000000000e+05
1.564300000000000000e+05
8.114600000000000000e+04
3.751000000000000000e+04
2.680600000000000000e+04
2.325200000000000000e+04
2.569400000000000000e+04
5.092700000000000000e+04
1.301040000000000000e+05
2.967920000000000000e+05
3.636730000000000000e+05
1.817360000000000000e+05
5.795500000000000000e+04
3.063000000000000000e+04
1.924700000000000000e+04
2.066800000000000000e+04
3.114500000000000000e+04
7.160400000000000000e+04
1.775160000000000000e+05
3.362770000000000000e+05
2.771140000000000000e+05
9.632200000000000000e+04
3.647100000000000000e+04
2.063600000000000000e+04
2.141500000000000000e+04
2.559500000000000000e+04
5.282900000000000000e+04
1.306110000000000000e+05
2.781960000000000000e+05
3.597900000000000000e+05
2.002500000000000000e+05
5.759800000000000000e+04
3.238300000000000000e+04
2.301300000000000000e+04
2.790900000000000000e+04
3.763500000000000000e+04
8.438000000000000000e+04
1.872090000000000000e+05
2.952370000000000000e+05
2.526150000000000000e+05
1.021990000000000000e+05
3.550400000000000000e+04
3.074200000000000000e+04
2.809100000000000000e+04
3.807600000000000000e+04
5.336900000000000000e+04
1.256470000000000000e+05
2.312230000000000000e+05
2.557920000000000000e+05
1.485070000000000000e+05
4.740000000000000000e+04
3.137300000000000000e+04
2.852200000000000000e+04
2.602300000000000000e+04
3.746700000000000000e+04
6.875200000000000000e+04
1.580750000000000000e+05
2.225160000000000000e+05
2.108850000000000000e+05
1.237890000000000000e+05
4.217600000000000000e+04
3.412000000000000000e+04
2.292300000000000000e+04
2.751700000000000000e+04
2.947200000000000000e+04
4.105100000000000000e+04
5.327700000000000000e+04
6.725200000000000000e+04
9.674700000000000000e+04
6.346600000000000000e+04
2.502700000000000000e+04
2.405200000000000000e+04
2.146200000000000000e+04
3.125500000000000000e+04
5.673800000000000000e+04
1.408900000000000000e+05
2.710020000000000000e+05
2.987410000000000000e+05
1.615200000000000000e+05
4.896300000000000000e+04
3.370400000000000000e+04
2.334700000000000000e+04
2.740700000000000000e+04
3.813400000000000000e+04
8.864100000000000000e+04
1.949560000000000000e+05
3.157630000000000000e+05
2.559550000000000000e+05
9.331200000000000000e+04
3.859200000000000000e+04
3.420200000000000000e+04
3.014300000000000000e+04
3.798700000000000000e+04
5.743800000000000000e+04
1.311170000000000000e+05
2.226020000000000000e+05
2.375190000000000000e+05
1.511110000000000000e+05
5.363600000000000000e+04
3.603700000000000000e+04
3.159600000000000000e+04
3.450900000000000000e+04
4.365500000000000000e+04
6.807000000000000000e+04
1.464430000000000000e+05
1.878730000000000000e+05
1.651710000000000000e+05
9.425800000000000000e+04
3.558600000000000000e+04
3.086300000000000000e+04
2.497100000000000000e+04
3.804600000000000000e+04
3.504900000000000000e+04
6.269000000000000000e+04
8.576400000000000000e+04
1.463420000000000000e+05
1.812560000000000000e+05
8.528500000000000000e+04
4.062900000000000000e+04
2.727300000000000000e+04
2.605300000000000000e+04
3.522400000000000000e+04
5.518100000000000000e+04
1.264920000000000000e+05
1.539230000000000000e+05
1.571360000000000000e+05
1.256740000000000000e+05
5.120900000000000000e+04
3.806200000000000000e+04
2.937700000000000000e+04
3.147900000000000000e+04
4.344700000000000000e+04
8.346800000000000000e+04
1.840970000000000000e+05
2.753080000000000000e+05
2.299160000000000000e+05
8.880400000000000000e+04
3.605800000000000000e+04
2.282800000000000000e+04
2.629400000000000000e+04
2.808100000000000000e+04
4.706500000000000000e+04
1.076520000000000000e+05
2.361090000000000000e+05
3.117610000000000000e+05
1.740610000000000000e+05
5.484500000000000000e+04
2.695800000000000000e+04
2.119700000000000000e+04
2.531300000000000000e+04
3.332600000000000000e+04
7.429900000000000000e+04
1.611100000000000000e+05
2.938910000000000000e+05
2.798490000000000000e+05
1.128460000000000000e+05
3.838100000000000000e+04
2.392800000000000000e+04
1.978000000000000000e+04
2.406100000000000000e+04
2.494900000000000000e+04
3.799100000000000000e+04
3.991000000000000000e+04
6.275400000000000000e+04
1.027980000000000000e+05
6.436000000000000000e+04
2.785700000000000000e+04
2.825000000000000000e+04
2.737400000000000000e+04
4.221000000000000000e+04
7.689000000000000000e+04
1.592460000000000000e+05
2.061900000000000000e+05
1.778190000000000000e+05
9.287800000000000000e+04
3.501400000000000000e+04
3.071800000000000000e+04
2.231800000000000000e+04
3.095100000000000000e+04
4.587600000000000000e+04
9.923700000000000000e+04
1.644740000000000000e+05
1.958240000000000000e+05
1.533120000000000000e+05
6.281600000000000000e+04
3.462000000000000000e+04
3.244400000000000000e+04
2.544600000000000000e+04
3.905800000000000000e+04
6.011600000000000000e+04
1.273220000000000000e+05
1.599440000000000000e+05
1.562240000000000000e+05
1.115410000000000000e+05
4.378800000000000000e+04
3.492100000000000000e+04
2.605600000000000000e+04
3.162700000000000000e+04
3.953500000000000000e+04
7.451200000000000000e+04
1.594730000000000000e+05
2.735050000000000000e+05
2.448730000000000000e+05
9.718800000000000000e+04
3.938800000000000000e+04
2.170100000000000000e+04
2.381700000000000000e+04
2.636300000000000000e+04
4.156400000000000000e+04
8.963700000000000000e+04
1.985480000000000000e+05
2.904220000000000000e+05
1.840240000000000000e+05
6.127200000000000000e+04
3.953200000000000000e+04
2.546000000000000000e+04
3.007000000000000000e+04
3.544900000000000000e+04
7.179000000000000000e+04
1.450190000000000000e+05
2.487980000000000000e+05
2.316520000000000000e+05
9.199700000000000000e+04
3.662500000000000000e+04
2.749700000000000000e+04
2.519300000000000000e+04
3.069800000000000000e+04
4.669300000000000000e+04
9.911400000000000000e+04
1.665360000000000000e+05
1.781770000000000000e+05
1.128060000000000000e+05
4.404500000000000000e+04
3.016600000000000000e+04
2.456300000000000000e+04
2.820600000000000000e+04
3.649100000000000000e+04
6.561600000000000000e+04
1.203240000000000000e+05
1.451570000000000000e+05
1.284890000000000000e+05
7.469600000000000000e+04
3.297300000000000000e+04
3.340100000000000000e+04
2.523500000000000000e+04
3.320500000000000000e+04
4.287300000000000000e+04
8.524700000000000000e+04
1.209900000000000000e+05
1.001210000000000000e+05
1.119210000000000000e+05
7.355100000000000000e+04
3.105900000000000000e+04
2.186500000000000000e+04
1.597700000000000000e+04
1.881900000000000000e+04
2.395300000000000000e+04
4.451000000000000000e+04
7.039500000000000000e+04
8.059400000000000000e+04
5.823500000000000000e+04
2.987100000000000000e+04
1.756000000000000000e+04
2.115600000000000000e+04
2.124600000000000000e+04
3.516100000000000000e+04
6.888500000000000000e+04
1.597050000000000000e+05
2.732670000000000000e+05
2.355830000000000000e+05
9.591400000000000000e+04
3.829500000000000000e+04
2.811500000000000000e+04
2.564000000000000000e+04
3.250600000000000000e+04
5.434400000000000000e+04
1.152090000000000000e+05
2.219860000000000000e+05
2.864260000000000000e+05
1.625010000000000000e+05
5.150300000000000000e+04
3.358300000000000000e+04
2.635200000000000000e+04
2.665400000000000000e+04
3.501900000000000000e+04
6.331700000000000000e+04
1.298030000000000000e+05
1.817580000000000000e+05
1.573200000000000000e+05
7.176100000000000000e+04
3.118300000000000000e+04
2.607000000000000000e+04
2.031100000000000000e+04
2.513000000000000000e+04
3.807300000000000000e+04
8.367100000000000000e+04
1.325750000000000000e+05
1.372410000000000000e+05
9.378300000000000000e+04
3.941700000000000000e+04
2.677800000000000000e+04
2.790200000000000000e+04
2.034100000000000000e+04
3.001000000000000000e+04
5.110700000000000000e+04
1.118750000000000000e+05
1.373430000000000000e+05
1.459090000000000000e+05
1.019530000000000000e+05
3.794300000000000000e+04
3.299100000000000000e+04
2.516200000000000000e+04
2.971200000000000000e+04
4.132400000000000000e+04
7.592900000000000000e+04
1.265690000000000000e+05
1.265630000000000000e+05
1.117780000000000000e+05
6.397300000000000000e+04
3.774700000000000000e+04
3.945800000000000000e+04
2.769500000000000000e+04
3.757700000000000000e+04
5.694100000000000000e+04
1.202280000000000000e+05
1.427540000000000000e+05
1.525230000000000000e+05
1.033360000000000000e+05
4.270200000000000000e+04
1.936900000000000000e+04
1.345000000000000000e+04
1.262500000000000000e+04
1.605700000000000000e+04
2.101800000000000000e+04
4.253100000000000000e+04
5.868900000000000000e+04
1.726710000000000000e+05
2.511690000000000000e+05
1.153180000000000000e+05
4.331800000000000000e+04
2.681100000000000000e+04
2.274600000000000000e+04
2.627000000000000000e+04
3.756000000000000000e+04
5.845100000000000000e+04
1.109510000000000000e+05
1.482410000000000000e+05
8.339500000000000000e+04
3.526800000000000000e+04
2.150900000000000000e+04
1.924800000000000000e+04
2.289400000000000000e+04
2.712000000000000000e+04
5.131900000000000000e+04
5.556100000000000000e+04
4.549200000000000000e+04
4.929800000000000000e+04
3.715000000000000000e+04
2.021300000000000000e+04
2.249400000000000000e+04
2.067700000000000000e+04
3.248100000000000000e+04
5.868400000000000000e+04
9.265900000000000000e+04
8.829500000000000000e+04
1.116170000000000000e+05
7.597600000000000000e+04
4.128600000000000000e+04
3.608600000000000000e+04
2.721500000000000000e+04
3.829400000000000000e+04
4.672500000000000000e+04
8.631500000000000000e+04
8.145900000000000000e+04
8.765900000000000000e+04
8.261100000000000000e+04
3.905800000000000000e+04
3.345700000000000000e+04
2.285600000000000000e+04
2.415700000000000000e+04
2.898800000000000000e+04
4.693600000000000000e+04
7.131300000000000000e+04
5.348100000000000000e+04
8.920900000000000000e+04
7.752100000000000000e+04
3.700300000000000000e+04
3.476100000000000000e+04
2.372700000000000000e+04
3.497900000000000000e+04
4.623000000000000000e+04
9.948300000000000000e+04
1.402650000000000000e+05
1.409810000000000000e+05
9.567400000000000000e+04
3.760500000000000000e+04
2.902000000000000000e+04
2.333700000000000000e+04
2.530800000000000000e+04
4.080700000000000000e+04
7.173500000000000000e+04
1.228960000000000000e+05
1.554700000000000000e+05
1.262910000000000000e+05
5.948000000000000000e+04
3.010100000000000000e+04
3.125400000000000000e+04
2.422200000000000000e+04
3.440100000000000000e+04
4.679300000000000000e+04
8.913800000000000000e+04
1.316760000000000000e+05
1.245360000000000000e+05
8.868800000000000000e+04
3.846400000000000000e+04
2.704500000000000000e+04
2.370600000000000000e+04
2.473000000000000000e+04
3.662800000000000000e+04
4.969300000000000000e+04
8.927200000000000000e+04
9.724300000000000000e+04
9.445200000000000000e+04
6.574300000000000000e+04
2.979000000000000000e+04
2.862500000000000000e+04
2.114400000000000000e+04
2.843200000000000000e+04
3.642100000000000000e+04
6.406000000000000000e+04
8.226900000000000000e+04
7.180400000000000000e+04
8.230800000000000000e+04
5.348500000000000000e+04
3.224000000000000000e+04
2.661500000000000000e+04
2.383400000000000000e+04
3.340900000000000000e+04
3.782400000000000000e+04
6.376100000000000000e+04
4.803100000000000000e+04
6.347700000000000000e+04
8.466100000000000000e+04
4.598300000000000000e+04
2.270000000000000000e+04
1.464200000000000000e+04
1.156100000000000000e+04
1.320800000000000000e+04
2.025800000000000000e+04
3.902100000000000000e+04
5.619600000000000000e+04
5.374700000000000000e+04
3.925200000000000000e+04
2.447700000000000000e+04
1.558300000000000000e+04
1.842100000000000000e+04
2.516900000000000000e+04
4.837300000000000000e+04
8.323400000000000000e+04
1.344210000000000000e+05
1.442820000000000000e+05
8.911300000000000000e+04
3.479000000000000000e+04
2.764200000000000000e+04
2.390900000000000000e+04
2.495200000000000000e+04
3.292900000000000000e+04
5.466600000000000000e+04
9.673600000000000000e+04
1.081980000000000000e+05
1.022520000000000000e+05
5.672400000000000000e+04
2.937500000000000000e+04
2.621000000000000000e+04
2.117500000000000000e+04
2.760100000000000000e+04
3.462800000000000000e+04
5.978500000000000000e+04
8.257400000000000000e+04
9.246200000000000000e+04
8.667400000000000000e+04
4.834500000000000000e+04
2.960600000000000000e+04
2.363400000000000000e+04
2.232100000000000000e+04
3.166200000000000000e+04
3.737600000000000000e+04
6.768800000000000000e+04
6.617500000000000000e+04
7.839700000000000000e+04
7.458700000000000000e+04
3.492200000000000000e+04
2.915500000000000000e+04
2.026900000000000000e+04
2.575400000000000000e+04
3.142200000000000000e+04
5.092200000000000000e+04
6.372000000000000000e+04
5.915700000000000000e+04
7.943800000000000000e+04
5.420300000000000000e+04
3.079200000000000000e+04
2.791600000000000000e+04
2.010200000000000000e+04
2.850800000000000000e+04
2.826700000000000000e+04
5.092100000000000000e+04
4.568400000000000000e+04
6.829500000000000000e+04
8.938900000000000000e+04
4.159700000000000000e+04
2.479400000000000000e+04
1.923100000000000000e+04
2.781600000000000000e+04
3.979600000000000000e+04
7.118600000000000000e+04
1.197080000000000000e+05
1.527500000000000000e+05
1.377370000000000000e+05
6.113300000000000000e+04
2.894100000000000000e+04
2.461100000000000000e+04
2.387100000000000000e+04
3.407500000000000000e+04
4.990200000000000000e+04
8.585600000000000000e+04
1.319180000000000000e+05
1.450150000000000000e+05
8.830100000000000000e+04
3.494900000000000000e+04
2.665500000000000000e+04
1.919000000000000000e+04
2.361000000000000000e+04
3.036100000000000000e+04
5.067700000000000000e+04
7.609700000000000000e+04
9.995900000000000000e+04
1.075090000000000000e+05
6.326700000000000000e+04
2.737300000000000000e+04
1.584000000000000000e+04
1.110400000000000000e+04
1.090100000000000000e+04
1.230300000000000000e+04
1.742600000000000000e+04
2.946800000000000000e+04
5.016600000000000000e+04
6.449600000000000000e+04
4.524000000000000000e+04
2.048300000000000000e+04
1.689700000000000000e+04
2.026000000000000000e+04
3.055600000000000000e+04
4.379900000000000000e+04
7.515900000000000000e+04
7.892100000000000000e+04
7.689800000000000000e+04
6.930600000000000000e+04
3.489800000000000000e+04
3.210500000000000000e+04
2.379200000000000000e+04
3.262800000000000000e+04
3.890400000000000000e+04
6.417500000000000000e+04
8.821400000000000000e+04
7.503300000000000000e+04
7.156100000000000000e+04
4.082600000000000000e+04
2.812100000000000000e+04
2.527000000000000000e+04
2.359100000000000000e+04
3.273400000000000000e+04
3.942800000000000000e+04
6.773000000000000000e+04
6.634500000000000000e+04
6.576200000000000000e+04
6.375100000000000000e+04
3.292200000000000000e+04
2.509500000000000000e+04
2.014500000000000000e+04
2.654800000000000000e+04
3.796000000000000000e+04
6.255100000000000000e+04
1.015690000000000000e+05
1.257250000000000000e+05
1.121600000000000000e+05
5.499900000000000000e+04
3.118300000000000000e+04
2.566300000000000000e+04
2.368800000000000000e+04
3.302400000000000000e+04
5.001900000000000000e+04
8.486800000000000000e+04
1.179460000000000000e+05
1.260490000000000000e+05
7.896100000000000000e+04
3.252600000000000000e+04
2.763800000000000000e+04
2.269700000000000000e+04
2.478100000000000000e+04
3.567000000000000000e+04
5.453400000000000000e+04
9.056800000000000000e+04
1.016380000000000000e+05
8.635500000000000000e+04
4.936900000000000000e+04
2.874500000000000000e+04
2.792200000000000000e+04
2.080800000000000000e+04
2.724000000000000000e+04
3.493800000000000000e+04
5.996000000000000000e+04
7.960400000000000000e+04
7.725300000000000000e+04
6.252300000000000000e+04
3.207100000000000000e+04
2.557400000000000000e+04
2.279900000000000000e+04
1.963100000000000000e+04
2.960200000000000000e+04
3.930900000000000000e+04
6.352400000000000000e+04
6.016700000000000000e+04
6.116000000000000000e+04
5.576600000000000000e+04
3.138000000000000000e+04
2.570300000000000000e+04
1.716300000000000000e+04
2.320900000000000000e+04
2.719100000000000000e+04
4.405300000000000000e+04
5.606500000000000000e+04
6.084100000000000000e+04
7.332700000000000000e+04
4.772300000000000000e+04
2.168500000000000000e+04
1.579300000000000000e+04
1.177900000000000000e+04
1.090600000000000000e+04
1.232100000000000000e+04
2.149900000000000000e+04
4.328500000000000000e+04
6.025000000000000000e+04
5.120800000000000000e+04
2.966800000000000000e+04
1.563100000000000000e+04
1.569800000000000000e+04
1.672600000000000000e+04
2.471300000000000000e+04
4.417800000000000000e+04
7.384600000000000000e+04
1.269080000000000000e+05
1.277360000000000000e+05
6.429700000000000000e+04
3.497500000000000000e+04
2.317200000000000000e+04
1.692100000000000000e+04
2.242300000000000000e+04
3.796500000000000000e+04
6.349600000000000000e+04
9.414500000000000000e+04
1.276030000000000000e+05
9.589400000000000000e+04
4.514100000000000000e+04
3.375000000000000000e+04
2.396800000000000000e+04
2.349900000000000000e+04
3.130800000000000000e+04
5.122400000000000000e+04
7.730300000000000000e+04
1.025690000000000000e+05
9.335500000000000000e+04
4.754500000000000000e+04
2.777300000000000000e+04
2.457100000000000000e+04
1.906100000000000000e+04
2.568100000000000000e+04
3.917000000000000000e+04
6.218700000000000000e+04
8.724200000000000000e+04
9.686700000000000000e+04
7.217700000000000000e+04
3.508500000000000000e+04
2.749100000000000000e+04
2.242800000000000000e+04
2.189000000000000000e+04
3.226100000000000000e+04
4.316800000000000000e+04
6.718100000000000000e+04
8.439100000000000000e+04
8.169500000000000000e+04
5.017500000000000000e+04
2.779000000000000000e+04
2.789900000000000000e+04
2.037900000000000000e+04
2.820100000000000000e+04
3.996700000000000000e+04
5.994900000000000000e+04
8.402900000000000000e+04
8.734900000000000000e+04
7.002000000000000000e+04
3.403500000000000000e+04
2.411000000000000000e+04
2.432600000000000000e+04
2.103800000000000000e+04
3.221300000000000000e+04
4.792500000000000000e+04
7.055500000000000000e+04
9.611200000000000000e+04
1.010210000000000000e+05
6.172100000000000000e+04
3.132700000000000000e+04
2.801400000000000000e+04
2.075400000000000000e+04
2.263700000000000000e+04
3.356900000000000000e+04
5.462900000000000000e+04
7.418500000000000000e+04
9.906300000000000000e+04
9.604200000000000000e+04
5.116400000000000000e+04
3.129100000000000000e+04
2.318000000000000000e+04
1.900000000000000000e+04
2.459500000000000000e+04
3.561100000000000000e+04
5.691900000000000000e+04
7.791500000000000000e+04
1.007910000000000000e+05
8.016900000000000000e+04
3.619700000000000000e+04
2.183400000000000000e+04
1.539100000000000000e+04
1.250000000000000000e+04
1.294000000000000000e+04
1.382800000000000000e+04
1.651300000000000000e+04
2.918700000000000000e+04
5.000900000000000000e+04
4.667000000000000000e+04
2.430300000000000000e+04
1.481900000000000000e+04
1.706300000000000000e+04
2.106200000000000000e+04
2.564500000000000000e+04
3.799700000000000000e+04
4.596100000000000000e+04
4.584300000000000000e+04
4.841200000000000000e+04
3.279300000000000000e+04
2.494700000000000000e+04
2.148100000000000000e+04
1.938700000000000000e+04
2.696200000000000000e+04
3.207100000000000000e+04
5.491900000000000000e+04
5.788300000000000000e+04
5.734400000000000000e+04
5.371200000000000000e+04
3.024500000000000000e+04
2.547600000000000000e+04
2.067400000000000000e+04
2.934700000000000000e+04
3.241500000000000000e+04
4.530500000000000000e+04
6.290400000000000000e+04
5.870000000000000000e+04
6.399400000000000000e+04
4.029600000000000000e+04
2.440500000000000000e+04
2.754100000000000000e+04
2.539200000000000000e+04
3.345500000000000000e+04
4.417800000000000000e+04
6.419200000000000000e+04
8.587800000000000000e+04
9.026900000000000000e+04
5.917500000000000000e+04
3.235900000000000000e+04
2.496200000000000000e+04
1.956000000000000000e+04
2.586000000000000000e+04
3.221900000000000000e+04
4.533800000000000000e+04
5.927100000000000000e+04
7.930100000000000000e+04
7.762800000000000000e+04
4.376500000000000000e+04
2.872400000000000000e+04
2.257100000000000000e+04
2.146400000000000000e+04
2.934500000000000000e+04
4.123100000000000000e+04
5.979200000000000000e+04
6.487300000000000000e+04
7.259200000000000000e+04
6.427500000000000000e+04
3.443000000000000000e+04
3.064500000000000000e+04
2.685700000000000000e+04
2.582900000000000000e+04
3.638600000000000000e+04
4.733800000000000000e+04
6.381100000000000000e+04
6.203500000000000000e+04
5.247400000000000000e+04
3.452000000000000000e+04
2.570400000000000000e+04
2.602800000000000000e+04
1.951600000000000000e+04
2.456100000000000000e+04
2.791500000000000000e+04
4.232500000000000000e+04
4.747200000000000000e+04
4.338800000000000000e+04
4.354600000000000000e+04
2.752600000000000000e+04
2.362200000000000000e+04
1.914400000000000000e+04
1.668900000000000000e+04
2.103100000000000000e+04
2.791300000000000000e+04
4.466400000000000000e+04
4.210800000000000000e+04
4.593700000000000000e+04
4.671000000000000000e+04
2.583600000000000000e+04
1.660400000000000000e+04
1.301700000000000000e+04
1.072500000000000000e+04
1.047200000000000000e+04
1.035200000000000000e+04
1.571000000000000000e+04
3.520800000000000000e+04
5.236900000000000000e+04
3.629700000000000000e+04
1.643100000000000000e+04
1.461300000000000000e+04
1.722200000000000000e+04
1.920900000000000000e+04
2.733000000000000000e+04
3.872600000000000000e+04
4.747900000000000000e+04
5.148000000000000000e+04
3.853000000000000000e+04
2.642200000000000000e+04
1.987500000000000000e+04
1.475900000000000000e+04
1.792700000000000000e+04
2.265400000000000000e+04
3.562000000000000000e+04
5.129700000000000000e+04
6.695900000000000000e+04
7.184800000000000000e+04
4.564100000000000000e+04
2.739600000000000000e+04
2.198300000000000000e+04
1.687500000000000000e+04
2.391200000000000000e+04
2.966300000000000000e+04
4.561500000000000000e+04
5.990600000000000000e+04
6.022300000000000000e+04
4.817100000000000000e+04
2.821000000000000000e+04
2.228900000000000000e+04
1.741400000000000000e+04
1.808500000000000000e+04
2.318400000000000000e+04
2.956100000000000000e+04
4.680800000000000000e+04
4.411200000000000000e+04
4.073900000000000000e+04
3.201600000000000000e+04
1.946000000000000000e+04
2.275100000000000000e+04
1.987000000000000000e+04
2.727700000000000000e+04
3.173400000000000000e+04
4.787600000000000000e+04
6.044500000000000000e+04
4.995400000000000000e+04
4.326700000000000000e+04
2.579000000000000000e+04
2.559900000000000000e+04
2.376700000000000000e+04
2.171200000000000000e+04
2.843100000000000000e+04
3.395000000000000000e+04
5.071500000000000000e+04
4.518300000000000000e+04
4.823500000000000000e+04
4.035700000000000000e+04
2.393400000000000000e+04
2.751800000000000000e+04
2.384700000000000000e+04
2.958000000000000000e+04
3.641300000000000000e+04
5.179800000000000000e+04
7.114700000000000000e+04
8.038100000000000000e+04
6.247100000000000000e+04
3.487400000000000000e+04
3.152900000000000000e+04
2.405400000000000000e+04
2.325900000000000000e+04
2.855700000000000000e+04
3.976900000000000000e+04
5.510100000000000000e+04
6.180800000000000000e+04
6.556600000000000000e+04
4.674800000000000000e+04
3.506500000000000000e+04
2.827600000000000000e+04
1.902100000000000000e+04
2.132700000000000000e+04
2.624500000000000000e+04
3.989300000000000000e+04
4.699800000000000000e+04
5.676000000000000000e+04
5.200400000000000000e+04
3.061600000000000000e+04
1.851500000000000000e+04
1.276800000000000000e+04
1.039700000000000000e+04
9.300000000000000000e+03
9.223000000000000000e+03
1.099400000000000000e+04
2.100600000000000000e+04
4.258300000000000000e+04
5.036400000000000000e+04
2.979200000000000000e+04
1.554000000000000000e+04
1.787700000000000000e+04
2.085700000000000000e+04
2.440800000000000000e+04
3.554600000000000000e+04
4.369700000000000000e+04
3.953900000000000000e+04
3.666000000000000000e+04
2.890800000000000000e+04
2.645600000000000000e+04
2.647100000000000000e+04
1.959300000000000000e+04
2.451800000000000000e+04
2.721300000000000000e+04
3.927300000000000000e+04
4.817800000000000000e+04
3.724800000000000000e+04
3.288000000000000000e+04
2.799800000000000000e+04
2.582600000000000000e+04
1.904900000000000000e+04
1.807700000000000000e+04
2.214400000000000000e+04
2.537700000000000000e+04
3.808000000000000000e+04
3.271500000000000000e+04
2.806700000000000000e+04
2.713400000000000000e+04
2.324800000000000000e+04
2.087000000000000000e+04
1.498600000000000000e+04
1.730900000000000000e+04
2.078400000000000000e+04
3.006100000000000000e+04
4.109800000000000000e+04
4.506800000000000000e+04
4.069300000000000000e+04
2.986200000000000000e+04
2.012300000000000000e+04
1.274300000000000000e+04
1.266100000000000000e+04
1.513800000000000000e+04
2.030100000000000000e+04
3.002100000000000000e+04
3.915000000000000000e+04
4.226200000000000000e+04
3.499200000000000000e+04
2.476100000000000000e+04
1.655200000000000000e+04
1.180700000000000000e+04
1.331400000000000000e+04
1.612500000000000000e+04
2.301700000000000000e+04
3.726400000000000000e+04
4.416700000000000000e+04
4.139900000000000000e+04
3.225600000000000000e+04
2.108800000000000000e+04
1.312400000000000000e+04
1.054300000000000000e+04
1.206300000000000000e+04
1.411000000000000000e+04
2.296900000000000000e+04
3.054100000000000000e+04
3.448500000000000000e+04
4.129000000000000000e+04
3.317200000000000000e+04
1.805800000000000000e+04
1.169700000000000000e+04
1.086300000000000000e+04
1.187400000000000000e+04
1.621500000000000000e+04
2.636300000000000000e+04
2.873700000000000000e+04
3.189500000000000000e+04
3.415900000000000000e+04
2.211400000000000000e+04
1.285700000000000000e+04
1.020000000000000000e+04
9.855000000000000000e+03
1.086100000000000000e+04
1.523400000000000000e+04
2.087500000000000000e+04
2.288900000000000000e+04
3.397800000000000000e+04
3.730200000000000000e+04
2.102900000000000000e+04
1.328100000000000000e+04
1.295900000000000000e+04
1.182100000000000000e+04
1.569600000000000000e+04
1.821000000000000000e+04
1.916400000000000000e+04
2.180300000000000000e+04
1.975900000000000000e+04
1.398100000000000000e+04
1.093000000000000000e+04
1.049100000000000000e+04
1.062400000000000000e+04
1.213900000000000000e+04
1.780400000000000000e+04
2.433900000000000000e+04
2.901600000000000000e+04
3.361000000000000000e+04
3.075900000000000000e+04
1.907000000000000000e+04
1.121900000000000000e+04
1.062900000000000000e+04
1.037900000000000000e+04
1.226900000000000000e+04
1.935800000000000000e+04
2.400400000000000000e+04
2.904400000000000000e+04
3.825000000000000000e+04
3.262100000000000000e+04
1.633500000000000000e+04
1.185200000000000000e+04
1.167700000000000000e+04
1.028300000000000000e+04
1.276800000000000000e+04
1.747300000000000000e+04
1.907500000000000000e+04
2.601800000000000000e+04
3.470400000000000000e+04
2.551200000000000000e+04
1.342900000000000000e+04
1.210000000000000000e+04
1.049000000000000000e+04
9.700000000000000000e+03
1.130500000000000000e+04
1.296700000000000000e+04
1.480600000000000000e+04
2.403900000000000000e+04
2.934200000000000000e+04
1.982700000000000000e+04
1.206800000000000000e+04
1.169400000000000000e+04
1.075300000000000000e+04
1.259300000000000000e+04
1.376700000000000000e+04
1.332400000000000000e+04
1.757100000000000000e+04
2.547300000000000000e+04
2.577000000000000000e+04
1.606800000000000000e+04
1.197400000000000000e+04
1.261500000000000000e+04
1.214600000000000000e+04
1.346600000000000000e+04
1.271300000000000000e+04
1.269200000000000000e+04
1.701100000000000000e+04
2.123500000000000000e+04
1.912300000000000000e+04
1.317300000000000000e+04
1.242900000000000000e+04
1.484300000000000000e+04
1.464100000000000000e+04
1.679700000000000000e+04
2.054400000000000000e+04
2.175400000000000000e+04
2.285500000000000000e+04
2.123600000000000000e+04
1.512200000000000000e+04
1.097100000000000000e+04
1.245700000000000000e+04
1.414000000000000000e+04
1.492100000000000000e+04
1.887900000000000000e+04
2.222200000000000000e+04
2.327100000000000000e+04
2.109400000000000000e+04
1.600700000000000000e+04
1.137500000000000000e+04
1.041700000000000000e+04
1.119800000000000000e+04
1.162600000000000000e+04
1.273800000000000000e+04
1.639900000000000000e+04
2.225800000000000000e+04
2.623900000000000000e+04
2.247700000000000000e+04
1.426400000000000000e+04
1.181900000000000000e+04
1.168800000000000000e+04
1.151500000000000000e+04
1.744900000000000000e+04
2.018500000000000000e+04
1.612200000000000000e+04
1.484600000000000000e+04
1.450500000000000000e+04
1.216200000000000000e+04
1.112500000000000000e+04
1.006300000000000000e+04
9.656000000000000000e+03
1.118400000000000000e+04
1.182900000000000000e+04
1.384600000000000000e+04
1.991400000000000000e+04
2.350400000000000000e+04
2.017500000000000000e+04
1.418000000000000000e+04
1.048800000000000000e+04
1.028700000000000000e+04
1.166200000000000000e+04
1.142800000000000000e+04
1.083900000000000000e+04
1.522200000000000000e+04
2.310400000000000000e+04
2.651200000000000000e+04
2.112500000000000000e+04
1.353900000000000000e+04
1.018000000000000000e+04
1.044000000000000000e+04
1.041300000000000000e+04
9.441000000000000000e+03
1.017000000000000000e+04
1.379200000000000000e+04
1.884500000000000000e+04
2.103400000000000000e+04
1.760900000000000000e+04
1.177500000000000000e+04
1.000500000000000000e+04
1.196900000000000000e+04
1.376900000000000000e+04
1.521000000000000000e+04
2.263000000000000000e+04
3.204200000000000000e+04
2.918100000000000000e+04
1.817800000000000000e+04
1.159700000000000000e+04
1.079300000000000000e+04
1.131800000000000000e+04
1.185400000000000000e+04
1.365800000000000000e+04
1.753600000000000000e+04
2.306800000000000000e+04
2.566400000000000000e+04
2.199600000000000000e+04
1.509800000000000000e+04
1.074500000000000000e+04
1.123200000000000000e+04
1.287100000000000000e+04
1.358400000000000000e+04
1.482500000000000000e+04
1.973300000000000000e+04
2.696600000000000000e+04
2.906800000000000000e+04
2.339400000000000000e+04
1.443100000000000000e+04
1.044400000000000000e+04
1.123000000000000000e+04
1.137000000000000000e+04
1.040400000000000000e+04
1.200500000000000000e+04
1.651600000000000000e+04
2.013000000000000000e+04
1.951100000000000000e+04
1.563900000000000000e+04
1.112500000000000000e+04
9.848000000000000000e+03
1.105400000000000000e+04
1.139700000000000000e+04
1.115500000000000000e+04
1.230700000000000000e+04
1.563100000000000000e+04
1.774900000000000000e+04
1.649800000000000000e+04
1.349900000000000000e+04
1.079500000000000000e+04
9.946000000000000000e+03
1.122900000000000000e+04
1.301100000000000000e+04
1.352700000000000000e+04
1.636500000000000000e+04
2.271200000000000000e+04
2.506400000000000000e+04
1.786900000000000000e+04
1.097300000000000000e+04
1.010900000000000000e+04
1.030700000000000000e+04
1.099500000000000000e+04
1.454700000000000000e+04
1.833100000000000000e+04
2.010600000000000000e+04
1.805500000000000000e+04
1.353500000000000000e+04
1.090100000000000000e+04
1.049300000000000000e+04
1.020400000000000000e+04
1.041900000000000000e+04
1.289700000000000000e+04
1.619800000000000000e+04
1.986500000000000000e+04
2.310400000000000000e+04
2.276400000000000000e+04
1.801900000000000000e+04
1.204800000000000000e+04
9.593000000000000000e+03
1.063400000000000000e+04
1.202100000000000000e+04
1.394700000000000000e+04
1.879300000000000000e+04
2.564800000000000000e+04
2.785800000000000000e+04
2.223100000000000000e+04
1.431300000000000000e+04
1.044700000000000000e+04
1.059400000000000000e+04
1.170600000000000000e+04
1.318900000000000000e+04
1.792400000000000000e+04
2.649800000000000000e+04
3.362400000000000000e+04
3.147200000000000000e+04
2.126700000000000000e+04
1.261200000000000000e+04
1.070000000000000000e+04
1.190900000000000000e+04
1.179700000000000000e+04
1.088600000000000000e+04
1.183900000000000000e+04
1.467200000000000000e+04
1.697700000000000000e+04
1.684300000000000000e+04
1.419800000000000000e+04
1.057000000000000000e+04
9.306000000000000000e+03
1.035700000000000000e+04
1.172100000000000000e+04
1.244700000000000000e+04
1.340700000000000000e+04
1.518400000000000000e+04
1.603300000000000000e+04
1.420900000000000000e+04
1.145900000000000000e+04
9.441000000000000000e+03
9.005000000000000000e+03
1.018700000000000000e+04
1.121900000000000000e+04
1.166300000000000000e+04
1.459200000000000000e+04
2.052100000000000000e+04
2.238400000000000000e+04
1.717600000000000000e+04
1.118700000000000000e+04
9.154000000000000000e+03
