1.542948007583618164e+00,2.083729620674068883e+03
3.673832416534423828e+00,2.116919365797539740e+03
5.168930530548095703e+00,2.108126854280202679e+03
6.898084878921508789e+00,2.111811788062374490e+03
8.530494689941406250e+00,2.112537182202368058e+03
1.014262294769287109e+01,2.109395396850331053e+03
1.175829553604125977e+01,2.122681933137173928e+03
1.480991196632385254e+01,2.111683858220330876e+03
1.631740093231201172e+01,2.111834940958141033e+03
1.800360321998596191e+01,2.113443580399656639e+03
1.960890197753906250e+01,2.120360325758927956e+03
2.102114129066467285e+01,2.125032594757359220e+03
2.273063039779663086e+01,2.122093998748286140e+03
2.436000084877014160e+01,2.112705621070470443e+03
2.579828166961669922e+01,2.115118713939647932e+03
2.750259256362915039e+01,2.113961006046833063e+03
2.912767696380615234e+01,2.114485317744395616e+03
3.082898998260498047e+01,2.123789054144224338e+03
3.228535747528076172e+01,2.113339858713296053e+03
3.395872092247009277e+01,2.114033921915953215e+03
3.532345366477966309e+01,2.112093077896919112e+03
3.686767005920410156e+01,2.113006059896908027e+03
3.858495640754699707e+01,2.113002655266343481e+03
4.005145311355590820e+01,2.114611043178580985e+03
4.178192901611328125e+01,2.114303413468985127e+03
4.341703581809997559e+01,2.099946840110421817e+03
4.484439516067504883e+01,2.113859185554812939e+03
4.713377594947814941e+01,2.110263898113335017e+03
4.892901182174682617e+01,2.119703628891094922e+03
5.064554071426391602e+01,2.125243820949627207e+03
5.231792688369750977e+01,2.111024772798285994e+03
5.376000881195068359e+01,2.100545888590000686e+03
5.547498655319213867e+01,2.114553335427298862e+03
5.711672782897949219e+01,2.114014693995400648e+03
5.871449494361877441e+01,2.111854425048499252e+03
6.042445898056030273e+01,2.099838970860038444e+03
6.213754057884216309e+01,2.085880990543474127e+03
6.380762076377868652e+01,2.097493376477377296e+03
6.542778730392456055e+01,2.104589398233719294e+03
6.708820509910583496e+01,2.105562745610080128e+03
6.854865646362304688e+01,2.098395561526900110e+03
7.028772449493408203e+01,2.098927631613647009e+03
7.199985766410827637e+01,2.097379044672487908e+03
7.368429541587829590e+01,2.098435402360157241e+03
7.517791557312011719e+01,2.103288012785474166e+03
7.692057704925537109e+01,2.113702747057627221e+03
7.857496500015258789e+01,2.101796969841418559e+03
8.022279524803161621e+01,2.098516986795202683e+03
8.168959760665893555e+01,2.084668374546146424e+03
8.340004920959472656e+01,2.102652740494249429e+03
8.507842159271240234e+01,2.102666541489243173e+03
8.657783174514770508e+01,2.088165107645339049e+03
8.833018875122070312e+01,2.102776826979782072e+03
8.983794355392456055e+01,2.084382460587317837e+03
9.153042912483215332e+01,2.087386104025702025e+03
9.326945400238037109e+01,2.102715804488066169e+03
9.494998478889465332e+01,2.226759512291742794e+03
9.667566823959350586e+01,2.084657057717053704e+03
9.839790725708007812e+01,2.084180734991101872e+03
1.000789179801940918e+02,2.083205094195745005e+03
1.018201837539672852e+02,2.084886570414983908e+03
1.035418720245361328e+02,2.103600852020985712e+03
1.053243653774261475e+02,2.087452552027169077e+03
1.069207725524902344e+02,2.225894133160959427e+03
1.086390197277069092e+02,2.086965403154170417e+03
1.101496372222900391e+02,2.080459417397085872e+03
1.118693356513977051e+02,2.230928397846072585e+03
1.133877930641174316e+02,2.226352100001922736e+03
1.149314496517181396e+02,2.099148349838763806e+03
1.166758627891540527e+02,2.101069781854997473e+03
1.183140583038330078e+02,2.086288598342930982e+03
1.200302448272705078e+02,2.085434901553582677e+03
1.217355222702026367e+02,2.226578656407007657e+03
1.234883606433868408e+02,2.087164440353895770e+03
1.251902427673339844e+02,2.223823365189331525e+03
1.269256424903869629e+02,2.221325957293377087e+03
1.286452898979187012e+02,2.081819573494273754e+03
1.304256644248962402e+02,2.084917826824621898e+03
1.321488633155822754e+02,2.226512644248827655e+03
1.336495821475982666e+02,2.083655278067018571e+03
1.353862745761871338e+02,2.223957755968468518e+03
1.369420018196105957e+02,2.222424185215498710e+03
1.385056555271148682e+02,2.099642334266898160e+03
1.402499744892120361e+02,2.101336614205654769e+03
1.419587829113006592e+02,2.101573168384690234e+03
1.435142681598663330e+02,2.100606999825312869e+03
1.452683596611022949e+02,2.209453010792473833e+03
1.468096072673797607e+02,2.085229862301752291e+03
1.483756465911865234e+02,2.098407069958270313e+03
1.500966982841491699e+02,2.110652185867986645e+03
1.516701407432556152e+02,2.112557246781476351e+03
1.532422473430633545e+02,2.207040540816325574e+03
1.548202583789825439e+02,2.101930106113739839e+03
1.563858032226562500e+02,2.099110603401799835e+03
1.581603903770446777e+02,2.111453081237543756e+03
1.598997032642364502e+02,2.109998171826516227e+03
1.616699326038360596e+02,2.100600217011978657e+03
1.634689884185791016e+02,2.217411627838243476e+03
1.652513928413391113e+02,2.214541465692010661e+03
1.669468879699707031e+02,2.099416679619692331e+03
1.687316732406616211e+02,2.225440167102363375e+03
1.703170719146728516e+02,2.085781664595383972e+03
1.719024531841278076e+02,2.207755521545002011e+03
1.734257361888885498e+02,2.099017195228336732e+03
1.752398190498352051e+02,2.099331292830474467e+03
1.769978899955749512e+02,2.100991660819107437e+03
1.787398619651794434e+02,2.220409195787986391e+03
1.805242049694061279e+02,2.216635950114380648e+03
1.821156964302062988e+02,2.102359443143192038e+03
1.838993411064147949e+02,2.101066840474976743e+03
1.857290356159210205e+02,2.098768509650711621e+03
1.874674308300018311e+02,2.101005950347012458e+03
1.892483749389648438e+02,2.100118771372782703e+03
1.910402870178222656e+02,2.211047626802408558e+03
1.928405401706695557e+02,2.213704208435798591e+03
1.944344112873077393e+02,2.085043016767972858e+03
1.962295320034027100e+02,2.111001535417013656e+03
1.978678765296936035e+02,2.100528723827502290e+03
1.996816797256469727e+02,2.112235464339993996e+03
2.014553439617156982e+02,2.102357320124937814e+03
2.032194390296936035e+02,2.099481597229919316e+03
2.048378851413726807e+02,2.085170111504784927e+03
2.064556982517242432e+02,2.100681337184689255e+03
2.082889974117279053e+02,2.115469251813405208e+03
2.099096078872680664e+02,2.103797174967531191e+03
2.117689864635467529e+02,2.102946603539301577e+03
2.133758366107940674e+02,2.097818444845476733e+03
2.151902163028717041e+02,2.112412780752209528e+03
2.168067557811737061e+02,2.099769782733470038e+03
2.186693463325500488e+02,2.115511444465101249e+03
2.204400112628936768e+02,2.101772887499654644e+03
2.222674546241760254e+02,2.099592771406346856e+03
2.240410816669464111e+02,2.099020443067690394e+03
2.257875537872314453e+02,2.204632637136640824e+03
2.273464255332946777e+02,2.101882494216210034e+03
2.291999890804290771e+02,2.102419783157946767e+03
2.310288701057434082e+02,2.099516144329229519e+03
2.328449938297271729e+02,2.097853956538743205e+03
2.346579470634460449e+02,2.099954817335156349e+03
2.364887340068817139e+02,2.102448798696921131e+03
2.383214259147644043e+02,2.102064561877983124e+03
2.401515474319458008e+02,2.100182084857625796e+03
2.417904717922210693e+02,2.102015424613243795e+03
2.436322920322418213e+02,2.112887371333274587e+03
2.454334650039672852e+02,2.111762954165527844e+03
2.470745735168457031e+02,2.105307872998953826e+03
2.488739461898803711e+02,2.114508564104698962e+03
2.504917690753936768e+02,2.100371898536228855e+03
2.523280513286590576e+02,2.113428632302282494e+03
2.539691057205200195e+02,2.114796669747318901e+03
2.558134508132934570e+02,2.114693077647700193e+03
2.576693034172058105e+02,2.117207816832071330e+03
2.593419220447540283e+02,2.102054609853237253e+03
2.610290439128875732e+02,2.102833315162427425e+03
2.627052507400512695e+02,2.103130370546401082e+03
2.643551192283630371e+02,2.104594363027221789e+03
2.660303609371185303e+02,2.103262490690516188e+03
2.678979499340057373e+02,2.103681453861941918e+03
2.695678904056549072e+02,2.209434128349924322e+03
2.712543551921844482e+02,2.210276576682181258e+03
2.731496911048889160e+02,2.116714302034721186e+03
2.750360345840454102e+02,2.105091605097479260e+03
2.768701748847961426e+02,2.100722249332829051e+03
2.785530412197113037e+02,2.100924030948709060e+03
2.804410755634307861e+02,2.102804768893465734e+03
2.823601174354553223e+02,2.207738685489082400e+03
2.842473635673522949e+02,2.105310741317532575e+03
2.859559497833251953e+02,2.101873877687355161e+03
2.877714855670928955e+02,2.103386378805007553e+03
2.896769194602966309e+02,2.211564877549514222e+03
2.915695707798004150e+02,2.214867746490311674e+03
2.932687408924102783e+02,2.209754832731898205e+03
2.949841706752777100e+02,2.103939681576085150e+03
2.968797283172607422e+02,2.104732222682935571e+03
2.987919027805328369e+02,2.211520920295501583e+03
3.006634283065795898e+02,2.210910487026709234e+03
3.035390467643737793e+02,2.112310682285335133e+03
3.054591479301452637e+02,2.102461884969543007e+03
3.073546311855316162e+02,2.102060683872202844e+03
3.092713379859924316e+02,2.210544288064932516e+03
3.109980282783508301e+02,2.213504285853180590e+03
3.129216876029968262e+02,2.105212664719980239e+03
3.146431016921997070e+02,2.105108047762264960e+03
3.163798971176147461e+02,2.207326142855831222e+03
3.183290078639984131e+02,2.119533548852994954e+03
3.200677509307861328e+02,2.209082545835498422e+03
3.220018711090087891e+02,2.118488296159141100e+03
3.239692101478576660e+02,2.210856773013630118e+03
3.258998682498931885e+02,2.209965171010326685e+03
3.278392519950866699e+02,2.209952816373639052e+03
3.295874104499816895e+02,2.212911013376269239e+03
3.314974136352539062e+02,2.206762504233083291e+03
3.334497368335723877e+02,2.216646233508875866e+03
3.354042654037475586e+02,2.213269288027231141e+03
3.371296482086181641e+02,2.211249365488928561e+03
3.391179499626159668e+02,2.203589813103040342e+03
3.410515520572662354e+02,2.203784867477328589e+03
3.428162620067596436e+02,2.211648230036413679e+03
3.447391932010650635e+02,2.104525088680702538e+03
3.466604456901550293e+02,2.206902542073199129e+03
3.485759050846099854e+02,2.208033317475284093e+03
3.505045995712280273e+02,2.206797679443979632e+03
3.524694840908050537e+02,2.211941388360703513e+03
3.542657592296600342e+02,2.208365846037129359e+03
3.562152533531188965e+02,2.202647162336620568e+03
3.579905695915222168e+02,2.104650690341662084e+03
3.599724056720733643e+02,2.117519689089663188e+03
3.619510591030120850e+02,2.101723659756090456e+03
3.639884831905364990e+02,2.103969914075044016e+03
3.659679441452026367e+02,2.104656158520459940e+03
3.679510271549224854e+02,2.204433129627005655e+03
3.697315063476562500e+02,2.104256056768137569e+03
3.715444545745849609e+02,2.101354609263828479e+03
3.733538401126861572e+02,2.118912425523902584e+03
3.753005573749542236e+02,2.102116614096886224e+03
3.772883203029632568e+02,2.101829632231350843e+03
3.792717857360839844e+02,2.101604761196240361e+03
3.812743406295776367e+02,2.103504845272610510e+03
3.832786071300506592e+02,2.105500795803108304e+03
3.852919771671295166e+02,2.104366416056847811e+03
3.871319401264190674e+02,2.120100043860541064e+03
3.889709560871124268e+02,2.098033645104784682e+03
3.909898667335510254e+02,2.097750338912802363e+03
3.928175945281982422e+02,2.103707315800880679e+03
3.949001441001892090e+02,2.100012770732560966e+03
3.969307661056518555e+02,2.102285833946054481e+03
3.987815392017364502e+02,2.097627434370413084e+03
4.006383969783782959e+02,2.096647931375590360e+03
4.024811792373657227e+02,2.098668591581939381e+03
4.044902217388153076e+02,2.098446672848278922e+03
4.063104035854339600e+02,2.097631772763536446e+03
4.083295123577117920e+02,2.096187797187505112e+03
4.103982689380645752e+02,2.098600591402405826e+03
4.124398450851440430e+02,2.114915577715698873e+03
4.144505062103271484e+02,2.099271347582807266e+03
4.165176715850830078e+02,2.098647928713492547e+03
4.185890130996704102e+02,2.098610139960340348e+03
4.204570927619934082e+02,2.100495354972734731e+03
4.224889945983886719e+02,2.097572706399818799e+03
4.245577149391174316e+02,2.097140320401696044e+03
4.264266347885131836e+02,2.097250684314316459e+03
4.284937553405761719e+02,2.095519301962901864e+03
4.305300059318542480e+02,2.101088436342859040e+03
4.325998871326446533e+02,2.098814563268825623e+03
4.346695892810821533e+02,2.099047429625237783e+03
4.365777280330657959e+02,2.097607587901346506e+03
4.384705028533935547e+02,2.098074196081541686e+03
4.405504114627838135e+02,2.112187188028123728e+03
4.426585226058959961e+02,2.097245167123599458e+03
4.447618331909179688e+02,2.096292447925821762e+03
4.466674287319183350e+02,2.097730882707129240e+03
4.487697799205780029e+02,2.097772605313090935e+03
4.509015297889709473e+02,2.097592836752568473e+03
4.530035748481750488e+02,2.097159130924128021e+03
4.549227073192596436e+02,2.096625051529241773e+03
4.570477318763732910e+02,2.096695480605460034e+03
4.591554858684539795e+02,2.110979248181204639e+03
4.610947425365447998e+02,2.095273693826990893e+03
4.630192360877990723e+02,2.094712391842531815e+03
4.649347875118255615e+02,2.093101441771540067e+03
4.670167093276977539e+02,2.104993813591425351e+03
4.691375114917755127e+02,2.110607379180647513e+03
4.712655167579650879e+02,2.093280748091529858e+03
4.732090094089508057e+02,2.095349640914896099e+03
4.751592013835906982e+02,2.109158651413284133e+03
4.773035497665405273e+02,2.107828371636356678e+03
4.792514226436614990e+02,2.093131648033960118e+03
4.814073629379272461e+02,2.104973958561476138e+03
4.835815057754516602e+02,2.092943375285923594e+03
4.857076082229614258e+02,2.108161600769907636e+03
4.878274924755096436e+02,2.094993603739863829e+03
4.899908857345581055e+02,2.093158417067822029e+03
4.919297981262207031e+02,2.095078262098018513e+03
4.941066141128540039e+02,2.092850309815260971e+03
4.962276599407196045e+02,2.108437756613741385e+03
4.983875577449798584e+02,2.093070980737352784e+03
5.003723592758178711e+02,2.093524137666177921e+03
5.025327327251434326e+02,2.104995291959776296e+03
5.045315384864807129e+02,2.106765234465163758e+03
5.067337679862976074e+02,2.105244695129609227e+03
5.089345054626464844e+02,2.091254742012983570e+03
5.109234964847564697e+02,2.091717069687540970e+03
5.130894556045532227e+02,2.103462406941303470e+03
5.153096446990966797e+02,2.108369970085900604e+03
5.175082125663757324e+02,2.103320690956425096e+03
5.196889884471893311e+02,2.093098079114795382e+03
5.216937701702117920e+02,2.091182999026155812e+03
5.237130079269409180e+02,2.104951699304355316e+03
5.258948850631713867e+02,2.103789820506611704e+03
5.280664324760437012e+02,2.100102089496029294e+03
5.301017258167266846e+02,2.087085269088437144e+03
5.321248660087585449e+02,2.105899307195808888e+03
5.343649768829345703e+02,2.104441760598018845e+03
5.365669262409210205e+02,2.096696183461619057e+03
5.388119246959686279e+02,2.101784581027984132e+03
5.410019516944885254e+02,2.102859640712797045e+03
5.432696452140808105e+02,2.105785893942052098e+03
5.453318741321563721e+02,2.103534474067361771e+03
5.473877503871917725e+02,2.101071472374193490e+03
5.494408359527587891e+02,2.100685402524842630e+03
5.515040149688720703e+02,2.103816732745208355e+03
5.537975180149078369e+02,2.106131686208220344e+03
5.559936826229095459e+02,2.100683259220358650e+03
5.580554432868957520e+02,2.100096731226884913e+03
5.601182289123535156e+02,2.104570390805942679e+03
5.623614044189453125e+02,2.106471144769738203e+03
5.646745839118957520e+02,2.102179369144169414e+03
5.669390742778778076e+02,2.104577189605683543e+03
5.690316011905670166e+02,2.102103550560967506e+03
5.712915945053100586e+02,2.105107051204602158e+03
5.735839400291442871e+02,2.100221826090725699e+03
5.756643321514129639e+02,2.101526882317354648e+03
5.777596974372863770e+02,2.103701402233794852e+03
5.800458874702453613e+02,2.107118295994954224e+03
5.821216127872467041e+02,2.102327644238674111e+03
5.844290819168090820e+02,2.101554715523488539e+03
5.866301152706146240e+02,2.099596510260298146e+03
5.889058494567871094e+02,2.105800375390419049e+03
5.910245518684387207e+02,2.103077170973281682e+03
5.933510632514953613e+02,2.097348870331845319e+03
5.956519415378570557e+02,2.098779416020181088e+03
5.979592826366424561e+02,2.106711777639534830e+03
6.002833614349365234e+02,2.106595149508792929e+03
6.043790445327758789e+02,2.108789368376269067e+03
6.067470083236694336e+02,2.121237578110929007e+03
6.088954792022705078e+02,2.120001109416911731e+03
6.111986072063446045e+02,2.121348020522626939e+03
6.133158235549926758e+02,2.113757224108655919e+03
6.156960101127624512e+02,2.106268832932439182e+03
6.178456830978393555e+02,2.120801012406800510e+03
6.201876761913299561e+02,2.115279745197202828e+03
6.223402132987976074e+02,2.104957430859606120e+03
6.246379804611206055e+02,2.104108691374993668e+03
6.270037863254547119e+02,2.118070414947052541e+03
6.291753189563751221e+02,2.104692287743945599e+03
6.315357952117919922e+02,2.105401050981767639e+03
6.339069936275482178e+02,2.102035376623542106e+03
6.362379834651947021e+02,2.115567475308986559e+03
6.386080317497253418e+02,2.102970959515162122e+03
6.409791717529296875e+02,2.102628549851548541e+03
6.433797056674957275e+02,2.103447997245381885e+03
6.457406549453735352e+02,2.116081113421616919e+03
6.480913984775543213e+02,2.114509665645837686e+03
6.504603707790374756e+02,2.105835683993853308e+03
6.528391368389129639e+02,2.102798779266148358e+03
6.552019884586334229e+02,2.114622954791151187e+03
6.575986328125000000e+02,2.115984878521327119e+03
6.598017640113830566e+02,2.105304664705070081e+03
6.620294294357299805e+02,2.103809441389227686e+03
6.642320315837860107e+02,2.122427317110276817e+03
6.666590270996093750e+02,2.108378791912730776e+03
6.688818180561065674e+02,2.107817081258706366e+03
6.711157896518707275e+02,2.118488583961778204e+03
6.733515021800994873e+02,2.110496939766457217e+03
6.755979418754577637e+02,2.109127385055079685e+03
6.780288100242614746e+02,2.111470191497715405e+03
6.802980182170867920e+02,2.105543965166052658e+03
6.825516226291656494e+02,2.122417564410306113e+03
6.849898707866668701e+02,1.881194996559784158e+03
6.874178111553192139e+02,2.110009085611499358e+03
6.898849341869354248e+02,2.108598092282513335e+03
6.923504276275634766e+02,2.120918521371897896e+03
6.948035302162170410e+02,2.116204667906058603e+03
6.972940719127655029e+02,2.110488633868098077e+03
6.997225737571716309e+02,2.106718397216317044e+03
7.020096285343170166e+02,2.121375012550706742e+03
7.042798035144805908e+02,2.109395249291716937e+03
7.065144634246826172e+02,2.107327738196620885e+03
7.087705316543579102e+02,1.877170979272402064e+03
7.112990474700927734e+02,1.884209113637601376e+03
7.138205709457397461e+02,1.874636565593181786e+03
7.163404088020324707e+02,2.109434796490509598e+03
7.187953443527221680e+02,2.107155667887744585e+03
7.213003675937652588e+02,2.110560236483945118e+03
7.238231375217437744e+02,2.109768924799841898e+03
7.263287305831909180e+02,2.108643431977336149e+03
7.287962322235107422e+02,2.108697776050963057e+03
7.313375811576843262e+02,1.875955189194928607e+03
7.338604159355163574e+02,2.108603999354965254e+03
7.363777420520782471e+02,2.110040568191291186e+03
7.389340844154357910e+02,2.108064047408365695e+03
7.414798946380615234e+02,2.107231375088860659e+03
7.439995360374450684e+02,2.107391355122220830e+03
7.465320758819580078e+02,2.110276615723669238e+03
7.490780615806579590e+02,2.124317056482518637e+03
7.515896646976470947e+02,2.108519893341288935e+03
7.541058235168457031e+02,2.108282232662259503e+03
7.564777977466583252e+02,1.873262665709918565e+03
7.590037353038787842e+02,1.877793946542578169e+03
7.615503187179565430e+02,2.110943787653517120e+03
7.639390239715576172e+02,2.106230710991708293e+03
7.664242856502532959e+02,2.092325851236637391e+03
7.687742102146148682e+02,1.878991579591206573e+03
7.713000206947326660e+02,2.095037327562642076e+03
7.738618743419647217e+02,2.091727242458104683e+03
7.762616541385650635e+02,1.884356261416333382e+03
7.786703331470489502e+02,2.090592123271747823e+03
7.812589921951293945e+02,2.092805907755643602e+03
7.836629142761230469e+02,2.090830221060538861e+03
7.862736608982086182e+02,2.091834640526698877e+03
7.886299312114715576e+02,2.093182206510218748e+03
7.912193968296051025e+02,2.091662004786645412e+03
7.938292686939239502e+02,2.092134490521098542e+03
7.964657654762268066e+02,1.885387785701052508e+03
7.990790462493896484e+02,2.108348851581237341e+03
8.016879229545593262e+02,2.093346030595865614e+03
8.042879638671875000e+02,2.094389063090082800e+03
8.067353591918945312e+02,2.096215507337778035e+03
8.093693063259124756e+02,2.093851234428214866e+03
8.120054743289947510e+02,1.882491938261158111e+03
8.146228504180908203e+02,1.886643599165940259e+03
8.170318398475646973e+02,2.092359277775256487e+03
8.194716603755950928e+02,2.091842561693577863e+03
8.221174042224884033e+02,2.070544541971283252e+03
8.247666294574737549e+02,2.072162519834403156e+03
8.271594617366790771e+02,2.091960116792976805e+03
8.296268708705902100e+02,2.089945935270610789e+03
8.320704543590545654e+02,2.069910965331318494e+03
8.347494702339172363e+02,2.074590150673745484e+03
8.374177036285400391e+02,2.092319070530415502e+03
8.401202139854431152e+02,2.072764552802345406e+03
8.426418435573577881e+02,2.092805174160856495e+03
8.453656318187713623e+02,2.091809847289821391e+03
8.479887151718139648e+02,2.071091550333477244e+03
8.504691271781921387e+02,2.090522927301383334e+03
8.531692433357238770e+02,2.070876146146566498e+03
8.558691971302032471e+02,2.094206850129861323e+03
8.585705664157867432e+02,2.073483622020183702e+03
8.612677843570709229e+02,2.073184358734943999e+03
8.637779352664947510e+02,2.092520875379369500e+03
8.664934325218200684e+02,2.075152220592647154e+03
8.690095555782318115e+02,2.072833870800528530e+03
8.717117633819580078e+02,2.067836171911172642e+03
8.744091584682464600e+02,2.091455800292485947e+03
8.769620337486267090e+02,2.089187134297604189e+03
8.796919813156127930e+02,2.067955749022799864e+03
8.824800450801849365e+02,2.074257360984405295e+03
8.852537662982940674e+02,2.091432250198365637e+03
8.878094441890716553e+02,2.071517587019858638e+03
8.905494601726531982e+02,2.071764994659252352e+03
8.932469120025634766e+02,2.078317263273343997e+03
8.959826240539550781e+02,2.089822951810494942e+03
8.987688245773315430e+02,2.072324331307868761e+03
9.040145792961120605e+02,2.036760139868993292e+03
9.067775926589965820e+02,2.058050782752930445e+03
9.095304274559020996e+02,2.066728359326966711e+03
9.121149115562438965e+02,2.068996292922551220e+03
9.149157910346984863e+02,2.070467265245340968e+03
9.176702904701232910e+02,2.071534581930383865e+03
9.202843680381774902e+02,2.072049033498512472e+03
9.228851561546325684e+02,2.073460087270436361e+03
9.254976146221160889e+02,2.067120288322230408e+03
9.282949197292327881e+02,2.065491274619460000e+03
9.310615501403808594e+02,2.071121951292762787e+03
9.336850504875183105e+02,2.072490199005524573e+03
9.364797139167785645e+02,2.066024974410436698e+03
9.393040630817413330e+02,2.074119265947196254e+03
9.421492509841918945e+02,2.069321428563280733e+03
9.450019400119781494e+02,2.072755756437626133e+03
9.478176379203796387e+02,2.072760293825423105e+03
9.506378405094146729e+02,2.073527958514005604e+03
9.534924111366271973e+02,2.069490473939184085e+03
9.561519851684570312e+02,2.070179954523597644e+03
9.590112137794494629e+02,2.069719628952718267e+03
9.618855135440826416e+02,2.072498214904588167e+03
9.645264873504638672e+02,2.069270240039183591e+03
9.673830370903015137e+02,2.069147600906967909e+03
9.702576816082000732e+02,2.070662644382838607e+03
9.729205904006958008e+02,2.065954873400518409e+03
9.758092570304870605e+02,2.059694789524248790e+03
9.786853623390197754e+02,2.070484392649146230e+03
9.813860824108123779e+02,2.065632081495315560e+03
9.842990489006042480e+02,2.064013464920534716e+03
9.870019714832305908e+02,2.070818389584639135e+03
9.897158441543579102e+02,2.063813000342187479e+03
9.924483399391174316e+02,2.060748663015363491e+03
9.953697092533111572e+02,2.061421377646504425e+03
9.982597649097442627e+02,2.065844166520743784e+03
1.000971839427947998e+03,2.065354287731806835e+03
1.003889761447906494e+03,2.057178919334351576e+03
1.006792403459548950e+03,2.057759088241882637e+03
1.009711941719055176e+03,2.058249633897648437e+03
1.012461829423904419e+03,2.062195162524437364e+03
1.015217629909515381e+03,2.062450259712826664e+03
1.017975574254989624e+03,2.053713581034916842e+03
1.020919144153594971e+03,2.048729093679141442e+03
1.023869143009185791e+03,2.064507166108074671e+03
1.026632853746414185e+03,2.064944802602036816e+03
1.029573323249816895e+03,2.045075805312166494e+03
1.032364274501800537e+03,2.062060580068294712e+03
1.035151612281799316e+03,2.058558738412419643e+03
1.038121296405792236e+03,2.038806160530866464e+03
1.041101538419723511e+03,2.050896264360510031e+03
1.044099529743194580e+03,2.063372599378809355e+03
1.047069280624389648e+03,2.057995476129657163e+03
1.050069161653518677e+03,2.051917433806119789e+03
1.052867165803909302e+03,2.069891928852047840e+03
1.055672182798385620e+03,2.050573845289847668e+03
1.058673151016235352e+03,2.040498870236920993e+03
1.061722661972045898e+03,2.056940114573295887e+03
1.064520198345184326e+03,2.057590549526297309e+03
1.067318043470382690e+03,2.041925986469299232e+03
1.070371296882629395e+03,2.054066954656224425e+03
1.073367562294006348e+03,2.055372334161821527e+03
1.076399326562881470e+03,2.049213241430340986e+03
1.079461570978164673e+03,2.062069319457659731e+03
1.082325850486755371e+03,2.059455700109167083e+03
1.085397706270217896e+03,2.048095219108837227e+03
1.088429077625274658e+03,2.059221679390161171e+03
1.091519222259521484e+03,2.058241438552701311e+03
1.094579775094985962e+03,2.049674525716201515e+03
1.097448905944824219e+03,2.054361964213907413e+03
1.100549500703811646e+03,2.045303488494085514e+03
1.103607886314392090e+03,2.051891162306008027e+03
1.106680131673812866e+03,2.049063360565416133e+03
1.109760465383529663e+03,2.055081944571154054e+03
1.112667945384979248e+03,2.050961838464319953e+03
1.115803368091583252e+03,2.045127433421372871e+03
1.118908333539962769e+03,2.050648565073177906e+03
1.122009612560272217e+03,2.042944317998245879e+03
1.124935681104660034e+03,2.047077141822498334e+03
1.128095844507217407e+03,2.044173316058863065e+03
1.130999038219451904e+03,2.040425273317850952e+03
1.134119595766067505e+03,2.037551682559078699e+03
1.137242817401885986e+03,2.041374718224998787e+03
1.140403065204620361e+03,2.036429718007389965e+03
1.143327880859375000e+03,2.046695093200531119e+03
1.146287830591201782e+03,2.040500947342681684e+03
1.149450205087661743e+03,2.035397243039016303e+03
1.152600187301635742e+03,2.041920434080106588e+03
1.155780411481857300e+03,2.043374269993556254e+03
1.158957540988922119e+03,2.044152655108965291e+03
1.161929015636444092e+03,2.044457010706785695e+03
1.164885516405105591e+03,2.037980083056920421e+03
1.168025363445281982e+03,2.033614860165853088e+03
1.171225548505783081e+03,2.040915741315287960e+03
1.174409543752670288e+03,2.042360165856831145e+03
1.177619570255279541e+03,2.038746929952684241e+03
1.180809031248092651e+03,2.038209046353680833e+03
1.184039600849151611e+03,2.050055675219114164e+03
1.187228731632232666e+03,2.034037434734200815e+03
1.190427596092224121e+03,2.040914336723998304e+03
1.193427656888961792e+03,2.043587207532262255e+03
1.196439633369445801e+03,2.029619632442840384e+03
1.199459014177322388e+03,2.033482247563105147e+03
1.206329616308212280e+03,2.069836413343292406e+03
1.209598327159881592e+03,2.035205825845226400e+03
1.212841558694839478e+03,2.025800416835644228e+03
1.216082442045211792e+03,2.027450712704946454e+03
1.219319314241409302e+03,2.038347724364245323e+03
1.222624073266983032e+03,2.032711309392481098e+03
1.225682003974914551e+03,2.029344555776416883e+03
1.228768278360366821e+03,2.039859018347562142e+03
1.231985835075378418e+03,2.027306129271497639e+03
1.235035268545150757e+03,2.026170593791281135e+03
1.238308913707733154e+03,2.037600224392539531e+03
1.241649289369583130e+03,2.030260625818869357e+03
1.244935188293457031e+03,2.030242917618054662e+03
1.248246698617935181e+03,2.045972199832703154e+03
1.251566901206970215e+03,2.032506348842717216e+03
1.254867722034454346e+03,2.029001533205932446e+03
1.257985860109329224e+03,2.038787385955156196e+03
1.261264997482299805e+03,2.025468917529007285e+03
1.264590116739273071e+03,2.028859322526340748e+03
1.267889323711395264e+03,2.034104455710881211e+03
1.271247909307479858e+03,2.029015439653374870e+03
1.274594432353973389e+03,2.039081780141973695e+03
1.277725827693939209e+03,2.035864926124205567e+03
1.281094031810760498e+03,1.880328094495878986e+03
1.284449896812438965e+03,2.032830729175819215e+03
1.287783881664276123e+03,2.030131856263802774e+03
1.291174461126327515e+03,2.028010764809504508e+03
1.294298034429550171e+03,2.034000446229115141e+03
1.297683014154434204e+03,2.024813484908238934e+03
1.301055863142013550e+03,1.881245187295763571e+03
1.304434925794601440e+03,2.033940518213859832e+03
1.307815665006637573e+03,2.024845600346374567e+03
1.311209320306777954e+03,2.030075490003042887e+03
1.314419036626815796e+03,2.032423674347204042e+03
1.317654629945755005e+03,2.025310487592436175e+03
1.321081564903259277e+03,2.033715101315176298e+03
1.324270979166030884e+03,2.029005950872775884e+03
1.327723426818847656e+03,2.024083273393777290e+03
1.331131279230117798e+03,2.032864254810662715e+03
1.334595833063125610e+03,2.030345983925893279e+03
1.338031525135040283e+03,2.026156850166980803e+03
1.341451268911361694e+03,2.038042221998987998e+03
1.344895846605300903e+03,2.027406973876671600e+03
1.348165781736373901e+03,2.026223768137773050e+03
1.351425827026367188e+03,2.036831690890978962e+03
1.354700602531433105e+03,1.888541352634294753e+03
1.358221429109573364e+03,2.029659712801813157e+03
1.361699809551239014e+03,2.034946172245561229e+03
1.364977850198745728e+03,1.889464801485506314e+03
1.368264751434326172e+03,2.067636416091258980e+03
1.371750607967376709e+03,2.056430679029595922e+03
1.375052897691726685e+03,1.889551072548833872e+03
1.378507835388183594e+03,2.059124437555329223e+03
1.382039656877517700e+03,2.034035579321773412e+03
1.385581965684890747e+03,1.888622244179723793e+03
1.388918013811111450e+03,2.031627407078651913e+03
1.392419673681259155e+03,2.050887447883165351e+03
1.395960023641586304e+03,2.034977229686848887e+03
1.399527585268020630e+03,2.029029018046493093e+03
1.402879898786544800e+03,1.889254517546086390e+03
1.406219748973846436e+03,2.052975529683933928e+03
1.409559554100036621e+03,2.062930637035753989e+03
1.413089333057403564e+03,1.886170447193611608e+03
1.416440400123596191e+03,2.060625582252772347e+03
1.420017757892608643e+03,2.061907253881250654e+03
1.423397436380386353e+03,2.053987771937840989e+03
1.426940503597259521e+03,2.077855390499092209e+03
1.430256945848464966e+03,2.057362285612424785e+03
1.433819527864456177e+03,2.080542878726245362e+03
1.437204414367675781e+03,2.057844472625036360e+03
1.440779588937759399e+03,2.055781627750278858e+03
1.444190467119216919e+03,2.054668926174981607e+03
1.447797299623489380e+03,2.058740128325341175e+03
1.451401357412338257e+03,2.054790647418254594e+03
1.454840476989746094e+03,2.058324430264271086e+03
1.458452176809310913e+03,2.054130621338152196e+03
1.461871123075485229e+03,2.078902297946344333e+03
1.465499206781387329e+03,2.064982275703296636e+03
1.469129431247711182e+03,2.052907265063037357e+03
1.472760285377502441e+03,2.061285394089400143e+03
1.476394890546798706e+03,2.059598292963766653e+03
1.479853717327117920e+03,2.062228539506631023e+03
1.483318775653839111e+03,2.070087980495081865e+03
1.486947016716003418e+03,2.077125242847796017e+03
1.490585784912109375e+03,2.071149205629450535e+03
1.494283901453018188e+03,2.056120252620507472e+03
1.497960259914398193e+03,2.049360768488432768e+03
1.505995527029037476e+03,2.084444065122648226e+03
1.509735859870910645e+03,2.092095043919736327e+03
1.513469172954559326e+03,2.087261887433620814e+03
1.516980717897415161e+03,2.084125974501929250e+03
1.520700137138366699e+03,2.083142024583614329e+03
1.524395288228988647e+03,2.072522241735155603e+03
1.528106242656707764e+03,2.081439455388391252e+03
1.531829839229583740e+03,2.064546046093951190e+03
1.535581182003021240e+03,2.075868888719067854e+03
1.539329706430435181e+03,2.075463014329202906e+03
1.543054026603698730e+03,2.055405018147479950e+03
1.546752660036087036e+03,2.083085286127986365e+03
1.550330422878265381e+03,2.071498960732952128e+03
1.553899725914001465e+03,2.079153765359086719e+03
1.557660039186477661e+03,2.084206299105873768e+03
1.561229949474334717e+03,2.075962372579822841e+03
1.564979293346405029e+03,2.091634890777764213e+03
1.568730046272277832e+03,2.081195000975495077e+03
1.572294811725616455e+03,2.080794466196281064e+03
1.576079737663269043e+03,2.083556529590775881e+03
1.579695729970932007e+03,2.073234632945412613e+03
1.583519050598144531e+03,2.105216225684197070e+03
1.587330940246582031e+03,2.085832617526860759e+03
1.591143234014511108e+03,2.083747044690348957e+03
1.594977046966552734e+03,2.081274423020638096e+03
1.598848688602447510e+03,2.072316706890424939e+03
1.602631630420684814e+03,2.080531731411949295e+03
1.606384043216705322e+03,2.083330737860814224e+03
1.610217904806137085e+03,2.079659810516292964e+03
1.613897655248641968e+03,2.082516807754221190e+03
1.617778326272964478e+03,2.075251624864064070e+03
1.621693228244781494e+03,2.085432927258170366e+03
1.625523029565811157e+03,2.082512059405926721e+03
1.629362425804138184e+03,2.088186018740588224e+03
1.633036867141723633e+03,2.084242544164661012e+03
1.636766112565994263e+03,2.086663183489632502e+03
1.640639780282974243e+03,2.089588804274605991e+03
1.644474089860916138e+03,2.079886832841260457e+03
1.648381508350372314e+03,2.108141662111279402e+03
1.652100368976593018e+03,2.086263641849896885e+03
1.656004923582077026e+03,2.101753440986853548e+03
1.659733038187026978e+03,2.087171837587074151e+03
1.663619256019592285e+03,2.085895457917850763e+03
1.667515664339065552e+03,2.103222293237417944e+03
1.671264655828475952e+03,2.083638979375561576e+03
1.675010225772857666e+03,2.101577255424582745e+03
1.678950442075729370e+03,2.088806317979399410e+03
1.682707813024520874e+03,2.085340143778622405e+03
1.686481492042541504e+03,2.090226299361596830e+03
1.690500262975692749e+03,2.090481041251348870e+03
1.694467940568923950e+03,2.106181169276770561e+03
1.698269634723663330e+03,2.088821792224475757e+03
1.702227626323699951e+03,2.103716277940178770e+03
1.706205344438552856e+03,2.087750360646344234e+03
1.710211236000061035e+03,2.087425716737616767e+03
1.714226968526840210e+03,2.104273323274226186e+03
1.718251488208770752e+03,2.088837433581910318e+03
1.722240602970123291e+03,2.103758901748906283e+03
1.726175283670425415e+03,2.090661206596976626e+03
1.730219466447830200e+03,2.103579448361505911e+03
1.734275521755218506e+03,2.090301636877692090e+03
1.738289885997772217e+03,2.086748893048905757e+03
1.742318060636520386e+03,2.105793586404289272e+03
1.746368680238723755e+03,2.089936860690835147e+03
1.750438193798065186e+03,2.104902963730465217e+03
1.754493529796600342e+03,2.088602325188969189e+03
1.758539808034896851e+03,2.081893622265414706e+03
1.762431911945343018e+03,2.080846616617693144e+03
1.766305468320846558e+03,2.102289173789373763e+03
1.770199809074401855e+03,2.105396760675017049e+03
1.774080376625061035e+03,2.088643187821757692e+03
1.778159797430038452e+03,2.104699954478558993e+03
1.782313592433929443e+03,2.091268199643376647e+03
1.786210968017578125e+03,2.102646337755164041e+03
1.790125680208206177e+03,2.094009525589942768e+03
1.794284673690795898e+03,2.083880828837448462e+03
1.798376914978027344e+03,2.104167045397515267e+03
1.807868740797042847e+03,2.061784360777896381e+03
1.811998399496078491e+03,2.086466816670699245e+03
1.816151419639587402e+03,2.087820210086079442e+03
1.820124491930007935e+03,2.090007593626623475e+03
1.824271472454071045e+03,2.087175459694866277e+03
1.828410963535308838e+03,2.087540901101857344e+03
1.832556841373443604e+03,2.107359108218249276e+03
1.836688928127288818e+03,2.092787801960232628e+03
1.840859597682952881e+03,2.104364784292373315e+03
1.845068039417266846e+03,2.106546775441383033e+03
1.849259675502777100e+03,2.087747291903890527e+03
1.853488845586776733e+03,2.104625498935348332e+03
1.857529800176620483e+03,2.106023596186594659e+03
1.861571672439575195e+03,2.104035251039707418e+03
1.865825849056243896e+03,2.088605028124850378e+03
1.870057960271835327e+03,2.102134915099128648e+03
1.874298408508300781e+03,2.089035570498525885e+03
1.878509792566299438e+03,2.101199297068775650e+03
1.882739903688430786e+03,2.104928341368184192e+03
1.886997083902359009e+03,2.089112100813149027e+03
1.891289578914642334e+03,2.104189862986348999e+03
1.895547568321228027e+03,2.088119744739273301e+03
1.899636243581771851e+03,2.104982793903282982e+03
1.903700393438339233e+03,2.089988691853428463e+03
1.908029565572738647e+03,2.103762890303618406e+03
1.912295298099517822e+03,2.089596699103523406e+03
1.916611903429031372e+03,2.087427570221165752e+03
1.920899040222167969e+03,2.088516480351913287e+03
1.925031411170959473e+03,2.085573655383660480e+03
1.929361870288848877e+03,2.103136817683678601e+03
1.933623736619949341e+03,2.081723632820377134e+03
1.937909822225570679e+03,2.106459114593853883e+03
1.942230580806732178e+03,2.089041796923374932e+03
1.946577312231063843e+03,2.103297689132116830e+03
1.950744145393371582e+03,2.090125933850972160e+03
1.954885354757308960e+03,2.088942114473973561e+03
1.959240802288055420e+03,2.087741667536915884e+03
1.963659243345260620e+03,2.085980466703427282e+03
1.968060163736343384e+03,2.087849642368426885e+03
1.972440077066421509e+03,2.087407743777459018e+03
1.976599688768386841e+03,2.089181301153598270e+03
1.980781170845031738e+03,2.087317549104630871e+03
1.985219876050949097e+03,2.104179201213664328e+03
1.989628881692886353e+03,2.089537291336253929e+03
1.994069623708724976e+03,2.105808131188959123e+03
1.998323915243148804e+03,2.087691291749003540e+03
2.002717574834823608e+03,2.088127710579366521e+03
2.007126629829406738e+03,2.088892821303729306e+03
2.011367710590362549e+03,2.087050829409393373e+03
2.015819817304611206e+03,2.088452558119014611e+03
2.020081732273101807e+03,2.101993155966131326e+03
2.024518985509872437e+03,2.087690681028623658e+03
2.028987800359725952e+03,2.086223726560282557e+03
2.033460183858871460e+03,2.088556692566975471e+03
2.037930446624755859e+03,2.084363297884953681e+03
2.042397716283798218e+03,2.088845533437545782e+03
2.046709592580795288e+03,2.087618354443396584e+03
2.051221704244613647e+03,2.087898238343984758e+03
2.055722929000854492e+03,2.085525106916274126e+03
2.060263959884643555e+03,2.100730748103885617e+03
2.064778711795806885e+03,2.085954081782070716e+03
2.069286660432815552e+03,2.105619659091850281e+03
2.073840674877166748e+03,2.089886551295212485e+03
2.078192248344421387e+03,2.103789010914591017e+03
2.082750139474868774e+03,2.087289443956626656e+03
2.087294854402542114e+03,2.089481613580162957e+03
2.091838809728622437e+03,2.087573415301417299e+03
2.096440412282943726e+03,2.090254925541069497e+03
2.101020579099655151e+03,2.085958826478483388e+03
2.111854568243026733e+03,2.027487590560204808e+03
2.116229758262634277e+03,2.063584129891927205e+03
2.120863882303237915e+03,2.075082665737127172e+03
2.125423812627792358e+03,2.086637305036787893e+03
2.129845795154571533e+03,2.082836976687965489e+03
2.134414450883865356e+03,2.086592863183070222e+03
2.139002285003662109e+03,2.082925008987835099e+03
2.143433719873428345e+03,2.102280531102432178e+03
2.147895848512649536e+03,2.085020004019773296e+03
2.152472461700439453e+03,2.079717211049053731e+03
2.157120066404342651e+03,2.083835074573047677e+03
2.161781363010406494e+03,2.086454636545506673e+03
2.166391165494918823e+03,2.085941270598772917e+03
2.170825789928436279e+03,2.086613340404191604e+03
2.175509953737258911e+03,2.086109190358788510e+03
2.180160449266433716e+03,2.084992355363709976e+03
2.184621772289276123e+03,2.086134705911649235e+03
2.189319037199020386e+03,2.084012205265063130e+03
2.193991606235504150e+03,2.085593088158788305e+03
2.198653638362884521e+03,2.083889486014998056e+03
2.203319000482559204e+03,2.085110310890551773e+03
2.208045309782028198e+03,2.083484254715569023e+03
2.212770090579986572e+03,2.083556252694484101e+03
2.217452677965164185e+03,2.084650519177868318e+03
2.222003885507583618e+03,2.086504911087506116e+03
2.226753943920135498e+03,2.085043464339598813e+03
2.231492414474487305e+03,2.084406840280501456e+03
2.236020955324172974e+03,2.079759267339630242e+03
2.240570872783660889e+03,2.083058281676523166e+03
2.245335229396820068e+03,2.082127799348673761e+03
2.250091913223266602e+03,2.084399867360393728e+03
2.254677717924118042e+03,2.085281026108806600e+03
2.259479410409927368e+03,2.085205657762219744e+03
2.264087765455245972e+03,2.079317920817849426e+03
2.268897409915924072e+03,2.084282944912206858e+03
2.273727435350418091e+03,2.082525592155555842e+03
2.278592591285705566e+03,2.085395747501038841e+03
2.283451770305633545e+03,2.088120138985219000e+03
2.288269720315933228e+03,2.082459526212281162e+03
2.293109959840774536e+03,2.086415352986880862e+03
2.297970988750457764e+03,2.087830163065931629e+03
2.302635812044143677e+03,2.088434952466699542e+03
