1.586036682128906250e+00,7.134741684096462677e+02
3.762262344360351562e+00,7.137094825275655694e+02
5.300241947174072266e+00,7.139359676428565535e+02
6.984299182891845703e+00,7.139861139238553278e+02
8.816075801849365234e+00,7.133272373766658347e+02
1.048957920074462891e+01,7.134806987767179862e+02
1.217794227600097656e+01,7.133010660550943385e+02
1.365834903717041016e+01,7.138168900909678314e+02
1.539141249656677246e+01,7.141646877047306816e+02
1.705591821670532227e+01,7.143482780191374104e+02
1.876805067062377930e+01,7.147973206217355937e+02
2.047826409339904785e+01,7.147215730419842430e+02
2.215786552429199219e+01,7.144675792268792520e+02
2.387579894065856934e+01,7.151096721696973191e+02
2.556019783020019531e+01,7.156677164663645954e+02
2.720136690139770508e+01,7.152195229349980536e+02
2.861161899566650391e+01,7.151507794335271910e+02
3.035606718063354492e+01,7.144006947394049121e+02
3.202760338783264160e+01,7.148501188419844539e+02
3.367767906188964844e+01,7.152787101243192183e+02
3.536379885673522949e+01,7.153002168519503812e+02
3.698816943168640137e+01,7.153106622314829792e+02
3.864025878906250000e+01,7.150588416733467056e+02
4.035538029670715332e+01,7.150098681832888587e+02
4.187090110778808594e+01,7.155115551247644134e+02
4.357096505165100098e+01,7.154915867029957326e+02
4.506034588813781738e+01,7.151591029584953958e+02
4.655658626556396484e+01,7.148837372634891381e+02
4.810504865646362305e+01,7.146596605695756352e+02
4.980252861976623535e+01,7.144062046664365653e+02
5.143507933616638184e+01,7.152083402413132944e+02
5.289177894592285156e+01,7.155760804475977466e+02
5.463198876380920410e+01,7.151447026419057238e+02
5.633198690414428711e+01,7.154898330047218451e+02
5.781317043304443359e+01,7.152400200345646226e+02
5.954214668273925781e+01,7.149435585542008766e+02
6.125769639015197754e+01,7.149945529720469040e+02
6.278602814674377441e+01,7.157204251122454934e+02
6.449212551116943359e+01,7.149257960647339587e+02
6.618199801445007324e+01,7.154160083471423377e+02
6.788466143608093262e+01,7.153578835982863211e+02
6.954270863533020020e+01,7.154432049106110298e+02
7.124809551239013672e+01,7.154229356534391400e+02
7.294848155975341797e+01,7.155937447809077412e+02
7.446490216255187988e+01,7.156958921641339657e+02
7.616804838180541992e+01,7.152629218891291885e+02
7.769141101837158203e+01,7.153917047768936754e+02
7.940318036079406738e+01,7.152764190125803907e+02
8.103888130187988281e+01,7.155913365807124364e+02
8.306981039047241211e+01,7.147940338853047706e+02
8.458940577507019043e+01,7.159008257796472208e+02
8.635182285308837891e+01,7.155292118240766968e+02
8.798352026939392090e+01,7.154031288147950818e+02
8.947589969635009766e+01,7.150964065875631377e+02
9.118981647491455078e+01,7.155197144408258509e+02
9.272420167922973633e+01,7.149252123539361037e+02
9.446331763267517090e+01,7.151108646513970371e+02
9.670276451110839844e+01,7.149198317790777537e+02
9.846447253227233887e+01,7.144662147918713799e+02
1.001981692314147949e+02,7.145920055921292260e+02
1.018914380073547363e+02,7.145572541978377785e+02
1.033597352504730225e+02,7.151676914486449732e+02
1.051419336795806885e+02,7.149857209134482900e+02
1.068242111206054688e+02,7.152862273802331856e+02
1.082997829914093018e+02,7.149344625428254858e+02
1.098322408199310303e+02,7.150971813894575462e+02
1.114540510177612305e+02,7.142444071289863814e+02
1.131700499057769775e+02,7.148295161788003043e+02
1.149141008853912354e+02,7.151330431479681238e+02
1.166230406761169434e+02,7.152607087492294795e+02
1.184724061489105225e+02,7.139273212855131305e+02
1.202253794670104980e+02,7.143640388518947475e+02
1.217462241649627686e+02,7.151147682611100436e+02
1.234776406288146973e+02,7.151785740378626315e+02
1.253176486492156982e+02,7.153399752982076052e+02
1.273941843509674072e+02,7.143598395136771160e+02
1.289443428516387939e+02,7.148351748304293096e+02
1.304679260253906250e+02,7.147301041895475464e+02
1.320177474021911621e+02,7.149526448942690422e+02
1.337516345977783203e+02,7.152573067356502179e+02
1.355166909694671631e+02,7.151884851125835212e+02
1.372524068355560303e+02,7.150632324658786274e+02
1.388054232597351074e+02,7.148604455157143320e+02
1.406116883754730225e+02,7.150497670357189008e+02
1.421856818199157715e+02,7.156993651730731472e+02
1.437880651950836182e+02,7.155178264152848442e+02
1.453847808837890625e+02,7.150066758734127461e+02
1.471448373794555664e+02,7.143380797865694376e+02
1.489392311573028564e+02,7.143841224337577387e+02
1.506402375698089600e+02,7.153178081337628100e+02
1.524254143238067627e+02,7.155063011620353564e+02
1.542346632480621338e+02,7.153014519813065135e+02
1.560122425556182861e+02,7.149291190668852778e+02
1.579212920665740967e+02,7.150233935444595090e+02
1.597204432487487793e+02,7.152868298662779125e+02
1.615096793174743652e+02,7.155210338731658339e+02
1.633169314861297607e+02,7.153636152041462992e+02
1.649119439125061035e+02,7.151875500576713875e+02
1.667037079334259033e+02,7.150319315179730211e+02
1.683143296241760254e+02,7.152908101376096965e+02
1.701023139953613281e+02,7.153044349336437335e+02
1.716680271625518799e+02,7.157403591261991096e+02
1.732675356864929199e+02,7.150538193580910047e+02
1.751125810146331787e+02,7.148580769675683086e+02
1.766894891262054443e+02,7.146637997350034084e+02
1.785018494129180908e+02,7.154051277410802641e+02
1.803329806327819824e+02,7.154983717749269090e+02
1.819200184345245361e+02,7.155148036219035248e+02
1.835440042018890381e+02,7.148856483945836544e+02
1.851309690475463867e+02,7.150337541014275757e+02
1.869081833362579346e+02,7.148357110278597020e+02
1.887576875686645508e+02,7.154814424505701709e+02
1.905780158042907715e+02,7.156002225007632660e+02
1.923820564746856689e+02,7.148083746479554748e+02
1.942117326259613037e+02,7.150330234377505576e+02
1.959851629734039307e+02,7.150321250403598015e+02
1.976216697692871094e+02,7.157154511960392256e+02
1.994417071342468262e+02,7.154288736360688290e+02
2.013043620586395264e+02,7.149490525077550274e+02
2.030611884593963623e+02,7.149647826488687770e+02
2.049024486541748047e+02,7.149085710872544723e+02
2.066990723609924316e+02,7.155193607689903956e+02
2.082869076728820801e+02,7.157207630255770709e+02
2.101758356094360352e+02,7.155061882187335414e+02
2.118152770996093750e+02,7.150557807037021121e+02
2.136638731956481934e+02,7.148230804278859978e+02
2.155414686203002930e+02,7.153524997376925967e+02
2.171946735382080078e+02,7.156689407832197958e+02
2.188666288852691650e+02,7.155226591733304531e+02
2.205314757823944092e+02,7.147225659368526749e+02
2.223921570777893066e+02,7.145855784472207688e+02
2.242158586978912354e+02,7.149893096666611427e+02
2.260657312870025635e+02,7.153192404426637268e+02
2.279018096923828125e+02,7.154839546584103118e+02
2.295856664180755615e+02,7.148661742773980450e+02
2.312681899070739746e+02,7.146504129941483825e+02
2.329482753276824951e+02,7.145042264823767937e+02
2.346275005340576172e+02,7.153629429980478562e+02
2.365081622600555420e+02,7.152577194785409347e+02
2.383744676113128662e+02,7.151761266598251723e+02
2.402635898590087891e+02,7.148548113273651552e+02
2.421839153766632080e+02,7.146973211028370088e+02
2.438818192481994629e+02,7.153584971493316971e+02
2.455703895092010498e+02,7.154912112782232043e+02
2.475003645420074463e+02,7.151951030452745499e+02
2.494273049831390381e+02,7.145261149232776461e+02
2.510981910228729248e+02,7.146741535170079942e+02
2.529905984401702881e+02,7.150787735756633765e+02
2.548418197631835938e+02,7.155826214999195827e+02
2.567336535453796387e+02,7.154963146648769907e+02
2.586682991981506348e+02,7.146124524542493646e+02
2.605499062538146973e+02,7.147210739150359586e+02
2.622411680221557617e+02,7.151085372437780734e+02
2.641759867668151855e+02,7.153400861153561436e+02
2.661050291061401367e+02,7.153888933054954578e+02
2.678946809768676758e+02,7.146528936419351794e+02
2.697858400344848633e+02,7.147380027242394362e+02
2.717278814315795898e+02,7.148974272340167317e+02
2.736259212493896484e+02,7.153563149535832508e+02
2.755432283878326416e+02,7.153542031362100033e+02
2.774699172973632812e+02,7.147523275935824358e+02
2.793920271396636963e+02,7.144774605863676697e+02
2.811201112270355225e+02,7.149494628535094307e+02
2.828533020019531250e+02,7.151102437519563182e+02
2.845901350975036621e+02,7.151295940279657088e+02
2.863392896652221680e+02,7.143754645022987688e+02
2.880202205181121826e+02,7.140619764050223921e+02
2.899637498855590820e+02,7.143564737866444148e+02
2.919001491069793701e+02,7.151515369796284176e+02
2.936122527122497559e+02,7.151521971344155872e+02
2.955623161792755127e+02,7.141887072666693257e+02
2.973158078193664551e+02,7.142141974896654801e+02
2.992282519340515137e+02,7.144483636003227502e+02
3.011322512626647949e+02,7.150109903071829649e+02
3.040495371818542480e+02,7.133941513461268187e+02
3.060019998550415039e+02,7.133527430197518697e+02
3.077680797576904297e+02,7.138782183301880195e+02
3.097720198631286621e+02,7.145706859246002978e+02
3.117328832149505615e+02,7.149646377349049544e+02
3.134632968902587891e+02,7.140835118966417667e+02
3.154208247661590576e+02,7.138459716034301437e+02
3.173720376491546631e+02,7.142002849721226312e+02
3.192904107570648193e+02,7.149084747227395837e+02
3.212634863853454590e+02,7.151476785389078259e+02
3.232438595294952393e+02,7.144404557124420307e+02
3.252279903888702393e+02,7.143171538595954644e+02
3.269734692573547363e+02,7.145161780473902127e+02
3.287259907722473145e+02,7.146622240325852999e+02
3.304956581592559814e+02,7.148223416276368880e+02
3.322949337959289551e+02,7.139451876371814478e+02
3.342820413112640381e+02,7.137490209013741378e+02
3.362705852985382080e+02,7.143365128976337246e+02
3.382535674571990967e+02,7.148003872908341236e+02
3.402177903652191162e+02,7.152263580945470949e+02
3.422041633129119873e+02,7.143889251712467967e+02
3.442422087192535400e+02,7.143107848567377687e+02
3.460581798553466797e+02,7.149985769927257024e+02
3.478594298362731934e+02,7.148806176846271683e+02
3.498616609573364258e+02,7.147764870501165433e+02
3.519208238124847412e+02,7.139504242973177952e+02
3.539703428745269775e+02,7.141034375453699568e+02
3.559516155719757080e+02,7.146363078178503656e+02
3.580075683593750000e+02,7.148312894173312770e+02
3.600613908767700195e+02,7.146994572056252082e+02
3.621380929946899414e+02,7.140759691343035911e+02
3.639710214138031006e+02,7.141835566147491363e+02
3.658192384243011475e+02,7.146038352014936663e+02
3.676885128021240234e+02,7.146378871147370546e+02
3.697507669925689697e+02,7.134922776789267118e+02
3.717972218990325928e+02,7.136881949271772783e+02
3.738236756324768066e+02,7.139955031981091906e+02
3.756798593997955322e+02,7.146162765680832081e+02
3.777041451930999756e+02,7.142699537096075346e+02
3.795359420776367188e+02,7.138061348868285449e+02
3.815908260345458984e+02,7.135917544839433049e+02
3.834578354358673096e+02,7.139874022230087576e+02
3.855376822948455811e+02,7.142774152519052677e+02
3.875273823738098145e+02,7.143287532672143243e+02
3.893881907463073730e+02,7.135844226797979672e+02
3.912746365070343018e+02,7.133610483195679990e+02
3.933849003314971924e+02,7.139724177437036587e+02
3.952860198020935059e+02,7.147276098703092657e+02
3.973191719055175781e+02,7.137763521007289000e+02
3.994367375373840332e+02,7.134181208500839375e+02
4.014922747611999512e+02,7.133647325129265937e+02
4.033957943916320801e+02,7.142229338642558787e+02
4.052988133430480957e+02,7.140971802628012028e+02
4.073464293479919434e+02,7.128056677025871295e+02
4.092156796455383301e+02,7.136211563569759164e+02
4.113245103359222412e+02,7.135764883103171314e+02
4.132399280071258545e+02,7.139390087799379216e+02
4.153517754077911377e+02,7.140236361119769981e+02
4.174760665893554688e+02,7.131673870296875748e+02
4.194179401397705078e+02,7.130648547365449303e+02
4.215101001262664795e+02,7.135486467795251428e+02
4.234540834426879883e+02,7.139754486961892326e+02
4.253505480289459229e+02,7.130977795545388744e+02
4.274947283267974854e+02,7.126046958510639797e+02
4.294360101222991943e+02,7.129120562358357347e+02
4.316120424270629883e+02,7.133463962173437949e+02
4.335804052352905273e+02,7.137558111924907962e+02
4.357217922210693359e+02,7.129628043702081186e+02
4.378517239093780518e+02,7.127863657109908218e+02
4.398099970817565918e+02,7.137525047580950286e+02
4.417650785446166992e+02,7.134425635336996265e+02
4.439577953815460205e+02,7.131043798223423664e+02
4.460871028900146484e+02,7.125047426024603965e+02
4.479815623760223389e+02,7.125674563816012324e+02
4.501752440929412842e+02,7.133640489849005917e+02
4.521621770858764648e+02,7.136845335252445466e+02
4.543418483734130859e+02,7.127661913528745572e+02
4.563147466182708740e+02,7.127166945261154751e+02
4.584855618476867676e+02,7.129184548332241320e+02
4.607103033065795898e+02,7.136556322908525090e+02
4.628974754810333252e+02,7.131855392734867110e+02
4.650662820339202881e+02,7.129330611147534000e+02
4.672515895366668701e+02,7.130705097851131313e+02
4.692291913032531738e+02,7.136186987162124069e+02
4.712378623485565186e+02,7.133465535780921982e+02
4.732291357517242432e+02,7.126103817241254319e+02
4.754405775070190430e+02,7.121015713790927748e+02
4.774260973930358887e+02,7.132328671869455547e+02
4.794157207012176514e+02,7.135016435321413155e+02
4.816206557750701904e+02,7.123790026023760902e+02
4.838404560089111328e+02,7.127425747605799415e+02
4.860575284957885742e+02,7.126951532085367944e+02
4.882650821208953857e+02,7.134918835698259727e+02
4.904843285083770752e+02,7.130919297175588554e+02
4.927203083038330078e+02,7.127678029591440918e+02
4.947398653030395508e+02,7.125393942730332810e+02
4.970019223690032959e+02,7.128817313713208250e+02
4.990241167545318604e+02,7.131822179774364940e+02
5.012419557571411133e+02,7.123266842271632413e+02
5.034858825206756592e+02,7.121647108672159447e+02
5.057362821102142334e+02,7.132253067961678425e+02
5.079123587608337402e+02,7.132344795841833047e+02
5.101382496356964111e+02,7.124477386806070172e+02
5.124117567539215088e+02,7.126628415250102080e+02
5.146679933071136475e+02,7.128756169509255187e+02
5.169622249603271484e+02,7.133194250276307002e+02
5.192129690647125244e+02,7.125758040429840321e+02
5.214557273387908936e+02,7.127985311458851356e+02
5.235394036769866943e+02,7.127870883473109416e+02
5.258071446418762207e+02,7.130862725240298232e+02
5.281501004695892334e+02,7.130385839437853974e+02
5.304334356784820557e+02,7.124494831493008178e+02
5.325362267494201660e+02,7.125910833015738035e+02
5.348136997222900391e+02,7.129819509510697344e+02
5.370605437755584717e+02,7.131883198987621881e+02
5.393647727966308594e+02,7.125187067091438848e+02
5.416990752220153809e+02,7.124859524406469973e+02
5.440079572200775146e+02,7.130968152916110512e+02
5.463303220272064209e+02,7.131790878355940322e+02
5.484738936424255371e+02,7.123714365956680012e+02
5.508301227092742920e+02,7.125218873893026057e+02
5.531300344467163086e+02,7.127966434863573113e+02
5.552576301097869873e+02,7.131575063690706884e+02
5.576011884212493896e+02,7.122703640629857773e+02
5.597404351234436035e+02,7.121651320121370645e+02
5.620810511112213135e+02,7.127252322212348190e+02
5.643794229030609131e+02,7.126671554602405649e+02
5.667233479022979736e+02,7.120804927736115815e+02
5.690402677059173584e+02,7.124373189355777640e+02
5.713520998954772949e+02,7.126722174282371043e+02
5.737335643768310547e+02,7.129528760088832087e+02
5.760888979434967041e+02,7.124513375740984884e+02
5.784499742984771729e+02,7.120604007275602498e+02
5.806392061710357666e+02,7.125532192330666703e+02
5.830222160816192627e+02,7.125557706058842768e+02
5.853880317211151123e+02,7.122372270676394237e+02
5.875825469493865967e+02,7.119619244543632703e+02
5.899229338169097900e+02,7.125652194603025009e+02
5.922598259449005127e+02,7.129203547402657932e+02
5.946593534946441650e+02,7.123040747834484137e+02
5.970592756271362305e+02,7.120108403093918241e+02
5.994609274864196777e+02,7.127240045555917050e+02
6.037081837654113770e+02,7.135415878100454847e+02
6.061008813381195068e+02,7.123635290863375076e+02
6.084846167564392090e+02,7.128217150681058456e+02
6.109082448482513428e+02,7.130048861585084978e+02
6.133418600559234619e+02,7.122084807749533866e+02
6.157825510501861572e+02,7.119981303609021097e+02
6.181494832038879395e+02,7.125361665483319484e+02
6.203521800041198730e+02,7.127806967655192238e+02
6.225874342918395996e+02,7.122240832038148710e+02
6.248356077671051025e+02,7.121691891773282350e+02
6.270590252876281738e+02,7.126997115414073960e+02
6.294557576179504395e+02,7.129184853697757944e+02
6.318857758045196533e+02,7.122886662544890441e+02
6.341352951526641846e+02,7.123603903454380770e+02
6.365653667449951172e+02,7.128597128108351626e+02
6.387961263656616211e+02,7.128646377282939284e+02
6.412283074855804443e+02,7.123809315765752217e+02
6.434678297042846680e+02,7.123730472237543836e+02
6.457379822731018066e+02,7.126964590139523352e+02
6.481795685291290283e+02,7.130893499119671333e+02
6.506113851070404053e+02,7.122941452550405756e+02
6.528418362140655518e+02,7.122293716690973042e+02
6.553145942687988281e+02,7.127979245378995756e+02
6.575964803695678711e+02,7.127902653873653662e+02
6.600844581127166748e+02,7.126916074820628637e+02
6.623838739395141602e+02,7.120686815750336791e+02
6.646750819683074951e+02,7.128597451576869162e+02
6.671922121047973633e+02,7.132001752995544166e+02
6.694981122016906738e+02,7.121960417288134977e+02
6.719879548549652100e+02,7.123317189687944619e+02
6.744900937080383301e+02,7.127084136843989199e+02
6.769795727729797363e+02,7.128040947172831920e+02
6.794722385406494141e+02,7.127959054135760653e+02
6.819880285263061523e+02,7.124390981140561507e+02
6.843298652172088623e+02,7.124976766388030001e+02
6.866719381809234619e+02,7.131484149336399696e+02
6.891706142425537109e+02,7.130045491547435859e+02
6.917378215789794922e+02,7.124934662737026656e+02
6.940737535953521729e+02,7.126094887738233865e+02
6.966090986728668213e+02,7.127837965429604310e+02
6.991188418865203857e+02,7.129062761569208533e+02
7.016193108558654785e+02,7.127695431647300666e+02
7.041858270168304443e+02,7.128156258013890465e+02
7.067410943508148193e+02,7.122345283770566766e+02
7.092562508583068848e+02,7.122979303778888607e+02
7.116152808666229248e+02,7.127144777931663384e+02
7.141798303127288818e+02,7.131435111856942513e+02
7.167894890308380127e+02,7.127546426027363395e+02
7.193713965415954590e+02,7.123672824637983467e+02
7.219476928710937500e+02,7.129228235388764006e+02
7.245371973514556885e+02,7.125931405324704428e+02
7.271335921287536621e+02,7.128940645033026158e+02
7.294797487258911133e+02,7.128227280447546264e+02
7.320818443298339844e+02,7.129390456624914805e+02
7.346679661273956299e+02,7.129127128363280690e+02
7.372764010429382324e+02,7.128445997046924276e+02
7.398582651615142822e+02,7.129752681538099068e+02
7.424750740528106689e+02,7.129860925904509941e+02
7.450006654262542725e+02,7.132057781066903317e+02
7.475247759819030762e+02,7.132232169126136796e+02
7.499271986484527588e+02,7.128896077438172370e+02
7.525458579063415527e+02,7.132434913113442008e+02
7.551558005809783936e+02,7.132092689897733635e+02
7.577760174274444580e+02,7.132008339998513975e+02
7.603514330387115479e+02,7.131935588644093968e+02
7.628071913719177246e+02,7.132615860549342415e+02
7.654795222282409668e+02,7.129057376801633836e+02
7.681402401924133301e+02,7.129442292063196192e+02
7.705888869762420654e+02,7.134233140799748298e+02
7.732212944030761719e+02,7.135004579130328466e+02
7.758293905258178711e+02,7.134026048744822219e+02
7.783017148971557617e+02,7.131507309362049227e+02
7.809907031059265137e+02,7.132029971129824162e+02
7.836608960628509521e+02,7.131645558773280982e+02
7.861285140514373779e+02,7.131632109240919135e+02
7.885978252887725830e+02,7.134329975518800211e+02
7.912302961349487305e+02,7.136071114512834583e+02
7.939153497219085693e+02,7.129005490271514418e+02
7.964116950035095215e+02,7.134299490139931095e+02
7.991127629280090332e+02,7.135790731377508109e+02
8.017721025943756104e+02,7.135694119570707699e+02
8.044758727550506592e+02,7.132916586309758031e+02
8.071026949882507324e+02,7.133940539181720624e+02
8.097843072414398193e+02,7.131502110139688284e+02
8.124803493022918701e+02,7.129615849450862015e+02
8.151880350112915039e+02,7.129496220016822008e+02
8.179216403961181641e+02,7.136277587617069003e+02
8.204494047164916992e+02,7.133916706344482463e+02
8.229521296024322510e+02,7.139559578890414286e+02
8.256593124866485596e+02,7.137068341274439263e+02
8.284146521091461182e+02,7.134259438834096727e+02
8.312128827571868896e+02,7.129851935527495925e+02
8.339066026210784912e+02,7.134871562563067755e+02
8.366699233055114746e+02,7.133816013460603926e+02
8.394251406192779541e+02,7.136532518468361559e+02
8.421893074512481689e+02,7.137134459868893828e+02
8.447580924034118652e+02,7.133271888602714625e+02
8.475307023525238037e+02,7.138501961836460623e+02
8.503146078586578369e+02,7.135011251676675101e+02
8.528815310001373291e+02,7.135815120558712579e+02
8.556561350822448730e+02,7.137442460355053981e+02
8.584760787487030029e+02,7.133987030342028675e+02
8.612820081710815430e+02,7.135093833707549038e+02
8.640378279685974121e+02,7.139641459996140611e+02
8.667865078449249268e+02,7.140092695017401638e+02
8.693944103717803955e+02,7.138644558296772402e+02
8.721946473121643066e+02,7.143157717552431905e+02
8.749650380611419678e+02,7.135518304568423673e+02
8.777716162204742432e+02,7.133884318221732883e+02
8.803913800716400146e+02,7.136644395419901912e+02
8.831955986022949219e+02,7.140835555772480348e+02
8.858251011371612549e+02,7.139891909076849288e+02
8.886920473575592041e+02,7.140595161567683817e+02
8.915099735260009766e+02,7.138247379777284323e+02
8.943256759643554688e+02,7.141463594231148591e+02
8.972051618099212646e+02,7.139029845677678168e+02
9.000540289878845215e+02,7.134512502659697475e+02
9.054781072139739990e+02,7.134771003775681493e+02
9.083694732189178467e+02,7.139042741258954266e+02
9.110619432926177979e+02,7.138369997717277329e+02
9.136845207214355469e+02,7.140961013946919138e+02
9.165279011726379395e+02,7.140588597592873157e+02
9.194047281742095947e+02,7.139060862962604688e+02
9.220881283283233643e+02,7.142677810620250511e+02
9.249341921806335449e+02,7.139582003262720491e+02
9.277514984607696533e+02,7.137004460552309411e+02
9.304299318790435791e+02,7.137203648975624901e+02
9.333520784378051758e+02,7.139414964147438241e+02
9.360555098056793213e+02,7.138961552287954646e+02
9.387703790664672852e+02,7.140132311798802220e+02
9.417270405292510986e+02,7.141618952620900700e+02
9.444257624149322510e+02,7.140791317176058328e+02
9.473675613403320312e+02,7.135780511668752979e+02
9.500993623733520508e+02,7.142472306300268201e+02
9.529973990917205811e+02,7.139152709489967492e+02
9.557557210922241211e+02,7.138376261233618152e+02
9.587060883045196533e+02,7.138289116252503845e+02
9.616758384704589844e+02,7.139990749985138336e+02
9.646201515197753906e+02,7.139939950630724752e+02
9.675522363185882568e+02,7.140944889108501457e+02
9.703021509647369385e+02,7.141888246584945819e+02
9.732607305049896240e+02,7.139767793276935208e+02
9.760603795051574707e+02,7.140392010107395890e+02
9.790146079063415527e+02,7.141612124272592155e+02
9.820472996234893799e+02,7.142483170489174427e+02
9.848343708515167236e+02,7.137675001052982680e+02
9.877274136543273926e+02,7.142490656923591814e+02
9.906860642433166504e+02,7.140885126416188768e+02
9.936543297767639160e+02,7.137247295163140279e+02
9.966913404464721680e+02,7.143069923638259979e+02
9.996894915103912354e+02,7.139906772502619106e+02
1.002688320636749268e+03,7.138439580054994167e+02
1.005712251424789429e+03,7.139784090257552407e+02
1.008715942621231079e+03,7.140845317607896732e+02
1.011715451002120972e+03,7.134181178528310738e+02
1.014722195148468018e+03,7.137591726263390228e+02
1.017725100994110107e+03,7.139384848979733533e+02
1.020527343511581421e+03,7.137924811486892622e+02
1.023564786672592163e+03,7.136218754026733677e+02
1.026605846643447876e+03,7.137623524000108546e+02
1.029411393404006958e+03,7.136840724742337443e+02
1.032480560541152954e+03,7.135795158504154188e+02
1.035344228029251099e+03,7.140167672410287878e+02
1.038219793558120728e+03,7.139015926566041799e+02
1.041269283056259155e+03,7.135186971378653880e+02
1.044351827383041382e+03,7.141404966688478453e+02
1.047339922904968262e+03,7.142206218693527262e+02
1.050371823549270630e+03,7.136021403348642025e+02
1.053258311271667480e+03,7.140224899498757622e+02
1.056354498624801636e+03,7.144330238764306387e+02
1.059445865154266357e+03,7.137027373756267252e+02
1.062365458250045776e+03,7.143039312765680506e+02
1.065278994321823120e+03,7.142498810632772575e+02
1.068414976835250854e+03,7.135465691606026439e+02
1.071529286861419678e+03,7.142283711969926117e+02
1.074626087427139282e+03,7.141584889168527752e+02
1.077774901390075684e+03,7.133380413873511543e+02
1.080900538921356201e+03,7.141305999896268304e+02
1.083852260112762451e+03,7.138967509082590368e+02
1.086810650110244751e+03,7.133402789190171234e+02
1.089935543775558472e+03,7.138354158010879473e+02
1.092890354633331299e+03,7.142125610426580806e+02
1.096052067279815674e+03,7.134214798516145493e+02
1.099227888107299805e+03,7.139934458656799734e+02
1.102169016122817993e+03,7.135080710984325378e+02
1.105149452686309814e+03,7.135694415852057091e+02
1.108097896099090576e+03,7.145672502835985824e+02
1.111253527164459229e+03,7.150819028953829957e+02
1.114250539779663086e+03,7.142572651766482750e+02
1.117245536327362061e+03,7.146501594535540107e+02
1.120439474582672119e+03,7.144550130450987808e+02
1.123454148054122925e+03,7.143214948572879166e+02
1.126705990791320801e+03,7.146035027278757070e+02
1.129951366901397705e+03,7.144249382418382766e+02
1.132965944528579712e+03,7.144200430090565987e+02
1.136003754615783691e+03,7.146930828059291798e+02
1.139220566272735596e+03,7.146005516970790268e+02
1.142483633518218994e+03,7.142889455259182796e+02
1.145729519367218018e+03,7.148092225120636840e+02
1.149007600545883179e+03,7.145649549066903319e+02
1.152272248506546021e+03,7.144587686762794192e+02
1.155567199945449829e+03,7.146627449663574225e+02
1.158825853109359741e+03,7.145353224916299268e+02
1.161889276027679443e+03,7.141375697377744700e+02
1.165199476003646851e+03,7.147637759759426217e+02
1.168439328432083130e+03,7.149519115746617217e+02
1.171481006860733032e+03,7.147167108564997307e+02
1.174739454984664917e+03,7.149682531616099368e+02
1.177976012468338013e+03,7.146456507727747294e+02
1.181044986009597778e+03,7.144396836570832647e+02
1.184308257579803467e+03,7.148619875879817300e+02
1.187608248472213745e+03,7.144947854568476941e+02
1.190930793285369873e+03,7.145608688087505698e+02
1.194239280700683594e+03,7.147688998195587828e+02
1.197587952375411987e+03,7.145851828590440391e+02
1.200716012477874756e+03,7.143570589391059684e+02
1.207799315452575684e+03,7.139155854950516868e+02
1.210961475372314453e+03,7.141936461422795901e+02
1.214111192464828491e+03,7.141259915040712940e+02
1.217257829427719116e+03,7.138591203681710340e+02
1.220339809179306030e+03,7.144108845285200005e+02
1.223683578014373779e+03,7.144703777480266353e+02
1.226985139846801758e+03,7.141669860693416467e+02
1.230153391361236572e+03,7.146348006522197238e+02
1.233482198953628540e+03,7.145537019119561819e+02
1.236867932319641113e+03,7.141268993895781705e+02
1.240253814458847046e+03,7.148285990353724628e+02
1.243650544881820679e+03,7.148324529374142458e+02
1.247013297319412231e+03,7.142627118869431797e+02
1.250371535301208496e+03,7.148304982281268849e+02
1.253560803651809692e+03,7.146674583508637397e+02
1.256912304401397705e+03,7.142077322253446710e+02
1.260302226066589355e+03,7.147606198146633005e+02
1.263715478181838989e+03,7.145729218321062035e+02
1.267140123605728149e+03,7.146293682344518174e+02
1.270369300127029419e+03,7.147677962451479061e+02
1.273799547672271729e+03,7.137956781363856180e+02
1.277269963264465332e+03,7.145569597550930894e+02
1.280526639223098755e+03,7.147358185477213510e+02
1.283938570022583008e+03,7.139259882879244969e+02
1.287283641099929810e+03,7.148879342417906173e+02
1.290743911504745483e+03,7.144509745459706664e+02
1.294010663270950317e+03,7.141612210217417669e+02
1.297428128004074097e+03,7.145604123147143127e+02
1.300890554666519165e+03,7.141826575462786195e+02
1.304178193807601929e+03,7.143388845256703235e+02
1.307483885765075684e+03,7.139044461563817094e+02
1.310740176439285278e+03,7.140411489503453595e+02
1.314198264598846436e+03,7.141606918896433172e+02
1.317512170553207397e+03,7.144484278257741607e+02
1.320803150415420532e+03,7.138585391204838970e+02
1.324319771289825439e+03,7.145374374966318101e+02
1.327831753492355347e+03,7.141887486367072597e+02
1.331174608707427979e+03,7.141108252960592608e+02
1.334704170942306519e+03,7.145176353548444013e+02
1.337989695787429810e+03,7.140737926886620244e+02
1.341512840986251831e+03,7.136872233589979260e+02
1.345024987459182739e+03,7.140731630367608886e+02
1.348332172155380249e+03,7.135605066914719146e+02
1.351914748668670654e+03,7.140588510323457285e+02
1.355479487657546997e+03,7.141003870256894288e+02
1.358828678607940674e+03,7.137727654624068236e+02
1.362413975477218628e+03,7.147378931904524961e+02
1.365991825103759766e+03,7.141950401237203323e+02
1.369553988456726074e+03,7.141003157252727078e+02
1.372959984540939331e+03,7.139180564981950283e+02
1.376338176488876343e+03,7.136402361266217440e+02
1.379966086387634277e+03,7.142874593070134779e+02
1.383569882154464722e+03,7.144742074062130541e+02
1.387183586835861206e+03,7.136341274728972621e+02
1.390602049589157104e+03,7.144942457088193351e+02
1.394034816741943359e+03,7.141109031158435982e+02
1.397673838615417480e+03,7.141303254654619650e+02
1.401113276720046997e+03,7.139689857641949402e+02
1.404543641567230225e+03,7.135807360762208873e+02
1.407964144706726074e+03,7.141219663952152814e+02
1.411564971685409546e+03,7.138203582384119272e+02
1.415175036191940308e+03,7.133278609893137627e+02
1.418651622533798218e+03,7.145926994190754158e+02
1.422320274353027344e+03,7.141721115628803318e+02
1.426001770973205566e+03,7.140565244124478568e+02
1.429463749170303345e+03,7.140784782804407769e+02
1.432954546928405762e+03,7.133944849592844548e+02
1.436445730686187744e+03,7.144582959854112687e+02
1.439970364332199097e+03,7.141559367178465436e+02
1.443685757398605347e+03,7.136241174886066574e+02
1.447410463094711304e+03,7.143590742472672446e+02
1.451163909673690796e+03,7.132421360030996311e+02
1.454667921304702759e+03,7.137788140852291008e+02
1.458393303871154785e+03,7.138384450634838458e+02
1.461930310726165771e+03,7.137547679341099638e+02
1.465461898803710938e+03,7.147771056592200694e+02
1.469030393838882446e+03,7.139690139423875053e+02
1.472785646200180054e+03,7.140053355216261934e+02
1.476569392442703247e+03,7.141765677141901278e+02
1.480105627536773682e+03,7.136831077225240278e+02
1.483699695825576782e+03,7.144901134600635260e+02
1.487486146688461304e+03,7.140646164408450431e+02
1.491051818370819092e+03,7.140622975277723299e+02
1.494644819736480713e+03,7.139422358880852926e+02
1.498435605764389038e+03,7.135622722694677122e+02
1.507014171361923218e+03,7.143166399667874202e+02
1.510608234167098999e+03,7.141244963790448992e+02
1.514389882087707520e+03,7.144014083593559690e+02
1.518211663246154785e+03,7.138157826504404966e+02
1.522043791770935059e+03,7.146495700326596534e+02
1.525699274778366089e+03,7.137032017284907397e+02
1.529544902563095093e+03,7.142968379161912935e+02
1.533204259395599365e+03,7.146254222850086535e+02
1.537051619052886963e+03,7.138425820630656062e+02
1.540687799692153931e+03,7.144219904552444405e+02
1.544338202476501465e+03,7.136781014766094131e+02
1.548269921541213989e+03,7.142247926604177337e+02
1.552139794826507568e+03,7.142491893916056824e+02
1.556030092239379883e+03,7.135394707131151790e+02
1.559916533708572388e+03,7.142328885871530701e+02
1.563555865764617920e+03,7.134901918301731030e+02
1.567253731966018677e+03,7.145297091662290541e+02
1.571173929452896118e+03,7.141085754283800497e+02
1.574915925979614258e+03,7.139016897561033375e+02
1.578804944276809692e+03,7.140882302627956051e+02
1.582559940338134766e+03,7.134918169870735483e+02
1.586544553041458130e+03,7.147730432882251534e+02
1.590281653165817261e+03,7.142999393048955881e+02
1.594225430488586426e+03,7.141665083201934294e+02
1.597995949745178223e+03,7.141793901811062142e+02
1.601749926805496216e+03,7.136798905406977838e+02
1.605524980783462524e+03,7.148758507310499226e+02
1.609464722394943237e+03,7.139571297100729907e+02
1.613433354377746582e+03,7.143470034818046770e+02
1.617384781122207642e+03,7.142991007787984472e+02
1.621409466743469238e+03,7.139633648963583710e+02
1.625402703046798706e+03,7.142107466332424792e+02
1.629358568429946899e+03,7.139737786099474306e+02
1.633373885631561279e+03,7.146510616119206816e+02
1.637401642322540283e+03,7.139899534145174584e+02
1.641437720060348511e+03,7.140540771495127501e+02
1.645492133617401123e+03,7.143301084234763039e+02
1.649544109106063843e+03,7.135473477938713813e+02
1.653566122770309448e+03,7.139021418633144549e+02
1.657615752220153809e+03,7.134942041377099713e+02
1.661703759431838989e+03,7.146436652563999132e+02
1.665719985008239746e+03,7.136504736203886523e+02
1.669799451112747192e+03,7.140639281756375567e+02
1.673626097679138184e+03,7.140822342798011277e+02
1.677688009738922119e+03,7.135476538126467858e+02
1.681780508995056152e+03,7.138890558096019276e+02
1.685855107784271240e+03,7.138318075071490512e+02
1.689935904741287231e+03,7.145262899307201678e+02
1.694009495019912720e+03,7.138534547973052895e+02
1.698140520095825195e+03,7.141451285490269356e+02
1.702266049146652222e+03,7.140627018320180923e+02
1.706352990627288818e+03,7.140020611672888435e+02
1.710468702316284180e+03,7.141843624039287306e+02
1.714331596136093140e+03,7.133556662324567696e+02
1.718299309730529785e+03,7.144477277942503406e+02
1.722474615573883057e+03,7.140962787473114304e+02
1.726584492444992065e+03,7.150298884295007156e+02
1.730727909803390503e+03,7.140761916696482103e+02
1.734703155517578125e+03,7.141845455211682747e+02
1.738910616636276245e+03,7.143094586278555198e+02
1.743089623928070068e+03,7.136622813249271076e+02
1.747268192291259766e+03,7.139039640851933655e+02
1.751431547164916992e+03,7.135149625972092053e+02
1.755441927671432495e+03,7.146072021652886406e+02
1.759621611595153809e+03,7.136331105355440059e+02
1.763823134660720825e+03,7.146848849295863602e+02
1.767780670881271362e+03,7.141088238211381167e+02
1.771906140804290771e+03,7.142925498293753890e+02
1.775924197196960449e+03,7.144388087598709944e+02
1.780201424121856689e+03,7.140211199059282308e+02
1.784423824548721313e+03,7.141886144298003956e+02
1.788719297409057617e+03,7.134924795744896073e+02
1.792974689483642578e+03,7.146350398400131780e+02
1.797230128765106201e+03,7.137266101872897934e+02
1.801472701311111450e+03,7.145460269962916300e+02
1.811167201280593872e+03,7.156194320812303431e+02
1.815246079921722412e+03,7.144946705496087134e+02
1.819497155904769897e+03,7.149048690805675506e+02
1.823785227775573730e+03,7.147660354197656716e+02
1.828003849029541016e+03,7.147240396096259474e+02
1.832076155900955200e+03,7.146154013557317057e+02
1.836348178625106812e+03,7.137901865612832353e+02
1.840651172637939453e+03,7.146026889412837590e+02
1.845001720428466797e+03,7.136615187738955228e+02
1.849353562116622925e+03,7.147185701575378971e+02
1.853676876783370972e+03,7.137234673616911778e+02
1.858013308525085449e+03,7.148306067461071507e+02
1.862142530918121338e+03,7.137491886044133480e+02
1.866502172231674194e+03,7.147888480577992141e+02
1.870834378004074097e+03,7.143283574417306454e+02
1.875147890567779541e+03,7.146056297824246712e+02
1.879530088424682617e+03,7.143590938959466712e+02
1.883739445209503174e+03,7.142751971090348206e+02
1.888083268404006958e+03,7.149802698609126992e+02
1.892275599479675293e+03,7.138766662781105197e+02
1.896654982089996338e+03,7.144206421421896493e+02
1.901064431428909302e+03,7.139132271411951933e+02
1.905280578613281250e+03,7.144958700235064271e+02
1.909508262872695923e+03,7.139632485952686238e+02
1.913935130834579468e+03,7.147334802209427380e+02
1.918313308954238892e+03,7.140214019451614149e+02
1.922748191356658936e+03,7.148259172567111364e+02
1.927220362663269043e+03,7.140092494426006624e+02
1.931640422582626343e+03,7.145631809910395305e+02
1.935924348115921021e+03,7.142583466758101167e+02
1.940348252534866333e+03,7.146934849357556914e+02
1.944829262256622314e+03,7.147201954454494626e+02
1.949121374607086182e+03,7.143962485959341393e+02
1.953601696491241455e+03,7.147157342292766771e+02
1.958125846147537231e+03,7.141328546699916160e+02
1.962609439373016357e+03,7.146169507784338748e+02
1.967100256443023682e+03,7.140331102886840426e+02
1.971563326120376587e+03,7.144971143409555907e+02
1.976074609518051147e+03,7.139347516181144329e+02
1.980543339252471924e+03,7.144762174711665921e+02
1.984847931385040283e+03,7.139554858366083181e+02
1.989380247592926025e+03,7.147429763654013186e+02
1.993915233135223389e+03,7.140337340095896934e+02
1.998504606246948242e+03,7.148504142644802641e+02
2.002866143226623535e+03,7.138942639482274899e+02
2.007153362035751343e+03,7.153217908532016054e+02
2.011679966926574707e+03,7.145607564143084574e+02
2.016075801849365234e+03,7.152164999761058652e+02
2.020650332689285278e+03,7.144392552844692545e+02
2.025245613098144531e+03,7.148654120627069233e+02
2.029832111358642578e+03,7.145549248972492933e+02
2.034407639980316162e+03,7.149016605154474746e+02
2.038814141750335693e+03,7.145827470875922245e+02
2.043450499773025513e+03,7.149660765852559052e+02
2.047873726606369019e+03,7.147637089814560341e+02
2.052485297203063965e+03,7.153958289134236566e+02
2.057058095216751099e+03,7.148092223494310247e+02
2.061513219833374023e+03,7.148903699715585844e+02
2.066124618291854858e+03,7.152341194898293679e+02
2.070539705991744995e+03,7.147744291512082100e+02
2.075210265636444092e+03,7.150327248213361599e+02
2.079904080390930176e+03,7.141803972560264810e+02
2.084563003540039062e+03,7.151657882562575423e+02
2.089224915981292725e+03,7.145010041734034303e+02
2.093909798622131348e+03,7.151452988860864934e+02
2.098645450115203857e+03,7.143060776111439054e+02
2.109631934881210327e+03,7.164026215025046440e+02
2.114374411344528198e+03,7.154255045764018632e+02
2.119047200202941895e+03,7.154587845015391849e+02
2.123751933574676514e+03,7.150563424458118789e+02
2.128244535207748413e+03,7.155191514806423356e+02
2.132907910585403442e+03,7.151440625686244630e+02
2.137621391534805298e+03,7.155293970110126338e+02
2.142168087005615234e+03,7.148700433735943989e+02
2.146719008207321167e+03,7.154181872744911743e+02
2.151440347671508789e+03,7.152737676841013581e+02
2.156190543889999390e+03,7.153312201721752217e+02
2.160961282014846802e+03,7.152503230051717082e+02
2.165508691072463989e+03,7.150803778109795985e+02
2.170086483001708984e+03,7.151250439447173903e+02
2.174635575771331787e+03,7.153824622340938504e+02
2.179380363225936890e+03,7.153382036320299449e+02
2.183955812215805054e+03,7.152436954333559243e+02
2.188743214130401611e+03,7.153996034203125873e+02
2.193508671522140503e+03,7.153475529257709695e+02
2.198333732128143311e+03,7.150960879522355071e+02
2.203141633749008179e+03,7.153960816798794440e+02
2.207937983751296997e+03,7.150722993457441135e+02
2.212595502614974976e+03,7.153006411950294705e+02
2.217393175363540649e+03,7.152109777877727765e+02
2.222017358779907227e+03,7.153863183666123859e+02
2.226802056312561035e+03,7.152365484471399668e+02
2.231480097770690918e+03,7.154053290615937613e+02
2.236088805675506592e+03,7.152444116235465117e+02
2.240941037416458130e+03,7.154974456858575422e+02
2.245772157192230225e+03,7.151354948750885114e+02
2.250696468353271484e+03,7.155892033778941368e+02
2.255518299341201782e+03,7.149778239281998822e+02
2.260210126638412476e+03,7.153138691885516209e+02
2.265132159471511841e+03,7.150300851707439733e+02
2.270010032176971436e+03,7.153663241793010457e+02
2.274930358648300171e+03,7.149792461493329938e+02
2.279633627891540527e+03,7.151692854006207654e+02
2.284384271383285522e+03,7.154106815953429077e+02
2.289105351924896240e+03,7.153248578164825631e+02
2.294061354160308838e+03,7.151987210525649061e+02
2.298835819959640503e+03,7.153084187580992648e+02
2.303784473657608032e+03,7.153745885825700270e+02
2.308715063333511353e+03,7.156642898027300816e+02
2.313463329553604126e+03,7.151026932079580547e+02
2.318254921197891235e+03,7.155694198145769178e+02
2.323025047302246094e+03,7.154894517859105463e+02
2.327807838678359985e+03,7.157643202039671451e+02
2.332797463417053223e+03,7.156637808430423320e+02
2.337751622200012207e+03,7.154466186366041711e+02
2.342723265409469604e+03,7.156049095545654382e+02
2.347795982360839844e+03,7.155084567616472668e+02
2.352805659532546997e+03,7.152617954475831539e+02
2.357661435365676880e+03,7.150898076394387317e+02
2.362510619640350342e+03,7.156673944061892598e+02
2.367522498130798340e+03,7.154355661520435206e+02
2.372359276533126831e+03,7.155011991127472584e+02
2.377437992811203003e+03,7.152110640857977160e+02
2.382535700082778931e+03,7.152370251770344112e+02
2.387612031221389771e+03,7.153705368607182891e+02
2.392466466188430786e+03,7.153147102329319296e+02
2.397561737298965454e+03,7.154343660278523203e+02
2.410020070314407349e+03,7.166066470663409973e+02
2.414969450712203979e+03,7.157073577568343126e+02
2.419915634870529175e+03,7.156172610039685651e+02
2.425054047346115112e+03,7.158418096029655544e+02
2.429980031490325928e+03,7.156278103769059271e+02
2.435132373809814453e+03,7.157038877287133118e+02
2.440258048772811890e+03,7.159362168134665581e+02
2.445407917261123657e+03,7.154845209054061570e+02
2.450370340108871460e+03,7.157551867603551727e+02
2.455578316926956177e+03,7.155102170934621881e+02
2.460581237554550171e+03,7.157323063428731302e+02
2.465760804414749146e+03,7.156533639232731048e+02
2.470758130550384521e+03,7.154493413966164326e+02
2.475943902492523193e+03,7.155899690719107866e+02
2.481175496339797974e+03,7.154910465406934463e+02
2.486212185382843018e+03,7.153785610956059600e+02
2.491371610403060913e+03,7.156150241609506111e+02
2.496399819135665894e+03,7.158875295618488508e+02
2.501447835922241211e+03,7.156147248648560435e+02
2.506743092536926270e+03,7.157901984795709041e+02
2.511955010890960693e+03,7.154141530600023771e+02
2.517011614322662354e+03,7.154550947316582779e+02
2.522291167497634888e+03,7.157974525501059588e+02
2.527526128768920898e+03,7.153829559375924418e+02
2.532595196485519409e+03,7.154116673760715912e+02
2.537872962474822998e+03,7.155048238310534998e+02
2.543177994728088379e+03,7.158047419639283362e+02
2.548440684080123901e+03,7.155277810573518309e+02
2.553513219356536865e+03,7.155488216907333481e+02
2.558600081682205200e+03,7.156801744295439676e+02
2.563944807052612305e+03,7.154450618455073254e+02
2.569319416046142578e+03,7.153845102015981183e+02
2.574487226247787476e+03,7.153765250380668022e+02
2.579781620740890503e+03,7.156344043944433224e+02
2.585089982271194458e+03,7.156940389958515425e+02
2.590470269918441772e+03,7.156703765640519350e+02
2.595624474048614502e+03,7.157557857115448314e+02
2.600810345411300659e+03,7.156581612378799946e+02
2.606225010156631470e+03,7.154783028756212389e+02
2.611561535596847534e+03,7.153482134292988803e+02
2.616722006320953369e+03,7.151071907866413540e+02
2.622109445571899414e+03,7.155289603508973642e+02
2.627344530820846558e+03,7.157371495340308911e+02
2.632709285497665405e+03,7.157709446963458504e+02
2.638135635137557983e+03,7.155091850283628219e+02
2.643371569633483887e+03,7.154592992296193188e+02
2.648601603031158447e+03,7.154815280383767231e+02
2.654040450572967529e+03,7.155908223950700631e+02
2.659275074481964111e+03,7.156120068194591113e+02
2.664779376268386841e+03,7.158827966908361304e+02
2.670262305259704590e+03,7.156679244442909749e+02
2.675761634111404419e+03,7.155483470838389621e+02
2.681251560211181641e+03,7.155312609396245307e+02
2.686797992706298828e+03,7.153395274925238709e+02
2.692052603960037231e+03,7.158526123978585929e+02
2.697330960750579834e+03,7.157042352002383723e+02
2.710809450149536133e+03,7.167075015664582907e+02
2.716345444679260254e+03,7.162738878478223796e+02
2.721842093706130981e+03,7.162971181430572187e+02
2.727049254417419434e+03,7.158337028124406061e+02
2.732549222707748413e+03,7.158352478876628311e+02
2.738097864627838135e+03,7.157983621250328952e+02
2.743623894929885864e+03,7.155298931585188029e+02
2.749175571918487549e+03,7.158476438542729738e+02
2.754696125984191895e+03,7.156678787912160260e+02
2.760245651721954346e+03,7.155511342137916699e+02
2.765822126865386963e+03,7.154773152577646442e+02
2.771391690969467163e+03,7.156326216177935748e+02
2.776809734106063843e+03,7.157161548443164065e+02
2.782190353155136108e+03,7.156987099026099486e+02
2.787566955089569092e+03,7.160480845366126914e+02
2.793175992012023926e+03,7.157543713649993151e+02
2.798783975362777710e+03,7.155440472867038579e+02
2.804373956203460693e+03,7.158158083110440657e+02
2.810017170667648315e+03,7.156801008813887393e+02
2.815638450384140015e+03,7.156963456435174749e+02
2.821283309459686279e+03,7.155217701116256421e+02
2.826990100622177124e+03,7.158396465620560321e+02
2.832689328670501709e+03,7.156210634054236834e+02
2.838324044227600098e+03,7.158261065155496681e+02
2.844033253669738770e+03,7.157669078410145858e+02
2.849732579231262207e+03,7.156974402100503312e+02
2.855388271808624268e+03,7.155340349547499272e+02
2.861125223875045776e+03,7.158300528880818092e+02
2.866862663507461548e+03,7.156872808289808745e+02
2.872370365619659424e+03,7.155645420699563601e+02
2.877924302577972412e+03,7.156864006605271697e+02
2.883683266878128052e+03,7.157175782676381459e+02
2.889449909210205078e+03,7.160067810683738116e+02
2.895209589719772339e+03,7.155020714976551517e+02
2.900994484186172485e+03,7.154760558889616959e+02
2.906744481563568115e+03,7.154017197978615741e+02
2.912305983781814575e+03,7.157883667231138816e+02
2.918070190906524658e+03,7.160773808466192349e+02
2.923864875078201294e+03,7.157535642982993522e+02
2.929435720205307007e+03,7.155461493618250870e+02
2.935255047321319580e+03,7.156558393901948421e+02
2.941072099208831787e+03,7.156296278120339593e+02
2.946693888664245605e+03,7.159730953180055621e+02
2.952486147880554199e+03,7.159523554673139643e+02
2.958269767761230469e+03,7.159401178635839642e+02
2.963949393033981323e+03,7.160872160708078127e+02
2.969847245454788208e+03,7.158179191962195773e+02
2.975537648677825928e+03,7.158132943280728568e+02
2.981364588975906372e+03,7.156947213012357452e+02
2.987064468145370483e+03,7.158947605438122537e+02
2.992949507236480713e+03,7.161135717565189225e+02
2.998799810886383057e+03,7.160715610164352256e+02
3.013585679054260254e+03,7.164161326593402919e+02
3.019500773668289185e+03,7.164625438847014038e+02
3.025440332174301147e+03,7.162444743698624734e+02
3.031206051111221313e+03,7.160245304761970147e+02
3.037101659536361694e+03,7.157003479585580408e+02
3.043080030441284180e+03,7.160332053588923600e+02
3.049021193027496338e+03,7.162160226229017326e+02
3.054953519821166992e+03,7.158551015565949456e+02
3.060734829425811768e+03,7.158298299762434453e+02
3.066534696340560913e+03,7.162470929674647095e+02
3.072317853450775146e+03,7.161119641326156398e+02
3.078324798822402954e+03,7.160390925741889987e+02
3.084324973106384277e+03,7.156547911962649096e+02
3.090334341526031494e+03,7.158452447743104585e+02
3.096390466928482056e+03,7.159669448431748151e+02
3.102187602281570435e+03,7.154474987810142466e+02
3.108043749332427979e+03,7.158154129617335002e+02
3.114066478252410889e+03,7.162464565816021604e+02
3.119893372535705566e+03,7.158690099238054927e+02
3.125922074556350708e+03,7.159156907146124240e+02
3.131775122165679932e+03,7.159822664949822411e+02
3.137656043767929077e+03,7.160272703317917831e+02
3.143703272819519043e+03,7.161712363409850468e+02
3.149784093379974365e+03,7.157227880117845871e+02
3.155874765157699585e+03,7.157582235116761922e+02
3.161796655893325806e+03,7.159205811235306101e+02
3.167676969289779663e+03,7.158632612348444582e+02
3.173559414148330688e+03,7.161401595068181223e+02
3.179671090602874756e+03,7.163598867853378351e+02
3.185783241271972656e+03,7.160685367627648930e+02
3.191935604810714722e+03,7.158049001870845132e+02
3.197994353294372559e+03,7.166189792032197374e+02
3.203937780141830444e+03,7.157954013609061121e+02
3.209921989679336548e+03,7.159147235328700845e+02
3.216115907430648804e+03,7.161777011604465315e+02
3.222350099086761475e+03,7.159596630345338326e+02
3.228359984159469604e+03,7.157318444369570898e+02
3.234561512708663940e+03,7.164869872783023084e+02
3.240767747879028320e+03,7.162257251087017949e+02
3.247021731853485107e+03,7.158142096701143373e+02
3.253259760141372681e+03,7.161635577947101865e+02
3.259495509386062622e+03,7.163587261242702198e+02
3.265760108470916748e+03,7.157876131004646822e+02
3.272012501001358032e+03,7.161889386911381052e+02
3.278251236677169800e+03,7.162963842658260774e+02
3.284318171501159668e+03,7.159031570930292219e+02
3.290574597597122192e+03,7.164266522047013268e+02
3.296850067615509033e+03,7.162970671746705875e+02
3.312574430942535400e+03,7.164482678963097442e+02
3.318659923315048218e+03,7.167628558964228205e+02
3.324960272550582886e+03,7.165515862355880472e+02
3.331058276891708374e+03,7.159776212725006417e+02
3.337342084884643555e+03,7.164605638954104734e+02
3.343464517354965210e+03,7.163134595689941762e+02
3.349825831651687622e+03,7.158657863648979855e+02
3.355989296197891235e+03,7.163888540802655598e+02
3.362122245073318481e+03,7.163128952787358230e+02
3.368522230148315430e+03,7.161557456337329768e+02
3.374854393720626831e+03,7.163171871419677927e+02
3.381024345636367798e+03,7.159850920178973865e+02
3.387296827793121338e+03,7.160056145188639221e+02
3.393456330299377441e+03,7.164037366759023371e+02
3.399600122928619385e+03,7.164041744896212549e+02
3.405782420635223389e+03,7.162528780020453496e+02
3.411948541402816772e+03,7.164367131913907087e+02
3.418147199392318726e+03,7.160452273905419815e+02
3.424565480947494507e+03,7.161566772846693993e+02
3.430812073230743408e+03,7.163296110081581674e+02
3.437279864549636841e+03,7.162014661223835219e+02
3.443760329723358154e+03,7.159771012021924435e+02
3.450261853933334351e+03,7.163049696095802119e+02
3.456525777816772461e+03,7.162232184507298598e+02
3.463011695623397827e+03,7.163155095718320808e+02
3.469466074705123901e+03,7.163488392554296524e+02
3.505292104482650757e+03,7.171758042973324336e+02
3.511795814037322998e+03,7.166493108247061627e+02
3.518370484352111816e+03,7.162592304813563260e+02
3.524886154651641846e+03,7.162614015556512186e+02
3.531195709943771362e+03,7.159217057644741544e+02
3.537749465703964233e+03,7.161559051166910876e+02
3.544120832681655884e+03,7.164723438884462894e+02
3.550412327289581299e+03,7.165735382190208611e+02
3.556946122646331787e+03,7.164750001126717507e+02
3.563290324687957764e+03,7.164880462455855650e+02
3.569688257217407227e+03,7.165275015015256486e+02
3.576101585626602173e+03,7.164228871623281520e+02
3.582720278739929199e+03,7.165888811019099194e+02
3.589129828214645386e+03,7.159806969646402877e+02
3.595744382619857788e+03,7.163734568139062731e+02
