4.196870000000000000e+05
2.997550000000000000e+05
1.052080000000000000e+05
4.577900000000000000e+04
4.890200000000000000e+04
4.234400000000000000e+04
6.747100000000000000e+04
1.303120000000000000e+05
2.747490000000000000e+05
4.674080000000000000e+05
4.284520000000000000e+05
1.848940000000000000e+05
5.740100000000000000e+04
5.293400000000000000e+04
3.588200000000000000e+04
5.485100000000000000e+04
9.180600000000000000e+04
1.857260000000000000e+05
4.156690000000000000e+05
5.207070000000000000e+05
3.173120000000000000e+05
1.000310000000000000e+05
3.971600000000000000e+04
2.989300000000000000e+04
3.851700000000000000e+04
5.619400000000000000e+04
1.105900000000000000e+05
2.400630000000000000e+05
3.187430000000000000e+05
2.485910000000000000e+05
1.206630000000000000e+05
4.389000000000000000e+04
2.638200000000000000e+04
2.816100000000000000e+04
3.505900000000000000e+04
6.509500000000000000e+04
1.491880000000000000e+05
3.070200000000000000e+05
4.058980000000000000e+05
2.933470000000000000e+05
1.095940000000000000e+05
4.684000000000000000e+04
3.738700000000000000e+04
3.265600000000000000e+04
4.586100000000000000e+04
6.866700000000000000e+04
1.719890000000000000e+05
2.850260000000000000e+05
2.352670000000000000e+05
1.215840000000000000e+05
6.666200000000000000e+04
3.598800000000000000e+04
5.398400000000000000e+04
6.666000000000000000e+04
7.383100000000000000e+04
1.636910000000000000e+05
1.867510000000000000e+05
1.667160000000000000e+05
3.153060000000000000e+05
3.917590000000000000e+05
2.049030000000000000e+05
6.906300000000000000e+04
5.799100000000000000e+04
3.773800000000000000e+04
5.694400000000000000e+04
1.410100000000000000e+05
2.932710000000000000e+05
4.170710000000000000e+05
3.063950000000000000e+05
1.056570000000000000e+05
5.415100000000000000e+04
4.252100000000000000e+04
3.207200000000000000e+04
5.920500000000000000e+04
9.376700000000000000e+04
2.632660000000000000e+05
4.842140000000000000e+05
4.153820000000000000e+05
1.634510000000000000e+05
4.748500000000000000e+04
3.337300000000000000e+04
2.933400000000000000e+04
4.462200000000000000e+04
7.343600000000000000e+04
1.682490000000000000e+05
3.575490000000000000e+05
4.427030000000000000e+05
2.902030000000000000e+05
9.655800000000000000e+04
4.088600000000000000e+04
3.701300000000000000e+04
3.898500000000000000e+04
5.619300000000000000e+04
1.008900000000000000e+05
2.322020000000000000e+05
3.441740000000000000e+05
2.759950000000000000e+05
1.319910000000000000e+05
5.161200000000000000e+04
3.172900000000000000e+04
3.592400000000000000e+04
4.540300000000000000e+04
6.755300000000000000e+04
1.642210000000000000e+05
2.914480000000000000e+05
3.121480000000000000e+05
2.112700000000000000e+05
1.016270000000000000e+05
4.520600000000000000e+04
3.404600000000000000e+04
4.789500000000000000e+04
5.585800000000000000e+04
9.143500000000000000e+04
1.894960000000000000e+05
2.380360000000000000e+05
1.692660000000000000e+05
9.958800000000000000e+04
5.963700000000000000e+04
3.330300000000000000e+04
3.409000000000000000e+04
4.036300000000000000e+04
5.573000000000000000e+04
1.369970000000000000e+05
3.027410000000000000e+05
4.408680000000000000e+05
3.756890000000000000e+05
1.654640000000000000e+05
5.655000000000000000e+04
4.181600000000000000e+04
2.956000000000000000e+04
4.429800000000000000e+04
8.212300000000000000e+04
1.893920000000000000e+05
3.766670000000000000e+05
4.379720000000000000e+05
2.787310000000000000e+05
9.998800000000000000e+04
4.250400000000000000e+04
3.631600000000000000e+04
3.298600000000000000e+04
5.975900000000000000e+04
1.165880000000000000e+05
2.548810000000000000e+05
4.152400000000000000e+05
3.806560000000000000e+05
1.815370000000000000e+05
5.851300000000000000e+04
3.239500000000000000e+04
3.164800000000000000e+04
3.194500000000000000e+04
5.269400000000000000e+04
1.053940000000000000e+05
1.292110000000000000e+05
1.673260000000000000e+05
2.699270000000000000e+05
2.620510000000000000e+05
1.121670000000000000e+05
4.217800000000000000e+04
4.263400000000000000e+04
4.130200000000000000e+04
1.005790000000000000e+05
1.938860000000000000e+05
2.370230000000000000e+05
1.905240000000000000e+05
1.165220000000000000e+05
6.310500000000000000e+04
3.118900000000000000e+04
3.636900000000000000e+04
4.385500000000000000e+04
5.737500000000000000e+04
1.369820000000000000e+05
2.156600000000000000e+05
2.216030000000000000e+05
1.721420000000000000e+05
1.007090000000000000e+05
4.547300000000000000e+04
2.708600000000000000e+04
3.317000000000000000e+04
3.928700000000000000e+04
7.425200000000000000e+04
1.736720000000000000e+05
2.067740000000000000e+05
1.398410000000000000e+05
1.102990000000000000e+05
8.730600000000000000e+04
3.698600000000000000e+04
3.038300000000000000e+04
3.423400000000000000e+04
4.430900000000000000e+04
9.953000000000000000e+04
2.551440000000000000e+05
4.584300000000000000e+05
4.328370000000000000e+05
1.910120000000000000e+05
5.763000000000000000e+04
4.181200000000000000e+04
2.930700000000000000e+04
5.051600000000000000e+04
7.867900000000000000e+04
1.965920000000000000e+05
4.579710000000000000e+05
5.887160000000000000e+05
3.829890000000000000e+05
1.255090000000000000e+05
4.729300000000000000e+04
3.691600000000000000e+04
2.922000000000000000e+04
5.019000000000000000e+04
8.598600000000000000e+04
2.364850000000000000e+05
4.606060000000000000e+05
4.509410000000000000e+05
2.114800000000000000e+05
5.941100000000000000e+04
4.121100000000000000e+04
2.939800000000000000e+04
3.419400000000000000e+04
6.083000000000000000e+04
1.376450000000000000e+05
3.258240000000000000e+05
4.434780000000000000e+05
3.112150000000000000e+05
1.176210000000000000e+05
4.663100000000000000e+04
3.317400000000000000e+04
2.757400000000000000e+04
4.332000000000000000e+04
9.164300000000000000e+04
2.119470000000000000e+05
3.736070000000000000e+05
3.819650000000000000e+05
2.040810000000000000e+05
6.714000000000000000e+04
3.503000000000000000e+04
2.957400000000000000e+04
3.438800000000000000e+04
6.018200000000000000e+04
1.369470000000000000e+05
2.672750000000000000e+05
3.510540000000000000e+05
2.778660000000000000e+05
1.204610000000000000e+05
4.505700000000000000e+04
3.354400000000000000e+04
2.809900000000000000e+04
3.428500000000000000e+04
5.800800000000000000e+04
9.890900000000000000e+04
1.329450000000000000e+05
2.184960000000000000e+05
3.311490000000000000e+05
2.617510000000000000e+05
9.023100000000000000e+04
4.223900000000000000e+04
3.649500000000000000e+04
4.152400000000000000e+04
9.952300000000000000e+04
2.709670000000000000e+05
5.531850000000000000e+05
5.336680000000000000e+05
2.137570000000000000e+05
6.769100000000000000e+04
5.439800000000000000e+04
3.017600000000000000e+04
4.416400000000000000e+04
6.447200000000000000e+04
1.753700000000000000e+05
4.180460000000000000e+05
5.503210000000000000e+05
3.776640000000000000e+05
1.247290000000000000e+05
5.062000000000000000e+04
3.912500000000000000e+04
3.180400000000000000e+04
6.087200000000000000e+04
1.077290000000000000e+05
3.052870000000000000e+05
5.322530000000000000e+05
4.742130000000000000e+05
2.256700000000000000e+05
6.584900000000000000e+04
4.250100000000000000e+04
3.192000000000000000e+04
3.675800000000000000e+04
6.725100000000000000e+04
1.358490000000000000e+05
3.286150000000000000e+05
4.402220000000000000e+05
2.913780000000000000e+05
1.086120000000000000e+05
3.739300000000000000e+04
2.906100000000000000e+04
2.630600000000000000e+04
5.350500000000000000e+04
1.061040000000000000e+05
2.355920000000000000e+05
4.562020000000000000e+05
4.438430000000000000e+05
2.040010000000000000e+05
6.471500000000000000e+04
3.334300000000000000e+04
2.713300000000000000e+04
2.798500000000000000e+04
5.915900000000000000e+04
1.178810000000000000e+05
2.536130000000000000e+05
3.868060000000000000e+05
2.668000000000000000e+05
9.776200000000000000e+04
4.456600000000000000e+04
2.365600000000000000e+04
2.400300000000000000e+04
2.776700000000000000e+04
6.367400000000000000e+04
1.540550000000000000e+05
5.011430000000000000e+05
7.830110000000000000e+05
4.863190000000000000e+05
1.383210000000000000e+05
6.827000000000000000e+04
3.622900000000000000e+04
2.484800000000000000e+04
3.038200000000000000e+04
6.312500000000000000e+04
2.021220000000000000e+05
4.898790000000000000e+05
5.876270000000000000e+05
3.019590000000000000e+05
9.435600000000000000e+04
6.227400000000000000e+04
3.418300000000000000e+04
3.925700000000000000e+04
4.662900000000000000e+04
1.356370000000000000e+05
3.618370000000000000e+05
6.353900000000000000e+05
5.781760000000000000e+05
2.294680000000000000e+05
1.037750000000000000e+05
8.005200000000000000e+04
4.805200000000000000e+04
6.799500000000000000e+04
1.014950000000000000e+05
2.219580000000000000e+05
1.745260000000000000e+05
1.488330000000000000e+05
3.085510000000000000e+05
2.115640000000000000e+05
6.685200000000000000e+04
5.289200000000000000e+04
3.566100000000000000e+04
6.844100000000000000e+04
1.384540000000000000e+05
3.782380000000000000e+05
6.378830000000000000e+05
4.824090000000000000e+05
1.578940000000000000e+05
5.591200000000000000e+04
4.028100000000000000e+04
2.487100000000000000e+04
3.766200000000000000e+04
6.202900000000000000e+04
1.721490000000000000e+05
3.776510000000000000e+05
4.591330000000000000e+05
2.751710000000000000e+05
8.596400000000000000e+04
4.674200000000000000e+04
2.992400000000000000e+04
3.321100000000000000e+04
5.805800000000000000e+04
1.376660000000000000e+05
3.511980000000000000e+05
5.876810000000000000e+05
5.122030000000000000e+05
1.999170000000000000e+05
5.834700000000000000e+04
3.550000000000000000e+04
2.283700000000000000e+04
3.237100000000000000e+04
6.597300000000000000e+04
1.763940000000000000e+05
4.418040000000000000e+05
6.809790000000000000e+05
4.727770000000000000e+05
1.368690000000000000e+05
6.700000000000000000e+04
4.112500000000000000e+04
2.929500000000000000e+04
3.799200000000000000e+04
7.858100000000000000e+04
2.418860000000000000e+05
5.238710000000000000e+05
6.030870000000000000e+05
2.910470000000000000e+05
8.188200000000000000e+04
5.933600000000000000e+04
3.064400000000000000e+04
4.337400000000000000e+04
6.104700000000000000e+04
1.656990000000000000e+05
4.132950000000000000e+05
6.300050000000000000e+05
4.955440000000000000e+05
1.694310000000000000e+05
6.377000000000000000e+04
4.657600000000000000e+04
3.115400000000000000e+04
4.955800000000000000e+04
9.084000000000000000e+04
2.449980000000000000e+05
4.284570000000000000e+05
4.233840000000000000e+05
2.316660000000000000e+05
7.695700000000000000e+04
4.756500000000000000e+04
3.817500000000000000e+04
3.195700000000000000e+04
6.265600000000000000e+04
1.430630000000000000e+05
3.480490000000000000e+05
4.570150000000000000e+05
3.389150000000000000e+05
1.639460000000000000e+05
6.208000000000000000e+04
4.701000000000000000e+04
3.533100000000000000e+04
4.649900000000000000e+04
7.802700000000000000e+04
1.797680000000000000e+05
3.189230000000000000e+05
2.964010000000000000e+05
1.946670000000000000e+05
8.816500000000000000e+04
3.974100000000000000e+04
4.008400000000000000e+04
3.301400000000000000e+04
6.044800000000000000e+04
9.862600000000000000e+04
1.280120000000000000e+05
1.164820000000000000e+05
2.472110000000000000e+05
3.930020000000000000e+05
2.004080000000000000e+05
7.270700000000000000e+04
5.926500000000000000e+04
3.543200000000000000e+04
5.733800000000000000e+04
1.422690000000000000e+05
4.349040000000000000e+05
6.433970000000000000e+05
4.387040000000000000e+05
1.324320000000000000e+05
6.558400000000000000e+04
4.480800000000000000e+04
3.230400000000000000e+04
3.991700000000000000e+04
7.872800000000000000e+04
2.408760000000000000e+05
4.988590000000000000e+05
6.514850000000000000e+05
3.744110000000000000e+05
1.068910000000000000e+05
8.227600000000000000e+04
4.034300000000000000e+04
4.716900000000000000e+04
5.989500000000000000e+04
1.752640000000000000e+05
4.034460000000000000e+05
6.459040000000000000e+05
5.394010000000000000e+05
1.833200000000000000e+05
7.672900000000000000e+04
5.338800000000000000e+04
2.915900000000000000e+04
3.724200000000000000e+04
8.212800000000000000e+04
2.120030000000000000e+05
4.495240000000000000e+05
5.417930000000000000e+05
2.955880000000000000e+05
9.217800000000000000e+04
5.644800000000000000e+04
4.599500000000000000e+04
3.750000000000000000e+04
7.191000000000000000e+04
1.426590000000000000e+05
3.740770000000000000e+05
5.464140000000000000e+05
3.873720000000000000e+05
1.710870000000000000e+05
6.059200000000000000e+04
5.402600000000000000e+04
3.754100000000000000e+04
4.824900000000000000e+04
7.922400000000000000e+04
2.050200000000000000e+05
4.013010000000000000e+05
3.651490000000000000e+05
2.443180000000000000e+05
1.055800000000000000e+05
4.732500000000000000e+04
4.295100000000000000e+04
3.436900000000000000e+04
5.123700000000000000e+04
1.109150000000000000e+05
3.261620000000000000e+05
5.966080000000000000e+05
6.145210000000000000e+05
2.748840000000000000e+05
8.791100000000000000e+04
7.072300000000000000e+04
3.235300000000000000e+04
3.574500000000000000e+04
4.524600000000000000e+04
1.211500000000000000e+05
3.015090000000000000e+05
6.008190000000000000e+05
5.070310000000000000e+05
1.658060000000000000e+05
8.539600000000000000e+04
4.896400000000000000e+04
3.212600000000000000e+04
3.489200000000000000e+04
7.796000000000000000e+04
2.163920000000000000e+05
5.256690000000000000e+05
7.133760000000000000e+05
4.006980000000000000e+05
1.111100000000000000e+05
8.313200000000000000e+04
4.573800000000000000e+04
4.472300000000000000e+04
7.189200000000000000e+04
1.311440000000000000e+05
1.832860000000000000e+05
1.246470000000000000e+05
2.568080000000000000e+05
3.184020000000000000e+05
1.237990000000000000e+05
7.027400000000000000e+04
4.403200000000000000e+04
4.998200000000000000e+04
7.288300000000000000e+04
1.843850000000000000e+05
3.493970000000000000e+05
3.350020000000000000e+05
2.212990000000000000e+05
8.452800000000000000e+04
4.254700000000000000e+04
3.791900000000000000e+04
3.477000000000000000e+04
5.966900000000000000e+04
1.251560000000000000e+05
3.251600000000000000e+05
4.861300000000000000e+05
3.865900000000000000e+05
1.754140000000000000e+05
5.658900000000000000e+04
4.255700000000000000e+04
3.279900000000000000e+04
4.821800000000000000e+04
7.394700000000000000e+04
1.846260000000000000e+05
3.613850000000000000e+05
3.768360000000000000e+05
2.495860000000000000e+05
9.025700000000000000e+04
3.729100000000000000e+04
2.726100000000000000e+04
2.239000000000000000e+04
2.726900000000000000e+04
5.721000000000000000e+04
1.860270000000000000e+05
5.507870000000000000e+05
7.695040000000000000e+05
4.494780000000000000e+05
1.642740000000000000e+05
1.049730000000000000e+05
5.192600000000000000e+04
4.112000000000000000e+04
3.472200000000000000e+04
7.768800000000000000e+04
2.239220000000000000e+05
5.896490000000000000e+05
6.077690000000000000e+05
2.483670000000000000e+05
1.291380000000000000e+05
7.646300000000000000e+04
5.163600000000000000e+04
3.843100000000000000e+04
6.147100000000000000e+04
1.533450000000000000e+05
4.940500000000000000e+05
8.349890000000000000e+05
5.111230000000000000e+05
1.583760000000000000e+05
9.493100000000000000e+04
4.268700000000000000e+04
4.554300000000000000e+04
4.666300000000000000e+04
1.177300000000000000e+05
2.950610000000000000e+05
6.109630000000000000e+05
5.912230000000000000e+05
2.165870000000000000e+05
7.653100000000000000e+04
4.673600000000000000e+04
3.238100000000000000e+04
4.074300000000000000e+04
6.561100000000000000e+04
1.714440000000000000e+05
3.676040000000000000e+05
5.322200000000000000e+05
3.342910000000000000e+05
9.081400000000000000e+04
5.077100000000000000e+04
3.086300000000000000e+04
3.571200000000000000e+04
5.238200000000000000e+04
1.178680000000000000e+05
2.832780000000000000e+05
5.071370000000000000e+05
4.837850000000000000e+05
2.152980000000000000e+05
6.278700000000000000e+04
5.205700000000000000e+04
3.461000000000000000e+04
5.163900000000000000e+04
7.002700000000000000e+04
1.176070000000000000e+05
1.369350000000000000e+05
1.030400000000000000e+05
2.067950000000000000e+05
1.725260000000000000e+05
5.716400000000000000e+04
3.185500000000000000e+04
2.194400000000000000e+04
3.009400000000000000e+04
4.838500000000000000e+04
1.516950000000000000e+05
3.976720000000000000e+05
5.620780000000000000e+05
3.116090000000000000e+05
1.054450000000000000e+05
7.665000000000000000e+04
3.836100000000000000e+04
4.513700000000000000e+04
4.919200000000000000e+04
1.329460000000000000e+05
3.141050000000000000e+05
5.943710000000000000e+05
5.139360000000000000e+05
1.718530000000000000e+05
7.227700000000000000e+04
3.792600000000000000e+04
2.911400000000000000e+04
2.893400000000000000e+04
5.618200000000000000e+04
1.614500000000000000e+05
4.702960000000000000e+05
6.995110000000000000e+05
3.914780000000000000e+05
1.139950000000000000e+05
7.670800000000000000e+04
3.614200000000000000e+04
3.638200000000000000e+04
5.092900000000000000e+04
1.300040000000000000e+05
2.911530000000000000e+05
4.358260000000000000e+05
3.658290000000000000e+05
1.600840000000000000e+05
5.449000000000000000e+04
5.415000000000000000e+04
3.774400000000000000e+04
4.899800000000000000e+04
7.745500000000000000e+04
1.835750000000000000e+05
3.323180000000000000e+05
3.121850000000000000e+05
2.063390000000000000e+05
8.643200000000000000e+04
4.784500000000000000e+04
4.493700000000000000e+04
3.365600000000000000e+04
5.503200000000000000e+04
8.792900000000000000e+04
2.095120000000000000e+05
2.387280000000000000e+05
1.971300000000000000e+05
1.564300000000000000e+05
6.266000000000000000e+04
5.188100000000000000e+04
3.971700000000000000e+04
4.620900000000000000e+04
7.257300000000000000e+04
1.639820000000000000e+05
3.562410000000000000e+05
4.494280000000000000e+05
3.294830000000000000e+05
1.129370000000000000e+05
5.805300000000000000e+04
4.186100000000000000e+04
3.156600000000000000e+04
4.299300000000000000e+04
8.760400000000000000e+04
2.145910000000000000e+05
3.921210000000000000e+05
4.463930000000000000e+05
2.197430000000000000e+05
6.099100000000000000e+04
4.416100000000000000e+04
3.309000000000000000e+04
4.436600000000000000e+04
6.839400000000000000e+04
1.449430000000000000e+05
3.072990000000000000e+05
3.836240000000000000e+05
2.894070000000000000e+05
1.194930000000000000e+05
4.308400000000000000e+04
3.986600000000000000e+04
2.374300000000000000e+04
3.062400000000000000e+04
4.050100000000000000e+04
7.128500000000000000e+04
1.075810000000000000e+05
1.570480000000000000e+05
1.575120000000000000e+05
7.559200000000000000e+04
2.771100000000000000e+04
2.697700000000000000e+04
2.516500000000000000e+04
3.821300000000000000e+04
7.072800000000000000e+04
1.503380000000000000e+05
1.624960000000000000e+05
1.329140000000000000e+05
1.297810000000000000e+05
5.838800000000000000e+04
6.327400000000000000e+04
4.636600000000000000e+04
5.748500000000000000e+04
7.360500000000000000e+04
1.386660000000000000e+05
2.055270000000000000e+05
1.350060000000000000e+05
1.604330000000000000e+05
1.063040000000000000e+05
5.287000000000000000e+04
4.918900000000000000e+04
3.266000000000000000e+04
4.824800000000000000e+04
6.230600000000000000e+04
1.382830000000000000e+05
1.297600000000000000e+05
1.282460000000000000e+05
1.492060000000000000e+05
6.586300000000000000e+04
5.437100000000000000e+04
4.398600000000000000e+04
4.945200000000000000e+04
7.560100000000000000e+04
1.466100000000000000e+05
2.900860000000000000e+05
2.929190000000000000e+05
2.108860000000000000e+05
9.154400000000000000e+04
4.494700000000000000e+04
4.207500000000000000e+04
3.407600000000000000e+04
5.505400000000000000e+04
8.545900000000000000e+04
2.013600000000000000e+05
2.887820000000000000e+05
2.809400000000000000e+05
1.709470000000000000e+05
5.596900000000000000e+04
4.118400000000000000e+04
3.564200000000000000e+04
4.096400000000000000e+04
6.558000000000000000e+04
1.165420000000000000e+05
2.420950000000000000e+05
2.614710000000000000e+05
1.950380000000000000e+05
1.125970000000000000e+05
4.384500000000000000e+04
5.081600000000000000e+04
3.589500000000000000e+04
5.742400000000000000e+04
7.060100000000000000e+04
1.509720000000000000e+05
1.876540000000000000e+05
1.492230000000000000e+05
1.541790000000000000e+05
7.498000000000000000e+04
4.919300000000000000e+04
4.734200000000000000e+04
3.414200000000000000e+04
5.164200000000000000e+04
6.952200000000000000e+04
1.358980000000000000e+05
1.218980000000000000e+05
1.322390000000000000e+05
1.448860000000000000e+05
6.280700000000000000e+04
6.619400000000000000e+04
4.234300000000000000e+04
5.062400000000000000e+04
4.878000000000000000e+04
7.667400000000000000e+04
9.456700000000000000e+04
9.183200000000000000e+04
1.720200000000000000e+05
1.146540000000000000e+05
4.490900000000000000e+04
3.472400000000000000e+04
1.901100000000000000e+04
2.217700000000000000e+04
3.397300000000000000e+04
6.380500000000000000e+04
1.116550000000000000e+05
1.296890000000000000e+05
8.794000000000000000e+04
3.572200000000000000e+04
1.792200000000000000e+04
2.187900000000000000e+04
2.387000000000000000e+04
3.849600000000000000e+04
8.704700000000000000e+04
2.193930000000000000e+05
3.449020000000000000e+05
2.460040000000000000e+05
8.464800000000000000e+04
4.043700000000000000e+04
4.164000000000000000e+04
3.458700000000000000e+04
4.958900000000000000e+04
7.818600000000000000e+04
1.947480000000000000e+05
3.294920000000000000e+05
3.562660000000000000e+05
2.090510000000000000e+05
6.295500000000000000e+04
4.446600000000000000e+04
3.079100000000000000e+04
3.396600000000000000e+04
5.004700000000000000e+04
1.075650000000000000e+05
2.232230000000000000e+05
3.110930000000000000e+05
2.557280000000000000e+05
1.112800000000000000e+05
4.333900000000000000e+04
5.100400000000000000e+04
3.562400000000000000e+04
5.186900000000000000e+04
7.375900000000000000e+04
1.531950000000000000e+05
2.412720000000000000e+05
2.090860000000000000e+05
1.607140000000000000e+05
7.132100000000000000e+04
4.325300000000000000e+04
3.807300000000000000e+04
3.262700000000000000e+04
4.940200000000000000e+04
7.459200000000000000e+04
1.638800000000000000e+05
2.529170000000000000e+05
2.789160000000000000e+05
1.685040000000000000e+05
6.006800000000000000e+04
5.041200000000000000e+04
3.218600000000000000e+04
4.254800000000000000e+04
5.344600000000000000e+04
1.088700000000000000e+05
1.859840000000000000e+05
1.543580000000000000e+05
1.351550000000000000e+05
7.895000000000000000e+04
4.026100000000000000e+04
4.448300000000000000e+04
3.307100000000000000e+04
5.363800000000000000e+04
8.196600000000000000e+04
2.047910000000000000e+05
3.286740000000000000e+05
3.298490000000000000e+05
1.852910000000000000e+05
5.797500000000000000e+04
4.356300000000000000e+04
2.978600000000000000e+04
3.717700000000000000e+04
5.545300000000000000e+04
1.323100000000000000e+05
2.716990000000000000e+05
3.940900000000000000e+05
3.087730000000000000e+05
1.065420000000000000e+05
4.608600000000000000e+04
3.816000000000000000e+04
3.330700000000000000e+04
5.021000000000000000e+04
7.798000000000000000e+04
1.547460000000000000e+05
2.436080000000000000e+05
2.511180000000000000e+05
1.513740000000000000e+05
4.955400000000000000e+04
2.906800000000000000e+04
2.006600000000000000e+04
1.956000000000000000e+04
2.422700000000000000e+04
3.590000000000000000e+04
5.773600000000000000e+04
8.305100000000000000e+04
1.238220000000000000e+05
9.918400000000000000e+04
3.660400000000000000e+04
2.399700000000000000e+04
2.640700000000000000e+04
3.181400000000000000e+04
4.985000000000000000e+04
9.609100000000000000e+04
1.604120000000000000e+05
1.755020000000000000e+05
1.389180000000000000e+05
6.384500000000000000e+04
3.970400000000000000e+04
3.825600000000000000e+04
3.059000000000000000e+04
4.811500000000000000e+04
6.094100000000000000e+04
1.196310000000000000e+05
1.029490000000000000e+05
1.540830000000000000e+05
1.933380000000000000e+05
8.450000000000000000e+04
6.423200000000000000e+04
4.205600000000000000e+04
4.727700000000000000e+04
5.665800000000000000e+04
1.012840000000000000e+05
1.782120000000000000e+05
1.488600000000000000e+05
1.436240000000000000e+05
8.356900000000000000e+04
3.929300000000000000e+04
3.393300000000000000e+04
2.467600000000000000e+04
3.564800000000000000e+04
5.559900000000000000e+04
1.343040000000000000e+05
2.891450000000000000e+05
4.055530000000000000e+05
2.418230000000000000e+05
7.920500000000000000e+04
4.444100000000000000e+04
2.501300000000000000e+04
3.260900000000000000e+04
3.877700000000000000e+04
8.566200000000000000e+04
1.753150000000000000e+05
3.625370000000000000e+05
3.441630000000000000e+05
1.249540000000000000e+05
5.081300000000000000e+04
3.161200000000000000e+04
2.914900000000000000e+04
4.071900000000000000e+04
6.607700000000000000e+04
1.416170000000000000e+05
3.100580000000000000e+05
4.265280000000000000e+05
2.563970000000000000e+05
7.792100000000000000e+04
5.236900000000000000e+04
3.134000000000000000e+04
3.585900000000000000e+04
5.125600000000000000e+04
9.792300000000000000e+04
1.969230000000000000e+05
3.124280000000000000e+05
2.996840000000000000e+05
1.310220000000000000e+05
4.248100000000000000e+04
3.582500000000000000e+04
2.739200000000000000e+04
3.755500000000000000e+04
5.364700000000000000e+04
1.101010000000000000e+05
2.128280000000000000e+05
2.598380000000000000e+05
1.825290000000000000e+05
6.831000000000000000e+04
3.673900000000000000e+04
3.592400000000000000e+04
3.418500000000000000e+04
5.618600000000000000e+04
8.725000000000000000e+04
1.815730000000000000e+05
2.477970000000000000e+05
2.293550000000000000e+05
1.363990000000000000e+05
4.626000000000000000e+04
2.974800000000000000e+04
1.960700000000000000e+04
2.053700000000000000e+04
2.526800000000000000e+04
3.361200000000000000e+04
4.942800000000000000e+04
6.266200000000000000e+04
1.028410000000000000e+05
8.518400000000000000e+04
3.191400000000000000e+04
2.351400000000000000e+04
2.138300000000000000e+04
3.002300000000000000e+04
5.296300000000000000e+04
1.307080000000000000e+05
2.689360000000000000e+05
3.173440000000000000e+05
1.784420000000000000e+05
5.343000000000000000e+04
3.776700000000000000e+04
2.655200000000000000e+04
3.205200000000000000e+04
4.759600000000000000e+04
9.890900000000000000e+04
2.074870000000000000e+05
3.398260000000000000e+05
3.107190000000000000e+05
1.260970000000000000e+05
4.329800000000000000e+04
3.421400000000000000e+04
2.687500000000000000e+04
4.172900000000000000e+04
6.918100000000000000e+04
1.430350000000000000e+05
2.376070000000000000e+05
2.604300000000000000e+05
1.708420000000000000e+05
6.565600000000000000e+04
4.259200000000000000e+04
3.619900000000000000e+04
3.198000000000000000e+04
5.872900000000000000e+04
9.160400000000000000e+04
1.683680000000000000e+05
2.140960000000000000e+05
1.860060000000000000e+05
1.028270000000000000e+05
3.715900000000000000e+04
3.681000000000000000e+04
2.607100000000000000e+04
3.682400000000000000e+04
4.270100000000000000e+04
6.773600000000000000e+04
1.020250000000000000e+05
1.512890000000000000e+05
2.021180000000000000e+05
1.078100000000000000e+05
4.787300000000000000e+04
4.030300000000000000e+04
3.220500000000000000e+04
5.293600000000000000e+04
6.774300000000000000e+04
1.538890000000000000e+05
1.797510000000000000e+05
1.596980000000000000e+05
1.202550000000000000e+05
4.598500000000000000e+04
3.229300000000000000e+04
2.674400000000000000e+04
3.356400000000000000e+04
4.506100000000000000e+04
7.909800000000000000e+04
1.760850000000000000e+05
2.625320000000000000e+05
2.280140000000000000e+05
9.060400000000000000e+04
3.492300000000000000e+04
2.327000000000000000e+04
2.283700000000000000e+04
3.367800000000000000e+04
5.730600000000000000e+04
1.212960000000000000e+05
2.373600000000000000e+05
3.440320000000000000e+05
2.176400000000000000e+05
6.918800000000000000e+04
4.356400000000000000e+04
2.680000000000000000e+04
3.525400000000000000e+04
5.033400000000000000e+04
9.467200000000000000e+04
1.620450000000000000e+05
2.920650000000000000e+05
3.039070000000000000e+05
1.457620000000000000e+05
4.928900000000000000e+04
2.786000000000000000e+04
1.643100000000000000e+04
1.740700000000000000e+04
2.139000000000000000e+04
3.713800000000000000e+04
4.286000000000000000e+04
5.973100000000000000e+04
9.761400000000000000e+04
7.057500000000000000e+04
2.590800000000000000e+04
2.226200000000000000e+04
2.383600000000000000e+04
4.182200000000000000e+04
7.050800000000000000e+04
1.436350000000000000e+05
2.094960000000000000e+05
1.925470000000000000e+05
1.038840000000000000e+05
3.637300000000000000e+04
3.516500000000000000e+04
2.797600000000000000e+04
4.620000000000000000e+04
5.862800000000000000e+04
9.938000000000000000e+04
1.770930000000000000e+05
1.893750000000000000e+05
1.403300000000000000e+05
5.865900000000000000e+04
3.197600000000000000e+04
2.920000000000000000e+04
2.895700000000000000e+04
4.820700000000000000e+04
5.691000000000000000e+04
1.160740000000000000e+05
1.519150000000000000e+05
1.402290000000000000e+05
9.695200000000000000e+04
3.558200000000000000e+04
2.557600000000000000e+04
2.115700000000000000e+04
2.695100000000000000e+04
3.813200000000000000e+04
7.093800000000000000e+04
1.602630000000000000e+05
2.632890000000000000e+05
2.398460000000000000e+05
1.002000000000000000e+05
4.572200000000000000e+04
2.753200000000000000e+04
2.663600000000000000e+04
3.505000000000000000e+04
5.271900000000000000e+04
1.045900000000000000e+05
1.973240000000000000e+05
3.091070000000000000e+05
2.125170000000000000e+05
6.827500000000000000e+04
4.044300000000000000e+04
2.501500000000000000e+04
3.350100000000000000e+04
4.577500000000000000e+04
9.039900000000000000e+04
1.574150000000000000e+05
2.459960000000000000e+05
2.325670000000000000e+05
9.934100000000000000e+04
3.795800000000000000e+04
2.601400000000000000e+04
2.622600000000000000e+04
4.415900000000000000e+04
6.268600000000000000e+04
1.101000000000000000e+05
1.824500000000000000e+05
2.165900000000000000e+05
1.436910000000000000e+05
5.008200000000000000e+04
3.230800000000000000e+04
2.943300000000000000e+04
2.885400000000000000e+04
5.201700000000000000e+04
7.970800000000000000e+04
1.396720000000000000e+05
1.663070000000000000e+05
1.445320000000000000e+05
9.026400000000000000e+04
3.630300000000000000e+04
3.610600000000000000e+04
2.864500000000000000e+04
5.066500000000000000e+04
5.636100000000000000e+04
8.010600000000000000e+04
1.092070000000000000e+05
9.023600000000000000e+04
9.166100000000000000e+04
6.165600000000000000e+04
3.114900000000000000e+04
2.198400000000000000e+04
1.431500000000000000e+04
1.501800000000000000e+04
1.750400000000000000e+04
3.121300000000000000e+04
5.792500000000000000e+04
8.023100000000000000e+04
6.663300000000000000e+04
3.307400000000000000e+04
1.675100000000000000e+04
1.918400000000000000e+04
2.737700000000000000e+04
4.243600000000000000e+04
8.307800000000000000e+04
1.648360000000000000e+05
2.979970000000000000e+05
2.736000000000000000e+05
1.026230000000000000e+05
4.080600000000000000e+04
2.831200000000000000e+04
2.964600000000000000e+04
4.766600000000000000e+04
7.623100000000000000e+04
1.271660000000000000e+05
2.213630000000000000e+05
2.761230000000000000e+05
1.639630000000000000e+05
5.542700000000000000e+04
3.277000000000000000e+04
2.324000000000000000e+04
3.388600000000000000e+04
4.844200000000000000e+04
7.788600000000000000e+04
1.302800000000000000e+05
1.919320000000000000e+05
1.858410000000000000e+05
8.602700000000000000e+04
2.989400000000000000e+04
2.432100000000000000e+04
2.297500000000000000e+04
3.529800000000000000e+04
5.774700000000000000e+04
9.999300000000000000e+04
1.563630000000000000e+05
1.599720000000000000e+05
1.001580000000000000e+05
4.101700000000000000e+04
2.789500000000000000e+04
2.986800000000000000e+04
3.217700000000000000e+04
5.457300000000000000e+04
6.553100000000000000e+04
1.161590000000000000e+05
1.251340000000000000e+05
1.085730000000000000e+05
9.062100000000000000e+04
4.068500000000000000e+04
2.729500000000000000e+04
2.071800000000000000e+04
3.642600000000000000e+04
4.572600000000000000e+04
8.652700000000000000e+04
1.329810000000000000e+05
1.298160000000000000e+05
1.352030000000000000e+05
7.525200000000000000e+04
2.833300000000000000e+04
2.687800000000000000e+04
3.361700000000000000e+04
5.056800000000000000e+04
7.597900000000000000e+04
1.147410000000000000e+05
1.662110000000000000e+05
1.625290000000000000e+05
8.504800000000000000e+04
3.801600000000000000e+04
2.570000000000000000e+04
1.737600000000000000e+04
2.445400000000000000e+04
2.995400000000000000e+04
3.600100000000000000e+04
5.428600000000000000e+04
5.207500000000000000e+04
1.440100000000000000e+05
2.114950000000000000e+05
1.218870000000000000e+05
4.782100000000000000e+04
3.131500000000000000e+04
2.132500000000000000e+04
3.279900000000000000e+04
3.784300000000000000e+04
5.055900000000000000e+04
1.168490000000000000e+05
1.364470000000000000e+05
6.925800000000000000e+04
2.865700000000000000e+04
2.168500000000000000e+04
1.381600000000000000e+04
1.371300000000000000e+04
1.976600000000000000e+04
3.306100000000000000e+04
4.967700000000000000e+04
5.532000000000000000e+04
4.169100000000000000e+04
2.372000000000000000e+04
1.489800000000000000e+04
1.854300000000000000e+04
2.647300000000000000e+04
3.861300000000000000e+04
6.112900000000000000e+04
7.946500000000000000e+04
8.342900000000000000e+04
9.103600000000000000e+04
5.681500000000000000e+04
3.060100000000000000e+04
3.145000000000000000e+04
2.639700000000000000e+04
4.679300000000000000e+04
5.131300000000000000e+04
8.718600000000000000e+04
8.784900000000000000e+04
8.835700000000000000e+04
9.062200000000000000e+04
4.559000000000000000e+04
3.248300000000000000e+04
2.135900000000000000e+04
3.049200000000000000e+04
3.098600000000000000e+04
4.349600000000000000e+04
5.986900000000000000e+04
4.458200000000000000e+04
8.614000000000000000e+04
8.115300000000000000e+04
3.318600000000000000e+04
2.475900000000000000e+04
2.171800000000000000e+04
3.602900000000000000e+04
5.058500000000000000e+04
8.959400000000000000e+04
1.232080000000000000e+05
1.288230000000000000e+05
8.731500000000000000e+04
3.475700000000000000e+04
2.481900000000000000e+04
2.265300000000000000e+04
3.062900000000000000e+04
3.491600000000000000e+04
5.084200000000000000e+04
9.343600000000000000e+04
1.289150000000000000e+05
1.166730000000000000e+05
5.744100000000000000e+04
2.297900000000000000e+04
1.984700000000000000e+04
2.151600000000000000e+04
3.552200000000000000e+04
4.503100000000000000e+04
7.947200000000000000e+04
1.165030000000000000e+05
1.168400000000000000e+05
8.671400000000000000e+04
3.953900000000000000e+04
2.896100000000000000e+04
2.603900000000000000e+04
2.870400000000000000e+04
3.780100000000000000e+04
4.770400000000000000e+04
8.285500000000000000e+04
8.328300000000000000e+04
8.323800000000000000e+04
7.127500000000000000e+04
3.402200000000000000e+04
2.561500000000000000e+04
2.038900000000000000e+04
2.717700000000000000e+04
2.805700000000000000e+04
4.689800000000000000e+04
6.113200000000000000e+04
6.688800000000000000e+04
9.406600000000000000e+04
5.628600000000000000e+04
3.373800000000000000e+04
3.116800000000000000e+04
3.357600000000000000e+04
3.491700000000000000e+04
3.345800000000000000e+04
5.075000000000000000e+04
4.030800000000000000e+04
5.585300000000000000e+04
6.510600000000000000e+04
3.967000000000000000e+04
1.999700000000000000e+04
1.407200000000000000e+04
1.246800000000000000e+04
1.396700000000000000e+04
2.284600000000000000e+04
4.107400000000000000e+04
5.234500000000000000e+04
5.102900000000000000e+04
4.122700000000000000e+04
2.551600000000000000e+04
1.689900000000000000e+04
2.375200000000000000e+04
3.154300000000000000e+04
4.796400000000000000e+04
8.319900000000000000e+04
1.109440000000000000e+05
1.213510000000000000e+05
7.941300000000000000e+04
3.072100000000000000e+04
2.228600000000000000e+04
1.740100000000000000e+04
2.401000000000000000e+04
3.175800000000000000e+04
4.849700000000000000e+04
7.547100000000000000e+04
8.365900000000000000e+04
7.653400000000000000e+04
4.867700000000000000e+04
2.370800000000000000e+04
1.637700000000000000e+04
1.686800000000000000e+04
2.632200000000000000e+04
3.538800000000000000e+04
6.743100000000000000e+04
8.888700000000000000e+04
9.265500000000000000e+04
8.974100000000000000e+04
4.849200000000000000e+04
3.422100000000000000e+04
2.648900000000000000e+04
2.786400000000000000e+04
3.752300000000000000e+04
5.550500000000000000e+04
9.380500000000000000e+04
7.678900000000000000e+04
7.251400000000000000e+04
6.365400000000000000e+04
4.028300000000000000e+04
3.548800000000000000e+04
2.140900000000000000e+04
2.889800000000000000e+04
3.183800000000000000e+04
6.389200000000000000e+04
8.037900000000000000e+04
6.007700000000000000e+04
7.455400000000000000e+04
5.177500000000000000e+04
3.335700000000000000e+04
2.702100000000000000e+04
2.241300000000000000e+04
2.737900000000000000e+04
2.994400000000000000e+04
5.559600000000000000e+04
4.359400000000000000e+04
5.853700000000000000e+04
7.483000000000000000e+04
4.064600000000000000e+04
3.351300000000000000e+04
2.798600000000000000e+04
3.129900000000000000e+04
3.597700000000000000e+04
6.213900000000000000e+04
1.108320000000000000e+05
1.282590000000000000e+05
1.122410000000000000e+05
5.669300000000000000e+04
3.172400000000000000e+04
2.823800000000000000e+04
2.949800000000000000e+04
3.651500000000000000e+04
4.883300000000000000e+04
9.352000000000000000e+04
1.301590000000000000e+05
1.459840000000000000e+05
9.504800000000000000e+04
3.884700000000000000e+04
2.434600000000000000e+04
1.952800000000000000e+04
2.573200000000000000e+04
2.834500000000000000e+04
4.430000000000000000e+04
6.800900000000000000e+04
1.098460000000000000e+05
1.241830000000000000e+05
7.142800000000000000e+04
2.861400000000000000e+04
1.663600000000000000e+04
1.160700000000000000e+04
1.040200000000000000e+04
9.740000000000000000e+03
1.161600000000000000e+04
2.151500000000000000e+04
4.622900000000000000e+04
6.109200000000000000e+04
4.069000000000000000e+04
1.826800000000000000e+04
1.652300000000000000e+04
2.018300000000000000e+04
2.627500000000000000e+04
4.229600000000000000e+04
6.976100000000000000e+04
6.440300000000000000e+04
5.531000000000000000e+04
4.668000000000000000e+04
2.860700000000000000e+04
3.077500000000000000e+04
2.160100000000000000e+04
2.971200000000000000e+04
3.502000000000000000e+04
6.346600000000000000e+04
8.241000000000000000e+04
6.144300000000000000e+04
5.755800000000000000e+04
3.541800000000000000e+04
2.793200000000000000e+04
2.539400000000000000e+04
2.570900000000000000e+04
3.223200000000000000e+04
3.950400000000000000e+04
6.891600000000000000e+04
6.474500000000000000e+04
6.858100000000000000e+04
6.411800000000000000e+04
3.013200000000000000e+04
2.521700000000000000e+04
2.406400000000000000e+04
2.803500000000000000e+04
3.362200000000000000e+04
5.384700000000000000e+04
9.014000000000000000e+04
1.102190000000000000e+05
9.104500000000000000e+04
4.059700000000000000e+04
2.438800000000000000e+04
2.224900000000000000e+04
2.577400000000000000e+04
3.444900000000000000e+04
4.784100000000000000e+04
8.607100000000000000e+04
1.166450000000000000e+05
1.170430000000000000e+05
7.136100000000000000e+04
3.090300000000000000e+04
2.549300000000000000e+04
2.101800000000000000e+04
2.493300000000000000e+04
3.224300000000000000e+04
5.579100000000000000e+04
9.370200000000000000e+04
1.099140000000000000e+05
9.056400000000000000e+04
4.603600000000000000e+04
2.495600000000000000e+04
2.187600000000000000e+04
1.780900000000000000e+04
2.484900000000000000e+04
3.382700000000000000e+04
6.678400000000000000e+04
8.255800000000000000e+04
6.977600000000000000e+04
5.531700000000000000e+04
3.017500000000000000e+04
2.752800000000000000e+04
2.156600000000000000e+04
2.448000000000000000e+04
2.911300000000000000e+04
4.247800000000000000e+04
6.520300000000000000e+04
4.887900000000000000e+04
4.358500000000000000e+04
3.588600000000000000e+04
2.327700000000000000e+04
2.056500000000000000e+04
1.600100000000000000e+04
1.990300000000000000e+04
2.231600000000000000e+04
4.117700000000000000e+04
4.616900000000000000e+04
4.200800000000000000e+04
5.419600000000000000e+04
4.152300000000000000e+04
1.999700000000000000e+04
1.215600000000000000e+04
9.764000000000000000e+03
9.671000000000000000e+03
1.142200000000000000e+04
1.830200000000000000e+04
3.874300000000000000e+04
5.597400000000000000e+04
4.563700000000000000e+04
2.430400000000000000e+04
1.565900000000000000e+04
2.369900000000000000e+04
2.519000000000000000e+04
2.904300000000000000e+04
5.049100000000000000e+04
7.969200000000000000e+04
1.350390000000000000e+05
1.280120000000000000e+05
6.109900000000000000e+04
3.063300000000000000e+04
1.854300000000000000e+04
1.943400000000000000e+04
2.179600000000000000e+04
3.535200000000000000e+04
6.188600000000000000e+04
9.715100000000000000e+04
1.193070000000000000e+05
7.537000000000000000e+04
3.263600000000000000e+04
2.251100000000000000e+04
1.863000000000000000e+04
2.402800000000000000e+04
3.278100000000000000e+04
5.246900000000000000e+04
7.891600000000000000e+04
9.428900000000000000e+04
7.365300000000000000e+04
3.607500000000000000e+04
2.629500000000000000e+04
2.453300000000000000e+04
2.275900000000000000e+04
2.877600000000000000e+04
3.975600000000000000e+04
6.901500000000000000e+04
9.787200000000000000e+04
9.924700000000000000e+04
6.736900000000000000e+04
3.200500000000000000e+04
2.542500000000000000e+04
1.987200000000000000e+04
2.159900000000000000e+04
2.652000000000000000e+04
3.902300000000000000e+04
6.762000000000000000e+04
7.676500000000000000e+04
6.738600000000000000e+04
4.002500000000000000e+04
2.251000000000000000e+04
2.043500000000000000e+04
1.806800000000000000e+04
2.316300000000000000e+04
3.005100000000000000e+04
5.503400000000000000e+04
7.415500000000000000e+04
7.804700000000000000e+04
6.299500000000000000e+04
2.947900000000000000e+04
1.960500000000000000e+04
2.042300000000000000e+04
2.165200000000000000e+04
2.886900000000000000e+04
4.331200000000000000e+04
6.515100000000000000e+04
8.737300000000000000e+04
8.812900000000000000e+04
5.209600000000000000e+04
2.848900000000000000e+04
2.405200000000000000e+04
2.032500000000000000e+04
2.568000000000000000e+04
3.594900000000000000e+04
5.782600000000000000e+04
8.310500000000000000e+04
1.078230000000000000e+05
9.637100000000000000e+04
5.229200000000000000e+04
3.107900000000000000e+04
2.037800000000000000e+04
1.857100000000000000e+04
2.647300000000000000e+04
3.319100000000000000e+04
5.463700000000000000e+04
7.942000000000000000e+04
8.491200000000000000e+04
5.886300000000000000e+04
2.843300000000000000e+04
1.789600000000000000e+04
1.300900000000000000e+04
1.331000000000000000e+04
1.418100000000000000e+04
1.204600000000000000e+04
1.629800000000000000e+04
3.301800000000000000e+04
5.743700000000000000e+04
4.802800000000000000e+04
2.137900000000000000e+04
1.573000000000000000e+04
2.100700000000000000e+04
2.327500000000000000e+04
2.488600000000000000e+04
3.787500000000000000e+04
4.155500000000000000e+04
4.322400000000000000e+04
4.284600000000000000e+04
2.545600000000000000e+04
2.133500000000000000e+04
1.861800000000000000e+04
2.117200000000000000e+04
2.809300000000000000e+04
3.813900000000000000e+04
6.041500000000000000e+04
6.283900000000000000e+04
5.860500000000000000e+04
4.334100000000000000e+04
2.388400000000000000e+04
2.327700000000000000e+04
1.830500000000000000e+04
2.220400000000000000e+04
2.652500000000000000e+04
3.854800000000000000e+04
4.983700000000000000e+04
4.611600000000000000e+04
4.480400000000000000e+04
2.867600000000000000e+04
2.468600000000000000e+04
2.858200000000000000e+04
2.316500000000000000e+04
3.168000000000000000e+04
4.098800000000000000e+04
6.035900000000000000e+04
8.528400000000000000e+04
8.267200000000000000e+04
5.002600000000000000e+04
2.927600000000000000e+04
2.222800000000000000e+04
1.575100000000000000e+04
1.914000000000000000e+04
2.389000000000000000e+04
3.759400000000000000e+04
5.830100000000000000e+04
6.948700000000000000e+04
6.014200000000000000e+04
3.561600000000000000e+04
2.536900000000000000e+04
1.769000000000000000e+04
1.697400000000000000e+04
2.189800000000000000e+04
3.146100000000000000e+04
5.735800000000000000e+04
6.888900000000000000e+04
7.858900000000000000e+04
6.452200000000000000e+04
2.958500000000000000e+04
2.463300000000000000e+04
2.086200000000000000e+04
2.222500000000000000e+04
2.753000000000000000e+04
3.886200000000000000e+04
6.439500000000000000e+04
6.772200000000000000e+04
5.457500000000000000e+04
3.194000000000000000e+04
2.322600000000000000e+04
2.397000000000000000e+04
1.755200000000000000e+04
2.165900000000000000e+04
2.385300000000000000e+04
3.898300000000000000e+04
4.571200000000000000e+04
4.609900000000000000e+04
4.156300000000000000e+04
2.246500000000000000e+04
2.375300000000000000e+04
2.075800000000000000e+04
2.158800000000000000e+04
2.882700000000000000e+04
3.543800000000000000e+04
5.290000000000000000e+04
5.266600000000000000e+04
5.669600000000000000e+04
4.604000000000000000e+04
2.230100000000000000e+04
1.991200000000000000e+04
1.517700000000000000e+04
1.421700000000000000e+04
1.489300000000000000e+04
1.277400000000000000e+04
1.859500000000000000e+04
4.063100000000000000e+04
5.334700000000000000e+04
3.128300000000000000e+04
1.670100000000000000e+04
2.045400000000000000e+04
2.240200000000000000e+04
2.582700000000000000e+04
3.740100000000000000e+04
4.925800000000000000e+04
5.624900000000000000e+04
4.961800000000000000e+04
2.948200000000000000e+04
2.657900000000000000e+04
2.555000000000000000e+04
1.879400000000000000e+04
2.190800000000000000e+04
2.646200000000000000e+04
3.987900000000000000e+04
4.994800000000000000e+04
5.674000000000000000e+04
5.121600000000000000e+04
3.347300000000000000e+04
3.044700000000000000e+04
2.251000000000000000e+04
1.977400000000000000e+04
2.544700000000000000e+04
3.138000000000000000e+04
4.661800000000000000e+04
4.940700000000000000e+04
4.154200000000000000e+04
3.255600000000000000e+04
2.408300000000000000e+04
1.895000000000000000e+04
1.466000000000000000e+04
1.812100000000000000e+04
1.990200000000000000e+04
2.668700000000000000e+04
3.289900000000000000e+04
2.764400000000000000e+04
2.501600000000000000e+04
1.828800000000000000e+04
1.607500000000000000e+04
1.726700000000000000e+04
1.427600000000000000e+04
1.770800000000000000e+04
2.206900000000000000e+04
2.758700000000000000e+04
3.230800000000000000e+04
3.176800000000000000e+04
2.693900000000000000e+04
2.079000000000000000e+04
1.903300000000000000e+04
1.431000000000000000e+04
1.271100000000000000e+04
1.679300000000000000e+04
1.811700000000000000e+04
2.251500000000000000e+04
2.740500000000000000e+04
2.817600000000000000e+04
2.428900000000000000e+04
1.948700000000000000e+04
1.840500000000000000e+04
1.427200000000000000e+04
1.641200000000000000e+04
2.210000000000000000e+04
2.589700000000000000e+04
4.631700000000000000e+04
6.154400000000000000e+04
4.688600000000000000e+04
2.652400000000000000e+04
1.776900000000000000e+04
1.390900000000000000e+04
1.339800000000000000e+04
2.102400000000000000e+04
2.799500000000000000e+04
4.037300000000000000e+04
7.141100000000000000e+04
8.352000000000000000e+04
5.317300000000000000e+04
2.368800000000000000e+04
1.327600000000000000e+04
1.023900000000000000e+04
1.007300000000000000e+04
1.205200000000000000e+04
1.804900000000000000e+04
3.349700000000000000e+04
5.271300000000000000e+04
5.322000000000000000e+04
3.232600000000000000e+04
1.468000000000000000e+04
1.123600000000000000e+04
1.083100000000000000e+04
1.041500000000000000e+04
1.257300000000000000e+04
1.842600000000000000e+04
2.616300000000000000e+04
3.028800000000000000e+04
2.464700000000000000e+04
1.700700000000000000e+04
1.452100000000000000e+04
1.366600000000000000e+04
1.130200000000000000e+04
1.283000000000000000e+04
1.714800000000000000e+04
1.918300000000000000e+04
2.448300000000000000e+04
3.113100000000000000e+04
2.832400000000000000e+04
2.011000000000000000e+04
1.321400000000000000e+04
1.051000000000000000e+04
1.217900000000000000e+04
1.594800000000000000e+04
1.998100000000000000e+04
2.820800000000000000e+04
3.711800000000000000e+04
3.611800000000000000e+04
2.546800000000000000e+04
1.446700000000000000e+04
1.029300000000000000e+04
9.481000000000000000e+03
1.059500000000000000e+04
1.175200000000000000e+04
1.431600000000000000e+04
2.056200000000000000e+04
2.742900000000000000e+04
2.767700000000000000e+04
2.000800000000000000e+04
1.188700000000000000e+04
1.085600000000000000e+04
1.218800000000000000e+04
1.219800000000000000e+04
1.369900000000000000e+04
2.349600000000000000e+04
3.967600000000000000e+04
4.498100000000000000e+04
3.221100000000000000e+04
1.669600000000000000e+04
1.152600000000000000e+04
1.292500000000000000e+04
1.382500000000000000e+04
1.454900000000000000e+04
2.066800000000000000e+04
3.350500000000000000e+04
4.383600000000000000e+04
4.057000000000000000e+04
2.540600000000000000e+04
1.343900000000000000e+04
1.054400000000000000e+04
1.179600000000000000e+04
1.269200000000000000e+04
1.491700000000000000e+04
2.374300000000000000e+04
3.758700000000000000e+04
4.264300000000000000e+04
3.248300000000000000e+04
1.819600000000000000e+04
1.124400000000000000e+04
1.117400000000000000e+04
1.114600000000000000e+04
1.055100000000000000e+04
1.185300000000000000e+04
1.621700000000000000e+04
2.323000000000000000e+04
2.708300000000000000e+04
2.330700000000000000e+04
1.522900000000000000e+04
1.113100000000000000e+04
1.273700000000000000e+04
1.322100000000000000e+04
1.167300000000000000e+04
1.196700000000000000e+04
1.404200000000000000e+04
1.611600000000000000e+04
1.753700000000000000e+04
1.642700000000000000e+04
1.274500000000000000e+04
1.129700000000000000e+04
1.341400000000000000e+04
1.554900000000000000e+04
1.517000000000000000e+04
1.582700000000000000e+04
1.953900000000000000e+04
2.231800000000000000e+04
1.898500000000000000e+04
1.295700000000000000e+04
1.030900000000000000e+04
1.008100000000000000e+04
1.103500000000000000e+04
1.714600000000000000e+04
2.839400000000000000e+04
3.552400000000000000e+04
3.090400000000000000e+04
1.937300000000000000e+04
1.174600000000000000e+04
1.115000000000000000e+04
1.194700000000000000e+04
1.234300000000000000e+04
1.577300000000000000e+04
2.189000000000000000e+04
2.714400000000000000e+04
2.995800000000000000e+04
2.746200000000000000e+04
1.974700000000000000e+04
1.315200000000000000e+04
9.996000000000000000e+03
9.692000000000000000e+03
1.110000000000000000e+04
1.276800000000000000e+04
1.693700000000000000e+04
2.439900000000000000e+04
2.889300000000000000e+04
2.460800000000000000e+04
1.571200000000000000e+04
1.028700000000000000e+04
9.049000000000000000e+03
9.863000000000000000e+03
1.087700000000000000e+04
1.185300000000000000e+04
1.434300000000000000e+04
1.941600000000000000e+04
2.444300000000000000e+04
2.405300000000000000e+04
1.713500000000000000e+04
1.136700000000000000e+04
1.124600000000000000e+04
1.270800000000000000e+04
1.214400000000000000e+04
1.219500000000000000e+04
1.552500000000000000e+04
2.084700000000000000e+04
2.463800000000000000e+04
2.284800000000000000e+04
1.545000000000000000e+04
1.051500000000000000e+04
1.124900000000000000e+04
1.264900000000000000e+04
1.162200000000000000e+04
1.083400000000000000e+04
1.415700000000000000e+04
2.088500000000000000e+04
2.634100000000000000e+04
2.364900000000000000e+04
1.499600000000000000e+04
1.050200000000000000e+04
1.195500000000000000e+04
1.253800000000000000e+04
1.064200000000000000e+04
1.150700000000000000e+04
1.593900000000000000e+04
1.937900000000000000e+04
1.908500000000000000e+04
1.511900000000000000e+04
1.052300000000000000e+04
9.919000000000000000e+03
1.269700000000000000e+04
1.472000000000000000e+04
1.424300000000000000e+04
1.467900000000000000e+04
1.684100000000000000e+04
1.767900000000000000e+04
1.506500000000000000e+04
1.125600000000000000e+04
9.491000000000000000e+03
1.087200000000000000e+04
1.273600000000000000e+04
1.207400000000000000e+04
