3.601860000000001310e+04
5.289129999999999563e+04
9.993859999999997672e+04
1.554373999999999942e+05
1.710612000000000407e+05
1.216223000000000320e+05
5.624409999999997672e+04
3.095119999999998981e+04
3.525660000000000582e+04
3.685040000000000146e+04
4.447730000000001019e+04
7.885229999999997381e+04
1.198444000000000378e+05
1.311828000000000175e+05
1.059340000000000146e+05
6.512430000000000291e+04
3.484279999999999563e+04
2.614210000000000218e+04
3.032570000000000800e+04
3.680100000000002183e+04
5.333319999999998254e+04
9.112289999999999418e+04
1.249174999999999709e+05
1.185504999999999418e+05
7.687600000000001455e+04
4.112370000000001164e+04
2.611320000000000437e+04
2.355229999999999563e+04
2.857640000000000146e+04
4.162779999999999563e+04
6.096369999999998981e+04
8.272200000000004366e+04
9.807540000000002328e+04
8.586900000000001455e+04
5.302069999999998254e+04
2.929399999999999636e+04
2.246639999999999418e+04
2.268809999999999854e+04
2.670820000000000800e+04
4.166039999999997963e+04
9.362530000000000291e+04
1.674489000000000233e+05
1.849233999999999360e+05
1.401918000000000466e+05
1.070569000000000378e+05
8.030270000000004075e+04
4.576479999999999563e+04
4.161689999999999418e+04
6.067840000000001601e+04
8.524330000000000291e+04
1.415498999999999651e+05
2.058283999999999651e+05
2.035564999999999709e+05
1.344152000000000116e+05
6.003930000000001746e+04
3.356099999999999272e+04
4.154009999999999854e+04
4.358339999999999418e+04
5.458550000000001455e+04
1.078356000000000058e+05
1.785756000000000058e+05
2.053264000000000233e+05
1.627531000000000349e+05
8.951749999999998545e+04
3.974410000000000582e+04
3.288269999999999709e+04
3.965200000000000728e+04
4.170549999999997817e+04
6.571410000000000582e+04
1.197687999999999884e+05
1.594356999999999243e+05
1.498098999999999942e+05
1.033729999999999854e+05
5.229319999999996799e+04
2.889600000000000728e+04
3.429509999999999127e+04
4.155790000000000146e+04
5.543930000000001746e+04
1.029810000000000000e+05
1.509726000000000349e+05
1.455565000000000000e+05
1.017670999999999331e+05
5.821369999999998254e+04
3.197269999999999345e+04
2.433640000000000509e+04
3.104630000000001382e+04
4.130449999999998545e+04
6.759120000000001164e+04
1.198403000000000320e+05
1.468815000000000291e+05
1.137905000000000146e+05
6.206950000000000000e+04
3.537180000000001019e+04
2.592139999999999054e+04
2.469150000000000000e+04
3.364249999999998545e+04
4.756230000000000291e+04
8.286120000000001164e+04
1.365356000000000349e+05
1.391903000000000466e+05
8.492439999999997963e+04
4.299539999999997963e+04
2.763700000000001819e+04
2.349689999999999782e+04
2.601589999999999054e+04
3.497050000000000728e+04
4.846560000000000582e+04
1.094062000000000407e+05
2.391908000000000175e+05
2.934943000000000466e+05
1.946681000000000349e+05
9.411910000000002037e+04
5.033170000000000437e+04
3.081390000000000509e+04
3.122630000000001382e+04
3.816379999999997381e+04
8.129000000000000000e+04
2.113819999999998836e+05
3.394824000000001397e+05
2.992179999999998836e+05
1.672738999999999360e+05
9.500360000000000582e+04
5.475159999999999854e+04
3.680840000000000146e+04
4.045470000000000437e+04
5.868149999999998545e+04
1.594588999999999651e+05
2.936067000000000116e+05
3.142660000000000000e+05
2.000359999999999709e+05
1.037680999999999476e+05
7.443339999999999418e+04
4.502830000000000291e+04
5.794250000000002910e+04
6.798400000000001455e+04
7.725029999999997381e+04
1.076899999999999854e+05
7.820519999999996799e+04
1.243622000000000553e+05
1.830541999999998952e+05
1.209311000000000349e+05
9.216999999999997090e+04
6.789090000000000873e+04
6.251290000000001601e+04
9.623320000000002619e+04
1.411828999999999942e+05
3.071057000000000698e+05
3.594705999999999185e+05
1.832881000000000058e+05
6.600980000000000291e+04
4.680919999999998254e+04
3.791580000000000291e+04
3.871400000000001455e+04
5.945509999999996944e+04
9.815679999999998836e+04
2.007770999999999185e+05
3.295412999999998137e+05
2.728555999999998021e+05
1.124248000000000029e+05
5.876500000000001455e+04
5.382150000000000728e+04
4.065850000000000728e+04
5.132459999999999854e+04
8.280129999999994470e+04
1.577211000000000058e+05
2.956889000000000233e+05
3.257366999999998370e+05
1.732606000000000640e+05
5.880889999999999418e+04
4.190169999999998981e+04
3.958320000000000437e+04
4.564209999999999854e+04
6.450639999999999418e+04
1.040873000000000029e+05
2.062890999999999476e+05
3.631144999999998254e+05
3.518567999999995809e+05
1.661072999999999593e+05
8.608380000000001746e+04
6.847779999999998836e+04
4.765669999999998254e+04
6.435679999999999563e+04
8.294159999999999127e+04
1.530557999999999593e+05
2.947425000000000000e+05
3.579727999999999302e+05
2.288646000000000058e+05
1.001790000000000000e+05
8.121550000000000000e+04
5.150730000000000291e+04
5.045350000000002910e+04
6.992240000000003783e+04
1.054158999999999796e+05
2.367311999999998952e+05
3.567396000000000349e+05
3.207495000000000000e+05
1.624393999999999942e+05
8.047880000000006112e+04
7.184990000000000873e+04
4.330859999999996944e+04
5.616339999999997235e+04
7.576059999999997672e+04
1.428915000000000582e+05
2.699563999999999069e+05
2.781210999999999185e+05
1.708383999999999942e+05
7.168869999999998254e+04
4.621639999999999418e+04
4.408270000000001892e+04
4.075200000000000000e+04
6.323719999999998981e+04
9.161799999999997090e+04
1.952262000000000407e+05
2.920703000000001048e+05
2.381536999999999534e+05
1.230655000000000000e+05
4.999999999999997817e+04
4.313959999999999854e+04
4.590850000000000000e+04
5.083659999999997672e+04
7.968749999999997090e+04
1.373171000000000349e+05
2.389588000000000175e+05
2.598446000000000058e+05
1.649223999999999942e+05
7.463230000000003201e+04
3.610000000000001455e+04
3.932859999999997672e+04
4.240090000000002328e+04
4.738140000000001601e+04
6.735510000000000582e+04
7.483229999999998836e+04
6.056990000000000146e+04
9.993240000000003783e+04
1.845219000000000233e+05
1.532218000000000466e+05
7.989669999999999709e+04
6.463349999999995634e+04
4.642289999999997235e+04
6.927710000000002037e+04
1.139915000000000291e+05
2.243829000000000233e+05
4.414961000000002095e+05
4.521853999999999651e+05
2.135774999999999418e+05
8.634460000000003492e+04
5.779350000000002183e+04
3.508179999999999563e+04
4.285679999999998836e+04
5.747820000000002619e+04
1.263339999999999563e+05
2.656119999999999418e+05
3.539234000000000815e+05
2.559175000000000582e+05
1.060079000000000233e+05
7.532920000000002619e+04
5.453989999999999418e+04
4.570030000000000291e+04
6.756220000000001164e+04
1.058452999999999447e+05
2.553220000000000000e+05
3.994579999999999418e+05
3.649953000000000466e+05
1.861109999999999709e+05
7.418579999999997381e+04
6.587890000000002328e+04
4.272430000000001019e+04
5.124169999999999709e+04
7.093980000000001746e+04
1.490812999999999593e+05
2.908097000000000116e+05
3.186698000000001630e+05
2.106705999999999767e+05
8.714390000000005239e+04
5.303029999999999563e+04
5.199899999999999272e+04
4.136769999999999709e+04
5.925189999999997963e+04
8.855810000000003492e+04
2.001163000000000175e+05
3.106411000000000349e+05
2.705442000000000698e+05
1.398282999999999884e+05
5.396850000000000000e+04
5.154160000000002037e+04
4.633779999999998108e+04
4.657309999999998399e+04
7.182110000000000582e+04
1.319897000000000116e+05
2.415500999999999476e+05
2.763503999999998487e+05
1.791320999999999767e+05
7.163240000000002328e+04
3.845129999999998108e+04
4.251009999999999127e+04
3.623860000000000582e+04
4.098190000000000146e+04
7.394719999999999709e+04
1.491955999999999767e+05
2.863842999999999884e+05
3.732450999999999185e+05
2.484540000000000873e+05
9.969290000000002328e+04
7.066590000000000873e+04
4.427110000000003492e+04
3.748900000000000728e+04
4.945990000000001601e+04
9.442019999999998254e+04
2.263326999999999825e+05
4.026111000000000349e+05
4.277541000000000349e+05
2.333725999999999767e+05
1.216019999999999854e+05
9.853929999999997381e+04
5.078790000000000873e+04
5.301969999999999709e+04
5.859980000000001019e+04
1.369058000000000757e+05
2.669762999999999302e+05
3.296267000000000698e+05
2.614917000000000116e+05
1.205240999999999767e+05
9.027619999999998254e+04
6.966760000000000582e+04
4.464590000000000873e+04
6.053939999999999418e+04
6.666709999999997672e+04
1.060172999999999884e+05
9.162429999999997381e+04
1.338056000000000349e+05
2.369550000000000291e+05
1.552433000000000466e+05
8.149569999999999709e+04
8.207380000000000291e+04
5.423149999999998545e+04
8.496979999999998836e+04
1.241985000000000146e+05
2.285141999999999534e+05
2.772694999999998836e+05
1.532977000000000407e+05
6.237549999999997817e+04
3.588109999999999854e+04
4.650570000000000437e+04
3.924829999999999563e+04
5.417849999999997090e+04
8.772780000000001746e+04
1.790974000000000233e+05
3.268035999999998603e+05
2.834295000000000582e+05
1.398544000000000233e+05
5.685449999999999272e+04
6.017689999999997235e+04
5.850749999999999272e+04
5.109769999999999709e+04
7.986819999999998254e+04
1.270059000000000233e+05
2.677362999999999884e+05
3.014233999999999651e+05
1.942391000000000058e+05
8.862010000000003492e+04
4.612489999999999418e+04
4.979610000000000582e+04
3.247380000000000291e+04
2.942690000000001237e+04
3.936299999999999272e+04
9.496390000000000873e+04
1.993938999999999651e+05
3.352245000000000582e+05
3.284365999999999767e+05
2.061427000000000990e+05
1.581991999999999243e+05
9.247909999999997672e+04
6.031350000000000728e+04
5.307089999999996508e+04
7.959380000000004657e+04
1.519878000000000757e+05
2.946836000000000349e+05
4.696132000000000698e+05
3.683220999999999767e+05
2.216103999999999360e+05
1.521693999999999942e+05
7.540839999999997963e+04
6.591060000000000582e+04
5.450759999999999127e+04
1.086638000000000320e+05
1.937286000000000640e+05
3.427706000000000931e+05
3.524697000000000116e+05
1.933991000000001513e+05
1.410382000000000407e+05
7.858580000000006112e+04
5.317100000000000728e+04
5.311810000000002037e+04
8.054660000000003492e+04
1.809502000000000116e+05
3.031691999999998952e+05
3.737578999999999069e+05
2.230971999999999825e+05
1.042275000000000146e+05
8.646289999999997963e+04
4.610350000000000728e+04
5.559800000000000728e+04
6.212469999999999709e+04
1.297717000000000262e+05
2.545647999999999593e+05
3.329532000000001281e+05
2.552461000000000058e+05
1.022570000000000000e+05
6.592610000000000582e+04
5.152210000000002037e+04
3.541709999999999854e+04
4.684350000000002183e+04
7.131279999999997381e+04
1.530720000000000582e+05
2.625713000000000466e+05
2.614398999999999651e+05
1.492045000000000291e+05
5.933280000000000291e+04
5.769449999999998545e+04
5.477859999999999127e+04
4.405759999999999854e+04
6.830129999999998836e+04
7.041930000000003201e+04
7.759319999999998254e+04
6.886540000000000873e+04
1.341934000000000524e+05
1.874978999999999651e+05
1.070543000000000029e+05
7.703629999999998836e+04
5.317850000000001455e+04
3.918619999999999709e+04
5.382320000000001164e+04
1.057293999999999796e+05
2.276739000000000233e+05
2.900732000000000116e+05
2.136854999999999418e+05
1.068585999999999913e+05
8.848600000000000000e+04
5.446170000000002619e+04
4.647180000000001019e+04
4.991889999999999418e+04
7.560649999999998545e+04
1.612868000000000175e+05
2.544213999999999069e+05
3.076481999999999534e+05
1.905641000000000349e+05
1.085918999999999942e+05
8.029699999999997090e+04
4.238119999999999709e+04
4.582619999999998981e+04
4.940410000000000582e+04
1.123454000000000087e+05
2.285480999999999185e+05
3.657671000000000349e+05
2.984951000000000931e+05
1.315728000000000175e+05
9.371690000000000873e+04
5.419660000000001310e+04
4.439020000000000437e+04
5.100750000000001455e+04
6.796309999999997672e+04
1.326949999999999709e+05
1.848293999999999942e+05
1.683772000000000407e+05
8.475909999999997672e+04
3.916140000000000146e+04
4.177980000000001019e+04
3.871250000000000728e+04
3.614520000000000437e+04
5.131820000000000437e+04
8.119739999999999418e+04
1.574503999999999360e+05
1.788660000000000291e+05
1.116209999999999854e+05
5.570700000000000728e+04
3.485439999999997235e+04
4.303770000000000437e+04
3.408859999999999854e+04
3.881550000000000000e+04
4.749450000000000000e+04
7.363269999999995343e+04
1.114080000000000291e+05
8.397859999999997672e+04
5.733459999999999854e+04
3.827480000000000291e+04
3.570079999999999563e+04
4.263569999999999709e+04
3.292600000000000728e+04
4.295140000000000873e+04
5.637590000000001601e+04
1.091167000000000262e+05
1.506565999999999476e+05
1.165303999999999942e+05
5.741549999999998545e+04
3.645620000000001164e+04
3.615400000000000000e+04
2.834899999999998909e+04
3.494649999999998545e+04
3.923249999999999272e+04
6.790709999999997672e+04
1.063837999999999738e+05
1.160532000000000116e+05
8.144280000000000291e+04
4.228790000000000873e+04
3.397779999999998836e+04
2.634479999999998836e+04
2.547560000000001310e+04
2.815310000000000218e+04
3.374969999999998981e+04
4.968529999999998836e+04
6.534840000000000873e+04
5.556360000000001310e+04
3.660030000000000291e+04
2.633979999999999927e+04
2.871279999999999927e+04
2.726199999999999272e+04
2.684760000000000582e+04
2.928179999999999927e+04
2.748219999999999709e+04
3.427200000000000000e+04
4.845189999999999418e+04
5.347589999999999418e+04
3.566339999999998690e+04
2.424729999999999200e+04
2.622850000000000728e+04
2.466539999999999782e+04
2.363640000000000146e+04
2.659479999999999927e+04
3.246590000000001237e+04
3.783890000000000873e+04
3.082480000000000291e+04
2.690160000000000582e+04
2.460270000000000073e+04
2.844299999999999636e+04
2.950290000000000146e+04
2.363519999999999709e+04
2.595770000000000073e+04
2.802030000000000291e+04
4.024509999999999127e+04
3.992619999999998981e+04
3.657889999999999418e+04
3.346920000000001164e+04
2.665590000000000509e+04
3.159349999999998909e+04
2.848630000000001019e+04
2.829959999999998763e+04
3.093620000000000437e+04
3.351520000000000437e+04
3.993709999999999854e+04
3.368379999999999563e+04
3.635009999999998399e+04
2.896110000000000582e+04
2.754439999999999782e+04
3.025420000000000073e+04
2.542449999999999636e+04
2.956700000000000000e+04
3.565309999999999854e+04
5.617450000000003638e+04
6.049839999999999418e+04
4.424419999999998981e+04
2.890180000000001019e+04
2.477890000000001601e+04
2.898740000000000873e+04
2.605910000000000218e+04
2.661120000000000437e+04
3.174200000000000728e+04
4.938900000000000000e+04
7.899680000000000291e+04
7.825120000000001164e+04
5.073130000000001746e+04
2.958650000000000364e+04
2.883359999999999491e+04
3.230020000000000437e+04
2.684249999999999636e+04
2.979040000000000146e+04
3.635409999999996944e+04
5.955869999999998254e+04
6.952430000000000291e+04
4.996630000000001746e+04
3.580560000000000582e+04
2.578990000000000509e+04
3.295889999999999418e+04
3.151040000000001237e+04
3.025779999999999200e+04
3.726160000000000582e+04
4.744020000000001164e+04
7.353450000000000000e+04
6.329450000000000728e+04
4.680939999999999418e+04
3.851880000000001019e+04
3.168409999999998399e+04
4.153040000000000146e+04
3.090190000000000509e+04
3.421370000000000437e+04
3.438539999999998690e+04
4.764639999999998690e+04
5.035360000000002765e+04
4.091359999999999127e+04
4.845770000000000437e+04
3.504559999999999854e+04
3.558740000000000146e+04
3.386770000000000437e+04
2.680880000000000655e+04
2.937609999999999127e+04
2.743919999999999709e+04
3.566080000000001019e+04
3.408820000000001164e+04
4.575939999999999418e+04
5.533670000000003347e+04
3.800990000000001601e+04
4.110170000000001164e+04
3.412089999999998690e+04
2.796019999999999345e+04
3.564440000000000146e+04
3.926839999999997235e+04
5.660619999999998981e+04
7.864390000000002328e+04
6.346010000000001310e+04
3.238429999999999200e+04
2.338049999999999272e+04
2.497779999999999927e+04
2.583719999999998981e+04
3.137379999999999927e+04
4.824189999999997963e+04
7.822489999999993597e+04
1.214867999999999884e+05
9.895839999999999418e+04
4.592099999999999272e+04
3.031640000000000146e+04
3.327429999999998836e+04
2.771429999999999927e+04
3.117870000000000437e+04
3.618680000000001746e+04
6.696369999999999709e+04
1.098251000000000349e+05
1.246184000000000378e+05
9.160370000000001164e+04
4.335199999999999272e+04
3.870379999999998108e+04
3.532150000000000000e+04
3.136929999999999563e+04
3.966519999999998254e+04
5.336519999999998254e+04
9.913820000000001164e+04
1.297242000000000116e+05
9.902289999999999418e+04
5.584190000000003056e+04
3.207040000000000509e+04
3.667150000000001455e+04
3.123340000000001237e+04
3.530459999999999854e+04
4.285049999999999272e+04
6.055560000000001310e+04
9.310389999999999418e+04
8.697040000000005239e+04
5.820850000000000000e+04
3.666500000000000728e+04
3.390220000000000437e+04
3.945589999999999418e+04
2.947829999999999563e+04
3.505600000000000000e+04
3.840870000000001164e+04
6.577279999999998836e+04
8.772029999999998836e+04
8.724039999999997963e+04
7.314329999999998836e+04
4.466350000000001455e+04
4.615049999999999272e+04
4.021740000000000146e+04
3.489079999999998836e+04
4.577259999999996217e+04
6.241640000000002328e+04
1.037480000000000437e+05
1.054635000000000000e+05
6.889550000000000000e+04
5.261000000000000728e+04
3.543490000000000146e+04
4.786769999999997526e+04
3.751800000000000728e+04
4.104680000000001019e+04
5.238259999999999127e+04
8.715850000000004366e+04
1.413967999999999884e+05
1.264124000000000087e+05
7.628409999999997672e+04
3.885580000000001746e+04
3.808800000000000000e+04
3.166449999999998909e+04
3.367239999999999418e+04
4.350430000000000291e+04
6.620200000000001455e+04
1.268475999999999622e+05
1.670297000000000116e+05
1.425476000000000931e+05
7.106859999999999127e+04
4.376700000000002183e+04
4.027879999999999563e+04
3.230320000000001164e+04
4.085120000000001164e+04
5.518089999999998690e+04
9.752990000000005239e+04
1.574930000000000000e+05
1.661257000000000990e+05
1.015442999999999447e+05
4.582170000000001164e+04
3.821759999999999127e+04
3.945409999999999854e+04
2.979140000000000873e+04
3.765699999999997817e+04
3.462900000000000728e+04
3.843809999999999854e+04
5.704159999999998399e+04
8.523780000000001746e+04
7.144880000000001746e+04
3.536569999999999709e+04
2.837700000000000000e+04
2.991369999999998981e+04
2.939020000000001528e+04
3.893110000000000582e+04
5.997559999999999854e+04
1.020460999999999476e+05
1.110629000000000524e+05
8.179069999999993888e+04
5.248040000000000873e+04
3.844890000000000873e+04
4.547870000000000437e+04
3.226300000000000728e+04
3.794250000000000728e+04
3.886479999999998836e+04
5.645320000000000437e+04
6.846439999999999418e+04
7.022939999999999418e+04
1.043037999999999884e+05
7.562589999999999418e+04
5.813980000000001746e+04
6.090310000000002765e+04
4.298330000000000291e+04
6.034970000000000437e+04
5.821779999999999563e+04
9.877960000000000582e+04
9.642459999999997672e+04
6.599160000000000582e+04
5.555649999999997817e+04
4.072079999999999563e+04
4.319180000000000291e+04
3.027570000000000800e+04
3.550669999999998254e+04
4.142350000000000728e+04
8.193489999999999418e+04
1.429391999999999825e+05
1.930643999999999942e+05
1.575344999999999709e+05
8.119130000000000291e+04
6.003869999999998981e+04
3.610950000000000000e+04
3.505700000000000728e+04
3.744369999999999709e+04
5.813239999999999418e+04
1.070545999999999767e+05
1.692050000000000873e+05
1.961853000000000175e+05
1.180803999999999942e+05
6.875109999999999127e+04
5.125629999999998836e+04
3.364120000000000437e+04
3.675569999999998981e+04
4.361659999999999854e+04
8.301050000000000000e+04
1.374347000000000407e+05
1.805700000000000291e+05
1.401743999999999942e+05
6.609990000000000873e+04
5.003359999999999854e+04
3.746689999999999418e+04
3.508509999999999127e+04
4.216740000000000873e+04
6.223590000000000873e+04
1.117105000000000146e+05
1.577901999999999825e+05
1.489477000000000407e+05
7.878820000000002619e+04
3.947910000000000582e+04
3.959259999999998399e+04
3.388260000000000582e+04
4.039650000000000728e+04
5.141669999999999709e+04
8.251730000000000291e+04
1.428405000000000582e+05
1.562832999999999884e+05
1.101530999999999622e+05
5.277409999999998399e+04
3.916890000000000146e+04
3.631809999999999854e+04
3.095209999999999491e+04
4.057339999999997963e+04
5.103140000000000146e+04
8.402340000000003783e+04
1.210472999999999884e+05
1.091191000000000349e+05
6.995860000000000582e+04
3.907959999999998399e+04
3.958539999999999418e+04
4.024500000000000000e+04
3.026910000000000218e+04
3.599569999999998981e+04
3.223490000000000509e+04
3.339450000000001455e+04
4.781900000000000000e+04
8.159690000000000873e+04
8.198310000000000582e+04
4.309850000000000000e+04
3.340879999999999563e+04
3.353660000000000582e+04
3.412369999999998254e+04
5.291569999999998981e+04
8.591620000000002619e+04
1.454026000000000058e+05
1.698750000000000582e+05
1.125474999999999709e+05
5.248590000000000146e+04
4.130430000000002474e+04
3.377679999999998836e+04
3.418480000000000291e+04
4.216970000000000437e+04
5.715709999999997672e+04
1.047066000000000204e+05
1.415437000000000116e+05
1.383398999999999942e+05
7.717379999999997381e+04
4.342059999999999127e+04
3.878730000000001019e+04
3.281310000000002037e+04
4.312109999999999854e+04
5.707910000000000582e+04
9.145859999999993306e+04
1.475666000000000058e+05
1.468254999999999418e+05
9.394509999999999127e+04
4.786720000000000437e+04
4.063099999999999272e+04
4.169730000000001746e+04
3.799950000000001455e+04
5.195359999999999127e+04
6.583480000000001746e+04
1.111529000000000087e+05
1.417693999999999942e+05
1.054745000000000000e+05
5.812919999999998254e+04
3.567240000000000146e+04
4.160769999999999709e+04
3.587259999999999127e+04
3.874629999999998836e+04
4.696529999999998108e+04
5.069760000000002037e+04
7.644890000000003783e+04
7.539449999999997090e+04
8.037089999999999418e+04
6.498529999999998836e+04
4.944660000000000582e+04
4.602200000000001455e+04
3.458170000000001164e+04
4.789909999999997672e+04
5.955830000000000291e+04
1.002627000000000262e+05
1.430741999999999825e+05
1.157110999999999767e+05
7.354539999999999418e+04
4.397960000000000582e+04
4.492480000000001019e+04
4.744090000000000146e+04
4.140480000000000291e+04
6.176000000000001455e+04
8.060430000000000291e+04
1.406113000000000175e+05
1.770600999999999767e+05
1.489741999999999825e+05
8.433810000000002037e+04
5.338489999999997235e+04
4.015610000000000582e+04
3.540829999999998836e+04
4.853130000000000291e+04
5.425740000000001601e+04
8.971979999999997381e+04
1.284644999999999854e+05
1.580734999999999709e+05
1.218037999999999447e+05
6.494730000000001746e+04
4.663350000000002910e+04
3.123169999999999709e+04
3.561399999999999272e+04
4.346570000000000437e+04
6.556390000000003783e+04
1.152283000000000175e+05
1.600551000000000349e+05
1.716139000000000233e+05
1.108249000000000087e+05
5.711690000000000146e+04
4.216859999999998399e+04
2.857670000000000437e+04
3.346190000000002328e+04
3.382309999999999127e+04
3.427089999999998690e+04
3.490799999999999272e+04
4.123469999999996799e+04
7.060009999999997672e+04
6.687730000000000291e+04
3.931620000000001892e+04
4.401980000000000291e+04
4.251180000000000291e+04
5.514469999999999709e+04
7.789429999999995925e+04
1.179914999999999709e+05
1.515970999999999185e+05
1.140138999999999942e+05
6.257910000000001310e+04
3.849600000000000728e+04
3.855369999999998981e+04
3.392999999999999272e+04
4.744829999999998108e+04
6.183030000000000291e+04
8.540710000000000582e+04
1.318961999999999825e+05
1.376376000000000349e+05
1.064389999999999709e+05
5.851119999999999709e+04
3.857109999999999127e+04
3.795809999999999854e+04
3.465859999999998399e+04
5.530340000000000873e+04
6.951000000000002910e+04
1.066927999999999884e+05
1.543608999999999651e+05
1.260510000000000000e+05
7.790990000000002328e+04
4.501129999999999563e+04
4.280810000000000582e+04
3.947319999999998981e+04
3.895739999999999418e+04
5.268929999999998108e+04
7.235740000000000873e+04
1.301086000000000204e+05
1.727152000000000116e+05
1.586996999999999825e+05
9.325780000000001746e+04
5.889880000000000291e+04
3.908159999999998399e+04
3.291780000000000291e+04
3.981429999999998836e+04
4.788880000000001746e+04
8.522620000000001164e+04
1.311105999999999767e+05
1.712130999999999185e+05
1.332799999999999709e+05
6.861069999999998254e+04
5.200620000000001892e+04
3.502480000000001019e+04
3.686829999999998836e+04
4.874420000000001164e+04
7.771150000000001455e+04
1.303988000000000029e+05
1.619064000000000233e+05
1.513569999999999418e+05
8.325490000000003783e+04
5.170790000000001601e+04
4.477250000000002183e+04
3.713040000000000873e+04
5.172629999999999563e+04
6.882929999999998836e+04
1.076159000000000378e+05
1.543683999999999360e+05
1.500222000000000116e+05
9.343170000000006985e+04
4.709169999999997526e+04
4.258230000000001746e+04
3.776429999999998836e+04
3.915490000000000146e+04
5.386189999999999418e+04
6.628290000000002328e+04
1.062459999999999854e+05
1.206234000000000233e+05
8.964189999999996508e+04
5.438299999999999272e+04
3.657489999999998690e+04
4.268479999999999563e+04
3.633340000000000146e+04
3.937130000000000291e+04
5.263449999999999272e+04
6.451179999999996653e+04
1.012314999999999854e+05
9.213289999999997963e+04
6.952220000000002619e+04
5.765610000000000582e+04
3.963989999999998690e+04
3.633840000000001601e+04
2.768439999999999418e+04
2.534079999999999200e+04
2.544279999999999927e+04
2.641600000000000000e+04
4.322690000000000146e+04
7.640189999999999418e+04
7.362459999999999127e+04
3.846090000000000873e+04
2.539439999999999418e+04
2.827920000000001164e+04
3.036310000000000218e+04
4.021940000000002328e+04
6.659680000000001746e+04
1.024841999999999825e+05
1.502094000000000815e+05
1.381584000000000233e+05
7.341480000000001746e+04
4.864340000000000146e+04
3.740839999999998690e+04
3.144690000000001965e+04
4.270610000000000582e+04
5.292309999999998399e+04
9.108860000000000582e+04
1.287726999999999680e+05
1.429086999999999825e+05
1.008321999999999680e+05
5.352809999999997672e+04
4.923700000000000000e+04
3.830990000000000146e+04
3.968840000000000146e+04
5.206770000000001892e+04
7.234090000000002328e+04
1.155946000000000349e+05
1.421079999999999418e+05
1.057462000000000116e+05
5.494789999999998690e+04
4.052069999999999709e+04
4.170840000000000873e+04
3.422889999999999418e+04
4.449559999999999854e+04
5.446860000000001310e+04
8.260760000000003492e+04
1.152553000000000611e+05
1.049261999999999825e+05
6.790979999999997381e+04
3.826729999999998108e+04
3.411449999999999272e+04
3.466600000000000728e+04
3.036700000000000000e+04
3.978719999999999709e+04
4.664820000000002619e+04
6.761269999999998254e+04
7.831519999999996799e+04
5.998709999999999854e+04
4.461490000000001601e+04
3.157570000000000073e+04
3.687429999999998836e+04
3.285309999999999854e+04
3.870120000000000437e+04
5.008900000000001455e+04
5.831230000000001746e+04
8.261759999999997672e+04
7.827109999999999127e+04
5.119520000000001164e+04
3.606019999999998981e+04
3.719559999999999854e+04
4.987929999999998836e+04
4.027799999999999272e+04
5.370209999999998399e+04
6.330319999999998981e+04
9.652139999999999418e+04
1.207972000000000116e+05
8.839580000000000291e+04
6.427749999999998545e+04
4.980209999999999854e+04
3.812859999999999854e+04
2.550760000000000946e+04
2.536399999999999272e+04
2.683649999999998909e+04
2.977519999999999709e+04
3.260319999999999709e+04
4.470340000000000146e+04
7.855319999999999709e+04
1.479609999999999418e+05
1.184943000000000320e+05
7.837069999999998254e+04
6.261570000000001164e+04
3.560970000000001164e+04
4.263530000000001019e+04
4.330219999999999709e+04
6.314859999999999854e+04
7.134650000000000000e+04
7.034739999999999418e+04
6.136150000000002183e+04
4.636219999999998981e+04
3.822119999999999709e+04
2.706740000000000873e+04
2.967820000000000073e+04
2.675159999999999491e+04
3.339880000000000291e+04
6.048740000000000873e+04
7.155069999999999709e+04
4.935319999999999709e+04
3.378260000000000582e+04
2.704469999999999709e+04
3.700560000000000582e+04
3.600729999999999563e+04
4.989489999999998690e+04
6.201289999999999418e+04
7.501630000000000291e+04
6.626550000000000000e+04
5.012790000000000146e+04
4.291029999999998836e+04
4.274150000000000728e+04
4.501720000000001164e+04
3.500219999999999709e+04
4.961590000000000146e+04
4.975120000000001164e+04
7.136900000000002910e+04
7.339879999999994470e+04
5.507509999999998399e+04
4.797169999999998981e+04
3.436829999999999563e+04
3.773079999999999563e+04
3.403619999999999709e+04
3.214570000000000073e+04
4.283910000000002037e+04
4.486460000000001310e+04
6.599199999999998545e+04
5.595119999999999709e+04
5.278260000000001310e+04
5.625040000000000873e+04
4.162090000000000873e+04
4.952119999999998254e+04
3.608459999999999854e+04
4.858449999999998545e+04
6.202069999999998981e+04
8.928680000000000291e+04
1.143509999999999854e+05
9.376820000000002619e+04
5.890299999999998545e+04
3.967640000000000873e+04
4.201110000000001310e+04
3.295850000000000728e+04
3.569500000000000728e+04
4.728459999999998399e+04
6.459449999999997817e+04
9.264779999999998836e+04
9.686369999999998254e+04
7.179180000000000291e+04
4.083559999999999854e+04
3.728219999999998981e+04
3.777230000000001019e+04
2.923119999999999345e+04
3.894840000000000146e+04
4.673820000000000437e+04
6.106940000000000873e+04
7.602280000000001746e+04
6.477210000000002037e+04
4.243750000000002183e+04
2.917479999999999563e+04
3.541859999999999127e+04
3.501080000000001019e+04
3.060569999999999345e+04
4.216640000000000873e+04
4.851779999999998108e+04
7.098300000000001455e+04
7.165690000000000873e+04
4.944399999999998545e+04
3.650050000000000000e+04
3.282389999999999418e+04
4.429390000000000146e+04
3.451129999999999563e+04
3.404369999999999709e+04
4.036719999999999709e+04
4.680509999999998399e+04
5.762600000000000000e+04
4.846000000000001455e+04
4.147680000000000291e+04
3.512619999999999709e+04
3.882269999999999709e+04
4.179410000000001310e+04
3.000770000000000073e+04
3.797659999999999854e+04
3.447719999999999709e+04
4.007160000000000582e+04
4.120490000000002328e+04
3.513570000000001164e+04
4.933860000000000582e+04
4.593390000000000873e+04
3.789609999999998399e+04
2.936479999999998836e+04
2.119320000000000437e+04
2.062280000000000291e+04
2.284059999999999854e+04
3.119150000000001091e+04
4.981990000000001601e+04
5.277820000000000437e+04
3.685120000000001892e+04
2.701889999999999054e+04
2.610479999999999563e+04
3.399179999999999563e+04
3.763909999999999854e+04
5.554480000000001746e+04
7.577289999999999418e+04
9.288070000000004075e+04
8.960419999999996799e+04
5.504380000000002474e+04
3.447779999999998836e+04
3.883119999999998981e+04
3.576000000000000000e+04
3.620519999999998981e+04
5.097209999999999854e+04
6.052169999999999709e+04
8.993659999999997672e+04
9.119419999999999709e+04
6.619419999999998254e+04
4.408730000000001019e+04
3.945830000000001019e+04
4.095629999999999563e+04
3.131450000000000364e+04
3.873680000000002474e+04
4.910360000000000582e+04
6.393859999999999127e+04
7.943620000000001164e+04
6.807559999999999127e+04
4.953099999999998545e+04
3.644930000000000291e+04
4.059390000000000873e+04
3.759500000000000728e+04
3.250980000000000655e+04
4.476839999999997963e+04
4.927060000000003492e+04
6.941109999999999127e+04
7.226310000000000582e+04
5.457360000000000582e+04
4.423650000000000000e+04
3.636390000000000146e+04
4.194840000000000146e+04
3.285220000000000437e+04
3.670900000000000728e+04
4.694880000000002474e+04
5.434490000000003056e+04
6.778930000000001746e+04
5.409169999999999709e+04
4.659139999999999418e+04
4.034490000000000146e+04
3.976049999999999272e+04
4.262270000000000437e+04
3.140719999999999345e+04
4.047920000000000437e+04
3.872639999999998690e+04
4.792269999999997526e+04
5.104870000000000437e+04
4.365500000000000000e+04
5.684640000000001601e+04
4.743220000000000437e+04
4.852650000000000728e+04
4.006360000000000582e+04
3.693640000000000146e+04
5.037640000000000146e+04
5.927259999999997672e+04
8.799270000000001164e+04
8.660069999999998254e+04
6.284059999999999854e+04
3.863259999999999854e+04
3.682950000000001455e+04
3.656479999999999563e+04
3.320259999999999127e+04
4.686190000000001601e+04
5.872969999999998254e+04
7.846260000000002037e+04
9.512509999999999127e+04
8.750709999999999127e+04
5.629739999999999418e+04
4.142969999999998981e+04
4.401580000000000291e+04
3.401230000000001746e+04
4.066359999999999854e+04
5.264530000000001019e+04
5.959399999999999272e+04
8.168979999999997381e+04
8.666920000000001164e+04
7.806380000000001746e+04
6.010040000000000146e+04
4.611849999999997817e+04
3.531439999999997235e+04
2.408369999999998981e+04
2.262539999999999418e+04
2.237539999999999418e+04
2.404329999999999200e+04
3.387190000000000873e+04
4.871060000000000582e+04
5.238980000000000291e+04
3.956430000000000291e+04
2.760790000000001601e+04
3.088680000000001019e+04
3.312309999999999854e+04
3.807500000000001455e+04
4.919430000000001019e+04
6.221699999999997090e+04
6.795459999999999127e+04
5.379630000000001019e+04
4.115440000000000146e+04
3.357370000000000437e+04
4.262689999999997963e+04
3.509539999999999418e+04
3.861610000000000582e+04
5.105930000000001019e+04
5.756839999999999418e+04
7.462360000000000582e+04
5.929530000000001019e+04
4.183650000000000000e+04
3.212199999999998909e+04
3.405740000000000146e+04
3.637440000000000146e+04
3.175670000000000437e+04
4.463459999999999127e+04
5.024860000000001310e+04
6.738850000000001455e+04
7.372909999999997672e+04
4.993130000000000291e+04
4.173279999999999563e+04
3.408929999999999563e+04
3.977280000000000291e+04
3.682709999999999854e+04
3.810719999999998981e+04
5.453740000000002328e+04
6.148830000000001746e+04
8.587499999999998545e+04
8.765010000000002037e+04
6.230550000000000728e+04
4.086819999999998981e+04
4.483289999999999418e+04
4.041779999999999563e+04
3.485809999999999127e+04
4.879019999999999709e+04
5.658729999999998108e+04
7.586799999999998545e+04
8.571149999999998545e+04
7.516310000000000582e+04
4.854040000000003056e+04
3.926299999999997817e+04
4.415129999999998108e+04
3.761850000000000728e+04
4.022919999999999709e+04
5.235349999999999272e+04
6.368080000000001746e+04
8.425730000000003201e+04
8.617019999999998254e+04
5.791340000000001601e+04
3.566490000000000873e+04
3.845389999999998690e+04
4.299259999999999854e+04
3.670109999999998399e+04
5.064170000000000437e+04
5.987719999999997526e+04
7.423080000000000291e+04
8.920130000000000291e+04
7.135500000000002910e+04
4.839679999999998836e+04
3.576660000000001310e+04
4.545739999999997235e+04
4.332009999999999127e+04
3.550079999999999563e+04
4.866339999999998690e+04
5.176309999999998399e+04
6.478229999999999563e+04
6.272579999999999563e+04
4.154509999999999854e+04
3.313530000000000291e+04
3.559120000000000437e+04
4.229540000000000146e+04
3.087679999999998472e+04
3.803670000000000437e+04
4.069729999999998836e+04
4.428200000000000000e+04
5.338130000000000291e+04
4.342839999999999418e+04
4.245470000000001164e+04
4.234990000000000146e+04
3.236199999999999636e+04
2.427820000000001164e+04
2.100849999999999636e+04
1.880309999999999854e+04
1.989039999999999418e+04
2.540760000000001310e+04
3.828150000000001455e+04
5.111569999999998254e+04
4.559569999999999709e+04
3.061040000000000509e+04
2.265310000000000582e+04
2.639050000000000000e+04
2.945879999999999200e+04
3.583829999999999563e+04
5.532460000000001310e+04
7.059199999999998545e+04
8.128150000000001455e+04
7.538840000000002328e+04
5.326900000000000000e+04
4.835469999999998981e+04
3.810860000000000582e+04
3.188319999999998981e+04
4.057030000000000291e+04
5.130100000000000728e+04
7.330259999999999127e+04
8.513909999999999127e+04
8.156669999999996799e+04
6.210189999999997963e+04
4.954869999999998981e+04
4.601480000000000291e+04
3.249139999999999054e+04
3.316450000000000000e+04
3.975060000000002037e+04
5.006259999999998399e+04
6.341640000000000873e+04
6.394119999999999709e+04
5.126940000000000146e+04
3.633689999999999418e+04
3.816229999999999563e+04
3.852180000000000291e+04
3.224340000000000146e+04
4.102209999999998399e+04
5.050980000000000291e+04
6.174729999999999563e+04
7.264680000000000291e+04
6.357709999999999127e+04
4.395079999999998108e+04
3.621920000000001164e+04
4.022670000000001892e+04
3.399770000000001164e+04
3.536519999999998254e+04
4.921340000000000873e+04
5.511469999999998254e+04
6.766389999999997963e+04
7.170580000000000291e+04
5.371450000000000000e+04
3.704009999999999854e+04
3.522629999999998836e+04
3.913019999999998254e+04
3.174220000000000800e+04
3.747000000000000000e+04
4.692309999999997672e+04
6.003670000000001164e+04
8.034959999999997672e+04
7.047259999999997672e+04
4.806100000000000000e+04
3.414159999999998399e+04
3.572750000000000728e+04
3.482629999999999563e+04
3.113499999999999636e+04
4.344430000000000291e+04
5.534129999999999563e+04
7.654510000000000582e+04
8.529159999999999127e+04
7.127199999999998545e+04
4.982380000000000291e+04
4.273110000000000582e+04
4.398929999999998836e+04
3.315200000000000000e+04
3.791869999999999709e+04
4.637340000000000146e+04
5.782159999999999854e+04
6.895080000000000291e+04
6.409219999999997526e+04
5.026840000000000873e+04
4.220850000000000000e+04
4.449159999999999854e+04
3.480690000000000146e+04
3.020500000000000728e+04
3.932800000000001455e+04
4.698550000000000000e+04
6.162559999999999854e+04
7.322799999999997090e+04
7.001219999999998254e+04
5.674610000000001310e+04
4.288100000000000728e+04
3.499259999999999854e+04
2.524889999999999782e+04
1.951849999999999636e+04
1.891490000000000509e+04
1.917329999999999563e+04
2.329909999999999127e+04
3.717399999999999272e+04
5.331139999999999418e+04
4.773679999999999563e+04
3.039809999999998399e+04
2.695830000000001382e+04
3.118330000000000291e+04
3.134610000000000582e+04
3.562520000000000437e+04
4.303420000000000437e+04
4.852920000000001892e+04
4.225940000000001601e+04
3.300239999999999418e+04
2.940659999999999854e+04
3.224789999999999418e+04
3.098179999999998836e+04
2.860029999999999563e+04
4.104180000000001019e+04
4.328999999999999272e+04
5.474630000000002474e+04
5.833700000000000000e+04
3.819170000000000437e+04
3.085909999999999491e+04
3.044960000000000582e+04
3.433120000000001892e+04
2.903900000000000000e+04
3.447199999999999272e+04
4.226779999999999563e+04
4.891429999999997381e+04
6.286150000000000000e+04
4.919590000000000146e+04
4.182630000000001019e+04
3.507779999999999563e+04
3.336429999999999563e+04
3.948489999999999418e+04
3.094879999999999563e+04
3.787669999999998254e+04
4.817129999999997381e+04
5.808929999999998836e+04
6.536219999999998981e+04
5.512480000000001746e+04
4.229430000000001746e+04
4.092919999999998981e+04
3.693529999999998836e+04
2.700280000000000291e+04
3.335339999999999418e+04
4.066800000000000728e+04
5.081769999999998254e+04
6.254719999999998981e+04
6.102619999999998981e+04
5.158480000000000291e+04
4.139210000000000582e+04
4.187269999999998981e+04
3.302630000000000291e+04
2.953500000000000728e+04
4.064429999999999563e+04
4.530530000000000291e+04
5.726359999999999127e+04
6.175859999999999127e+04
5.215209999999999127e+04
4.158269999999998981e+04
3.594910000000000582e+04
3.946230000000001746e+04
3.238540000000000873e+04
3.027420000000000437e+04
4.062840000000001601e+04
4.426240000000000873e+04
5.126850000000000728e+04
4.683840000000000873e+04
3.189529999999999563e+04
2.539929999999998836e+04
2.946739999999998690e+04
3.073320000000000437e+04
2.597640000000000509e+04
3.414669999999999709e+04
3.659690000000000873e+04
4.056259999999999854e+04
4.701449999999999272e+04
3.632659999999997672e+04
3.023929999999999563e+04
3.040370000000000437e+04
3.483049999999999272e+04
3.010199999999998909e+04
2.543109999999999854e+04
3.123990000000000509e+04
3.179279999999999927e+04
3.772300000000001455e+04
3.628799999999999272e+04
3.423319999999998254e+04
3.836750000000000728e+04
3.358840000000000146e+04
2.994749999999999272e+04
2.462319999999998618e+04
2.041629999999999927e+04
1.997080000000000655e+04
1.978799999999999636e+04
2.388349999999999636e+04
3.668839999999999418e+04
4.802549999999999272e+04
3.746639999999999418e+04
2.602829999999999563e+04
2.954130000000000291e+04
3.132450000000000364e+04
3.416139999999999418e+04
4.385979999999998108e+04
5.509510000000000582e+04
5.654490000000000873e+04
4.863860000000000582e+04
3.892609999999999127e+04
3.593929999999998836e+04
3.171110000000000218e+04
2.466630000000001019e+04
2.950159999999999854e+04
3.418979999999999563e+04
4.082499999999997817e+04
4.842360000000000582e+04
4.616150000000000728e+04
4.120659999999999854e+04
3.592870000000001164e+04
3.851400000000001455e+04
3.391529999999999563e+04
2.756350000000000728e+04
3.623019999999999709e+04
4.131409999999999127e+04
5.024770000000001892e+04
5.510590000000000146e+04
4.432709999999999854e+04
3.342969999999999709e+04
3.212390000000000873e+04
3.586690000000000873e+04
2.855860000000000946e+04
3.042329999999998836e+04
3.953709999999999127e+04
4.228699999999999272e+04
5.152059999999999854e+04
4.526600000000002183e+04
3.263729999999999200e+04
2.797389999999999782e+04
2.986899999999999272e+04
3.417989999999997963e+04
2.657029999999999927e+04
3.122109999999999127e+04
3.485170000000001164e+04
3.782080000000001019e+04
4.422189999999998690e+04
3.383240000000000873e+04
2.661900000000000000e+04
2.563999999999999636e+04
3.184690000000000873e+04
2.920419999999998981e+04
2.692709999999999491e+04
3.460920000000000437e+04
3.667759999999999127e+04
4.891300000000000728e+04
4.520290000000001601e+04
3.628379999999999563e+04
3.250849999999998909e+04
3.085300000000000728e+04
3.936290000000000146e+04
3.238739999999999054e+04
3.470009999999999127e+04
4.337490000000002328e+04
4.961109999999999854e+04
5.668529999999999563e+04
4.970259999999999127e+04
3.867400000000000728e+04
3.835739999999999418e+04
4.403239999999998690e+04
3.255969999999998981e+04
2.912709999999999491e+04
3.519839999999999418e+04
3.894120000000001892e+04
4.800119999999999709e+04
4.497240000000000146e+04
3.782469999999999709e+04
3.597249999999997817e+04
4.174379999999998836e+04
3.610340000000000873e+04
2.737169999999999709e+04
3.386380000000000291e+04
3.798780000000000291e+04
4.759560000000000582e+04
5.494609999999999854e+04
5.162450000000002183e+04
4.383300000000001455e+04
3.420779999999999563e+04
2.890210000000001310e+04
2.211280000000000655e+04
1.930600000000000000e+04
1.914810000000000582e+04
1.861299999999998545e+04
2.201639999999999418e+04
3.378480000000001019e+04
5.024489999999999418e+04
5.123940000000001601e+04
3.365399999999998545e+04
2.523169999999998981e+04
2.986389999999999418e+04
2.898350000000000364e+04
2.951229999999999927e+04
3.499200000000000000e+04
3.624630000000000291e+04
3.030609999999999854e+04
2.365630000000000291e+04
2.365329999999999563e+04
3.066239999999998690e+04
3.192310000000000582e+04
2.581509999999999854e+04
3.229330000000000291e+04
3.461689999999999418e+04
3.639290000000000873e+04
3.948819999999999709e+04
2.823270000000000073e+04
2.433349999999999272e+04
2.800440000000000146e+04
3.558720000000000437e+04
3.125000000000000000e+04
2.891509999999999854e+04
3.507690000000000873e+04
3.475919999999999709e+04
4.157440000000000146e+04
3.742430000000001019e+04
2.902539999999999782e+04
2.962240000000000509e+04
3.577819999999998981e+04
3.707919999999999709e+04
2.732540000000001965e+04
2.896879999999999563e+04
3.332290000000000146e+04
3.772130000000001019e+04
4.444460000000001310e+04
4.119270000000000437e+04
3.539970000000000437e+04
3.457680000000001019e+04
3.181519999999999709e+04
2.412539999999999782e+04
2.436340000000000146e+04
2.662000000000000728e+04
2.867329999999999563e+04
3.523209999999998399e+04
3.655280000000000291e+04
3.403479999999999563e+04
3.344319999999999709e+04
3.384809999999999127e+04
2.784349999999999636e+04
2.139729999999998472e+04
2.422629999999999563e+04
2.828180000000000655e+04
3.190270000000001164e+04
3.774339999999998690e+04
3.725530000000001746e+04
3.256790000000000509e+04
2.864999999999998909e+04
2.554959999999999854e+04
2.226889999999999782e+04
2.096029999999999927e+04
2.545740000000000146e+04
2.784959999999999491e+04
3.216599999999999636e+04
3.814980000000000291e+04
3.423469999999999709e+04
2.895109999999999491e+04
2.741430000000000291e+04
2.635770000000000073e+04
2.260960000000000218e+04
2.222079999999999563e+04
2.483360000000000218e+04
2.812449999999999272e+04
3.924690000000000146e+04
3.960470000000000437e+04
3.146750000000000000e+04
3.009849999999999636e+04
2.840839999999999782e+04
2.582510000000000582e+04
2.111059999999998763e+04
1.992240000000000509e+04
2.041579999999999563e+04
2.273350000000001091e+04
2.824730000000001019e+04
2.804789999999999054e+04
3.200420000000001164e+04
3.351669999999998254e+04
2.536349999999999636e+04
2.231089999999999418e+04
2.164689999999999782e+04
2.084869999999999709e+04
2.388710000000001310e+04
2.782080000000001382e+04
2.986470000000000437e+04
2.957640000000000509e+04
2.529230000000000655e+04
2.099489999999999782e+04
1.992859999999999127e+04
2.096269999999999709e+04
2.066590000000000146e+04
2.347550000000001091e+04
3.134840000000000509e+04
3.593009999999999854e+04
3.623229999999998836e+04
3.614709999999999854e+04
3.316709999999998399e+04
2.699099999999999272e+04
2.139629999999999563e+04
1.938799999999998909e+04
2.094790000000000146e+04
2.365909999999999127e+04
3.144369999999999709e+04
4.100699999999998545e+04
4.110400000000000000e+04
3.678220000000000437e+04
3.139069999999999709e+04
2.386709999999999491e+04
2.015579999999999563e+04
2.021550000000000364e+04
2.116299999999999636e+04
2.322940000000000873e+04
3.169519999999999345e+04
3.628559999999999854e+04
3.293260000000000582e+04
3.288220000000000437e+04
2.887820000000001164e+04
2.198939999999999782e+04
2.102189999999999782e+04
1.998870000000000800e+04
1.862049999999999636e+04
1.986580000000000291e+04
2.331730000000000291e+04
2.359660000000000946e+04
2.668470000000000800e+04
3.230409999999999491e+04
2.688139999999999782e+04
2.143450000000000000e+04
2.203350000000000364e+04
2.012559999999999491e+04
2.052740000000001237e+04
2.156459999999999854e+04
2.077140000000000509e+04
2.191209999999999491e+04
3.050739999999999782e+04
3.448579999999998108e+04
2.528860000000000218e+04
2.151230000000000291e+04
2.192259999999999491e+04
1.992220000000000800e+04
2.079669999999999345e+04
2.087270000000000073e+04
2.036900000000000000e+04
2.510130000000000655e+04
3.424579999999999563e+04
3.335649999999999272e+04
2.385950000000000364e+04
2.243370000000000437e+04
2.457019999999998981e+04
2.308319999999999345e+04
2.455099999999999272e+04
2.526089999999999054e+04
2.483430000000000291e+04
2.681730000000000655e+04
2.810060000000000582e+04
2.490459999999998399e+04
2.019569999999999709e+04
2.121129999999999927e+04
2.400459999999999491e+04
2.531470000000000073e+04
2.910729999999999200e+04
3.195899999999999636e+04
3.213409999999999854e+04
3.025450000000001091e+04
2.570300000000000728e+04
2.125809999999999491e+04
1.981499999999999636e+04
2.047569999999999709e+04
2.109420000000000073e+04
2.226530000000000291e+04
2.587670000000000073e+04
2.872370000000000073e+04
3.013360000000000218e+04
2.684749999999999636e+04
2.136090000000000146e+04
2.100930000000000291e+04
2.097570000000001164e+04
1.996859999999999491e+04
2.340799999999999272e+04
2.525559999999998763e+04
2.261640000000000509e+04
2.109320000000000073e+04
2.015460000000000218e+04
2.012630000000000655e+04
2.020159999999999491e+04
1.885729999999999200e+04
1.833380000000000655e+04
1.957469999999998981e+04
2.024949999999998545e+04
2.044299999999999272e+04
2.250500000000000000e+04
2.606930000000000291e+04
2.602719999999999345e+04
2.241179999999999563e+04
1.938530000000000291e+04
1.899070000000000073e+04
1.917589999999999782e+04
1.872430000000000291e+04
1.903349999999999272e+04
2.070630000000000655e+04
2.556830000000001019e+04
3.078609999999999491e+04
3.128409999999999491e+04
2.541240000000001237e+04
2.095479999999999927e+04
2.032929999999999927e+04
2.036730000000001019e+04
1.899729999999999563e+04
1.906819999999999345e+04
2.200639999999999782e+04
2.634780000000000291e+04
2.974379999999999563e+04
2.868909999999998763e+04
2.413390000000000509e+04
2.127869999999998981e+04
2.559489999999999782e+04
2.932490000000000509e+04
2.965399999999998909e+04
3.876470000000000437e+04
5.112699999999998545e+04
4.686440000000000873e+04
3.104470000000000073e+04
2.099619999999999709e+04
1.988170000000000800e+04
2.117779999999999563e+04
2.202800000000000000e+04
2.292329999999999563e+04
2.657599999999999272e+04
3.378740000000000146e+04
3.808949999999999272e+04
3.371179999999998836e+04
2.402640000000000146e+04
1.933719999999999345e+04
1.922649999999999272e+04
2.004719999999999709e+04
2.021920000000000073e+04
2.057109999999999491e+04
2.282800000000000364e+04
2.693680000000000655e+04
2.960989999999999782e+04
2.706139999999998690e+04
2.134959999999999854e+04
1.850629999999999563e+04
1.931910000000000218e+04
2.030050000000001091e+04
2.055929999999999927e+04
2.135970000000000437e+04
2.340790000000000146e+04
2.507600000000001091e+04
2.459780000000000291e+04
2.181859999999999491e+04
1.908460000000000582e+04
1.848440000000000509e+04
1.997390000000000873e+04
2.114210000000000218e+04
2.154190000000000509e+04
2.207289999999999782e+04
2.284830000000000291e+04
2.264670000000000073e+04
2.108110000000000582e+04
1.944280000000000291e+04
1.826490000000000146e+04
1.783550000000000000e+04
1.853239999999999782e+04
1.997530000000000655e+04
2.062719999999999709e+04
2.158819999999999709e+04
2.409920000000000800e+04
2.440709999999999127e+04
2.090870000000000800e+04
1.928400000000000000e+04
2.002790000000001237e+04
1.964990000000001237e+04
2.039640000000000146e+04
2.390779999999999927e+04
2.527450000000000728e+04
2.299559999999999127e+04
2.026600000000000000e+04
1.959350000000000000e+04
2.053420000000000437e+04
2.082579999999999927e+04
1.954990000000000146e+04
2.036040000000001237e+04
2.362670000000000437e+04
2.549610000000000218e+04
2.710550000000001091e+04
2.959389999999999054e+04
2.916979999999999200e+04
2.464480000000000291e+04
1.964670000000000073e+04
1.909290000000000146e+04
2.198169999999999709e+04
2.323140000000001601e+04
2.393020000000000437e+04
2.876279999999999563e+04
3.580719999999998981e+04
3.752189999999998690e+04
3.161910000000000218e+04
2.299529999999999563e+04
1.939170000000000073e+04
2.087780000000000655e+04
2.314080000000000655e+04
2.373849999999999636e+04
2.535999999999999636e+04
3.126969999999999709e+04
3.644559999999999854e+04
3.530330000000000291e+04
2.827079999999998472e+04
2.109750000000000000e+04
1.932419999999998981e+04
2.179659999999999491e+04
2.489120000000000073e+04
2.602729999999998836e+04
2.778729999999999200e+04
3.336039999999999418e+04
3.877439999999998690e+04
3.660230000000001019e+04
2.738899999999999636e+04
2.017019999999999709e+04
2.049529999999999927e+04
2.324270000000000073e+04
2.361719999999999345e+04
2.317130000000001382e+04
2.505440000000000146e+04
2.902629999999999200e+04
3.135549999999998909e+04
2.974470000000000073e+04
2.418450000000000000e+04
1.957060000000000946e+04
1.988820000000000073e+04
2.310100000000000364e+04
2.377890000000000509e+04
2.217620000000000800e+04
2.454229999999999200e+04
3.049249999999999636e+04
3.260929999999999927e+04
2.695260000000000582e+04
2.033030000000001019e+04
1.979709999999999491e+04
2.278549999999999272e+04
2.449100000000000364e+04
2.661860000000000582e+04
3.346670000000000437e+04
4.281280000000001019e+04
4.517380000000000291e+04
3.545469999999998981e+04
2.404880000000001019e+04
2.113420000000000437e+04
2.441189999999999782e+04
2.575749999999999636e+04
2.455409999999999854e+04
2.704799999999999272e+04
3.672280000000001019e+04
4.596259999999998399e+04
4.379500000000000000e+04
3.152089999999999782e+04
2.187530000000000291e+04
2.258800000000000000e+04
2.585489999999998690e+04
2.493820000000000437e+04
2.509899999999999272e+04
3.075169999999999345e+04
3.631000000000000000e+04
3.335859999999999127e+04
2.541150000000000364e+04
2.014670000000000073e+04
1.819080000000000291e+04
1.715470000000000073e+04
