1.329469000000000233e+05
1.148140999999999913e+05
8.831620000000002619e+04
6.050520000000000437e+04
3.741259999999999127e+04
4.891240000000000873e+04
7.141100000000000000e+04
1.117421999999999680e+05
2.042661000000000931e+05
2.682813000000001048e+05
2.194272999999999884e+05
1.190333000000000029e+05
4.794660000000002037e+04
2.952310000000000582e+04
3.714800000000000728e+04
4.000809999999999127e+04
5.813900000000000728e+04
1.211558999999999651e+05
1.811462000000001572e+05
1.730423000000001048e+05
1.117908999999999942e+05
5.697810000000000582e+04
2.915220000000001164e+04
2.576119999999998618e+04
3.512970000000000437e+04
4.652240000000000146e+04
8.682459999999996217e+04
1.614670000000000000e+05
1.957397999999999884e+05
1.436706000000000058e+05
6.915960000000003492e+04
2.906590000000000146e+04
1.932439999999999782e+04
2.311400000000000364e+04
3.144500000000001455e+04
5.561789999999998690e+04
1.109053999999999942e+05
1.480418000000000175e+05
1.230701999999999534e+05
6.933550000000002910e+04
3.178069999999999345e+04
1.919119999999999709e+04
1.886390000000000146e+04
2.549600000000000728e+04
4.337390000000000873e+04
8.366230000000003201e+04
1.389423000000000175e+05
1.564828000000000466e+05
1.180455000000000291e+05
6.291879999999997381e+04
2.977799999999999636e+04
2.026530000000000291e+04
2.107120000000001164e+04
3.182760000000000218e+04
5.542580000000000291e+04
1.112852999999999884e+05
1.659817000000000407e+05
1.482139000000000233e+05
8.868900000000001455e+04
4.636950000000000728e+04
2.518340000000000146e+04
2.172500000000000000e+04
2.301920000000000073e+04
3.510840000000002328e+04
6.499670000000000437e+04
1.738884000000000233e+05
3.535235999999998603e+05
3.626202000000001863e+05
1.824894000000000524e+05
6.503000000000002183e+04
3.704350000000000728e+04
2.553809999999999854e+04
3.039240000000001237e+04
5.062559999999999127e+04
1.151939999999999563e+05
2.740281000000000931e+05
3.935708000000000466e+05
2.848413000000000466e+05
1.106738000000000175e+05
5.239430000000000291e+04
3.579659999999999854e+04
3.233570000000000073e+04
4.356970000000001892e+04
7.394499999999998545e+04
1.875173999999999360e+05
3.355813000000000466e+05
3.382151000000000349e+05
1.820233999999999651e+05
7.114399999999995634e+04
5.151660000000001310e+04
4.027030000000000291e+04
5.927520000000000437e+04
7.344639999999996508e+04
1.066382000000000116e+05
1.185175000000000291e+05
9.781600000000000000e+04
1.869228999999999942e+05
2.116692999999999593e+05
1.107838000000000029e+05
7.638459999999994761e+04
5.356579999999998836e+04
6.788830000000003201e+04
1.113802000000000553e+05
1.817608999999999360e+05
3.326504000000000233e+05
3.301646000000001513e+05
1.534449999999999418e+05
5.160070000000001164e+04
4.077409999999999854e+04
4.270400000000000000e+04
4.614570000000001164e+04
8.053429999999997381e+04
1.559393000000000175e+05
2.914021999999999534e+05
3.864822999999999884e+05
2.663977999999999302e+05
9.243700000000004366e+04
4.030869999999998254e+04
3.333819999999999709e+04
3.460000000000000728e+04
5.270389999999998690e+04
9.634879999999998836e+04
1.819635999999999185e+05
2.797462000000000116e+05
2.658230000000001164e+05
1.339792999999999593e+05
4.538360000000000582e+04
2.908529999999999563e+04
2.921400000000000000e+04
3.315180000000001019e+04
6.046540000000000873e+04
1.203456000000000058e+05
2.338686000000000058e+05
3.742408999999999651e+05
3.376580999999999767e+05
1.529671999999999534e+05
5.805860000000000582e+04
3.448840000000000146e+04
2.634650000000001819e+04
4.007100000000000000e+04
6.558400000000000000e+04
1.428616000000000931e+05
2.766394999999999418e+05
3.518153999999999651e+05
2.482695999999999185e+05
9.536109999999996217e+04
4.929800000000000000e+04
3.489019999999999709e+04
3.539999999999999272e+04
5.299509999999999854e+04
1.061283000000000175e+05
2.403257000000000698e+05
3.441501000000001513e+05
2.989872000000000698e+05
1.457556000000000349e+05
5.527249999999999272e+04
4.424230000000002474e+04
3.533340000000000146e+04
4.821060000000002037e+04
7.326199999999998545e+04
1.513506000000000349e+05
2.614508000000000466e+05
2.687973999999999651e+05
1.703820999999999767e+05
6.865209999999993306e+04
3.566549999999999272e+04
3.415050000000000000e+04
3.454840000000001601e+04
5.263830000000001019e+04
8.773580000000001746e+04
1.736659999999999127e+05
2.442308999999999651e+05
2.138254999999999709e+05
1.199894999999999709e+05
4.587239999999997235e+04
2.946789999999997963e+04
3.087080000000000291e+04
3.575359999999998399e+04
6.162519999999998981e+04
1.191452000000000407e+05
2.004810000000000291e+05
2.212349000000001397e+05
1.600516000000000058e+05
8.108609999999997672e+04
3.542710000000000582e+04
2.839120000000000800e+04
3.415860000000002037e+04
4.420669999999998981e+04
7.244970000000002619e+04
9.552789999999999418e+04
7.548299999999998545e+04
1.022628000000000175e+05
1.843851999999999825e+05
1.541890000000000291e+05
7.748600000000001455e+04
6.471069999999998981e+04
4.692129999999998836e+04
6.430229999999997381e+04
1.011466000000000204e+05
2.238249999999999127e+05
4.561339999999999418e+05
4.383285000000002328e+05
1.973979000000000233e+05
7.762490000000002328e+04
4.426770000000000437e+04
2.944740000000000873e+04
3.726210000000000582e+04
5.277939999999998690e+04
1.225586999999999825e+05
2.682326999999998952e+05
3.878940000000003492e+05
2.902671000000000931e+05
1.183860999999999913e+05
6.455239999999997235e+04
4.225050000000002183e+04
4.070629999999999563e+04
5.750019999999998981e+04
9.854209999999994761e+04
2.420281999999999534e+05
4.186502999999999302e+05
4.297595999999998603e+05
2.284524999999999127e+05
8.382139999999997963e+04
5.911549999999998545e+04
3.831939999999997235e+04
4.936869999999998981e+04
6.529890000000000873e+04
1.422088999999999651e+05
2.707992000000000116e+05
3.095084999999999418e+05
2.367056999999999825e+05
1.025562999999999884e+05
4.956560000000001310e+04
4.122409999999999854e+04
3.794270000000001164e+04
6.103160000000000582e+04
9.769890000000000873e+04
2.174267999999999593e+05
3.336901000000002095e+05
3.210722000000000698e+05
1.795692999999999593e+05
6.444090000000000873e+04
4.390140000000000873e+04
3.353279999999999563e+04
4.376009999999999854e+04
6.120040000000000873e+04
1.206400000000000291e+05
2.310760000000000000e+05
2.809490999999996857e+05
2.187867000000000116e+05
9.496930000000003201e+04
4.086570000000000437e+04
3.495470000000000437e+04
3.050600000000000728e+04
4.203889999999999418e+04
7.312220000000004075e+04
1.536196000000000931e+05
2.905722000000000698e+05
3.692277000000001863e+05
2.495802000000000116e+05
9.560989999999997963e+04
5.233189999999999418e+04
3.324970000000001164e+04
2.790080000000001019e+04
3.779239999999999418e+04
8.639019999999999709e+04
2.066463000000000175e+05
3.995714000000001979e+05
4.400280000000001164e+05
2.365354999999999709e+05
1.078523999999999651e+05
7.142120000000005530e+04
4.191170000000001164e+04
4.460259999999999854e+04
5.206299999999999272e+04
1.208900000000000291e+05
2.549563999999999069e+05
3.836993000000002212e+05
3.109036999999997788e+05
1.323431999999999825e+05
8.212450000000000000e+04
5.730680000000001746e+04
5.871359999999999127e+04
7.110049999999997090e+04
8.916050000000000000e+04
1.408057000000000116e+05
1.084823000000000029e+05
1.373332000000000116e+05
2.229478999999999069e+05
1.429940000000000000e+05
7.586020000000001164e+04
6.627560000000002037e+04
4.895710000000001310e+04
8.373339999999997963e+04
1.323972999999999884e+05
2.525657000000000116e+05
2.966277000000001863e+05
1.795300000000000000e+05
7.483069999999999709e+04
3.562960000000001310e+04
3.850350000000001455e+04
3.327240000000001601e+04
5.163320000000002619e+04
8.371920000000005530e+04
1.747530999999999185e+05
2.806307000000001863e+05
2.512520999999999476e+05
1.540734999999999709e+05
6.538840000000000873e+04
5.010889999999997963e+04
4.318419999999999709e+04
4.798199999999999272e+04
7.618630000000000291e+04
1.270067999999999156e+05
2.355926999999999825e+05
2.151324999999999709e+05
1.351293000000001048e+05
8.512880000000001746e+04
4.190340000000000146e+04
4.014069999999998981e+04
3.207109999999999854e+04
3.200039999999999782e+04
4.969880000000001019e+04
1.150327999999999738e+05
2.427966999999998952e+05
3.549960000000001164e+05
2.917315000000000582e+05
1.326963999999999651e+05
7.920420000000001164e+04
5.265510000000001310e+04
3.330040000000002328e+04
3.520400000000000728e+04
5.865870000000000437e+04
1.298687999999999884e+05
2.810938999999999069e+05
4.017735999999999767e+05
2.697310000000000000e+05
1.381320000000000000e+05
9.873390000000003783e+04
5.155620000000001164e+04
4.354399999999999272e+04
5.451240000000000146e+04
1.365582999999999884e+05
2.293510999999999767e+05
3.216428999999999069e+05
2.703140000000000582e+05
1.138001000000000204e+05
7.379880000000000291e+04
4.625530000000001019e+04
3.683340000000002328e+04
5.118459999999997672e+04
1.087882999999999738e+05
2.198616000000000640e+05
3.300293000000000466e+05
3.020516999999998952e+05
1.377820999999999476e+05
5.051720000000000437e+04
3.789240000000000873e+04
3.015150000000000000e+04
3.816019999999999709e+04
6.810280000000000291e+04
1.264316000000000058e+05
2.381783999999999069e+05
2.472198999999999651e+05
1.438680000000000000e+05
6.877009999999997672e+04
3.355450000000000728e+04
3.497870000000000437e+04
2.947810000000000218e+04
4.649930000000000291e+04
7.380180000000003201e+04
1.528077000000000407e+05
2.157015999999999767e+05
1.723242000000000407e+05
1.337038999999999942e+05
8.144769999999996799e+04
4.087300000000000000e+04
3.675070000000001892e+04
3.184200000000000728e+04
4.696640000000000146e+04
5.764640000000000873e+04
6.444580000000002474e+04
8.804030000000003201e+04
1.556037000000000407e+05
1.544775999999999476e+05
7.120159999999996217e+04
4.344470000000001892e+04
3.289980000000001019e+04
3.197059999999999854e+04
5.705300000000001455e+04
1.229389999999999709e+05
2.306288999999999069e+05
2.592206000000000058e+05
1.621678999999999360e+05
6.065349999999997090e+04
4.087669999999999709e+04
3.302860000000000582e+04
3.052129999999999200e+04
4.756970000000000437e+04
9.479640000000005239e+04
1.911677999999999593e+05
2.583126999999999243e+05
2.126929000000000524e+05
9.999019999999993888e+04
4.413059999999999854e+04
3.732759999999999854e+04
2.754899999999999636e+04
2.914080000000000291e+04
5.217100000000002183e+04
1.072670999999999476e+05
2.023973999999999942e+05
2.232105000000000000e+05
1.185626999999999971e+05
4.599500000000000000e+04
3.134850000000000728e+04
2.762490000000000146e+04
2.638510000000000218e+04
3.723429999999998108e+04
6.317709999999999127e+04
1.110690999999999622e+05
1.415210000000000582e+05
1.014814000000000524e+05
6.689559999999999127e+04
4.022809999999998399e+04
2.795369999999998981e+04
2.767500000000000000e+04
2.815489999999999418e+04
4.131050000000002183e+04
6.364749999999999272e+04
1.113844000000000669e+05
9.742949999999998545e+04
6.608380000000000291e+04
6.243630000000001746e+04
3.636469999999999709e+04
3.504530000000001746e+04
3.050870000000000437e+04
3.063050000000000728e+04
3.574359999999999854e+04
5.447729999999998108e+04
7.083220000000001164e+04
5.297339999999998690e+04
7.032109999999997672e+04
5.968819999999998254e+04
3.502200000000000000e+04
3.627759999999999127e+04
2.751550000000000000e+04
3.945660000000001310e+04
5.891109999999998399e+04
1.102503999999999505e+05
1.269505999999999185e+05
8.460109999999997672e+04
4.586129999999998836e+04
2.585190000000000146e+04
2.495539999999999418e+04
2.034410000000000582e+04
2.472879999999999200e+04
3.413889999999999418e+04
5.897130000000000291e+04
8.602049999999995634e+04
7.902980000000000291e+04
5.231579999999998108e+04
2.862899999999999272e+04
2.062759999999999854e+04
1.981319999999999709e+04
1.819839999999999782e+04
2.204689999999999418e+04
2.964670000000000437e+04
4.862109999999999127e+04
5.780830000000001019e+04
4.627179999999998836e+04
3.567130000000001019e+04
2.388309999999999854e+04
1.822379999999999200e+04
1.752479999999999927e+04
1.678550000000000728e+04
2.007970000000000437e+04
2.306690000000000146e+04
2.729810000000000218e+04
3.187300000000000000e+04
3.037009999999999127e+04
2.231939999999999782e+04
1.644559999999999491e+04
1.486759999999999309e+04
1.527039999999999782e+04
1.642059999999999854e+04
1.858040000000000873e+04
1.983360000000000582e+04
2.061249999999999636e+04
2.041130000000000291e+04
2.461459999999999854e+04
2.451409999999999491e+04
1.999190000000000146e+04
2.026279999999999927e+04
1.868690000000000146e+04
1.951910000000000946e+04
2.250779999999999200e+04
3.063810000000000946e+04
3.198970000000000073e+04
2.995610000000000582e+04
3.105889999999999782e+04
2.245500000000000000e+04
1.797020000000000073e+04
1.696559999999999491e+04
1.843159999999999854e+04
2.089020000000000073e+04
2.320580000000000655e+04
2.395700000000000364e+04
2.408269999999998981e+04
3.125960000000000946e+04
2.809489999999999782e+04
2.091900000000000000e+04
2.059819999999999709e+04
1.937959999999999854e+04
2.171969999999999709e+04
2.736920000000000437e+04
4.286950000000000728e+04
4.276050000000000728e+04
3.318510000000000582e+04
2.979590000000001237e+04
2.181540000000000509e+04
1.886540000000001237e+04
1.829060000000000218e+04
2.062079999999999927e+04
2.594690000000002692e+04
3.641130000000001019e+04
4.973000000000001455e+04
4.288509999999999127e+04
3.312679999999999563e+04
2.716379999999998836e+04
2.078979999999999563e+04
2.129859999999999491e+04
2.206259999999999854e+04
2.624809999999999127e+04
3.057479999999999563e+04
4.469189999999997963e+04
4.980990000000000146e+04
4.590660000000000582e+04
4.538040000000000873e+04
2.970489999999999054e+04
2.280859999999999854e+04
2.212820000000000437e+04
2.419669999999999709e+04
3.221649999999999272e+04
3.869229999999999563e+04
5.212370000000001164e+04
4.838879999999998108e+04
5.256480000000000291e+04
5.464840000000000146e+04
3.747099999999997817e+04
3.285039999999998690e+04
2.610999999999999636e+04
2.873679999999999563e+04
3.008889999999999782e+04
4.128320000000000437e+04
4.091359999999999127e+04
4.207790000000001601e+04
5.648599999999999272e+04
4.455700000000001455e+04
3.170650000000000000e+04
2.722879999999999927e+04
2.528620000000001164e+04
2.912950000000000364e+04
2.630339999999999782e+04
3.551710000000001310e+04
3.920419999999998254e+04
6.440749999999998545e+04
8.750750000000001455e+04
5.991290000000000873e+04
3.949680000000001019e+04
2.814170000000000800e+04
2.358490000000000509e+04
2.955870000000000073e+04
3.754899999999998545e+04
6.225250000000000000e+04
8.153500000000001455e+04
6.138379999999996653e+04
3.116849999999999272e+04
2.072409999999999491e+04
2.145019999999999709e+04
2.277550000000001455e+04
3.463049999999999272e+04
5.545209999999996944e+04
9.110919999999999709e+04
1.302113000000000757e+05
9.845319999999998254e+04
4.727929999999999563e+04
2.480510000000000582e+04
2.531939999999999418e+04
2.546479999999999563e+04
3.181430000000000291e+04
4.707840000000000146e+04
9.073039999999997963e+04
1.394344000000000233e+05
1.432255000000000582e+05
9.551410000000002037e+04
4.236779999999998836e+04
2.778549999999999272e+04
2.620649999999999272e+04
2.629910000000000218e+04
3.989079999999999563e+04
6.155100000000000728e+04
1.110061999999999534e+05
1.330610000000000291e+05
9.646509999999994761e+04
5.688500000000001455e+04
3.109740000000000146e+04
2.829030000000001019e+04
2.544430000000000291e+04
3.149960000000000582e+04
4.653189999999998690e+04
7.202630000000001746e+04
1.041143000000000320e+05
9.639330000000000291e+04
6.698730000000001746e+04
4.470769999999999709e+04
2.941320000000000073e+04
2.889519999999998981e+04
2.827270000000000437e+04
3.995800000000000000e+04
5.170629999999998836e+04
8.601029999999995925e+04
1.049192000000000407e+05
8.724629999999995925e+04
7.052540000000003783e+04
4.502309999999998399e+04
2.897090000000001237e+04
2.750939999999999418e+04
3.119109999999999491e+04
4.452560000000000582e+04
5.993560000000000582e+04
9.282000000000001455e+04
8.383999999999998545e+04
6.698280000000000291e+04
6.646039999999997963e+04
4.088159999999999127e+04
3.348170000000001892e+04
2.872789999999999782e+04
3.223449999999999636e+04
4.496489999999999418e+04
7.709380000000001746e+04
1.151075999999999767e+05
1.053358000000000029e+05
7.500260000000000582e+04
4.527009999999999127e+04
2.821400000000000364e+04
2.753060000000000946e+04
2.870000000000000000e+04
4.716000000000000728e+04
7.381380000000000291e+04
1.335124000000000233e+05
1.655105000000000291e+05
1.224473999999999651e+05
6.496990000000001601e+04
3.411380000000001019e+04
3.078559999999999854e+04
2.710020000000000073e+04
3.521850000000000000e+04
5.049690000000000146e+04
8.696989999999993597e+04
1.341276000000000349e+05
1.249260999999999913e+05
8.251830000000004657e+04
4.978249999999997817e+04
3.132139999999999418e+04
3.009589999999999782e+04
2.521339999999999418e+04
2.987690000000000509e+04
3.101329999999999563e+04
4.124860000000000582e+04
7.191759999999999127e+04
7.746170000000001164e+04
4.563699999999999272e+04
2.417520000000000073e+04
2.172679999999999200e+04
2.182120000000000437e+04
2.414080000000000291e+04
3.155470000000000437e+04
3.916409999999999854e+04
5.429669999999998981e+04
6.471540000000001601e+04
7.742720000000004075e+04
8.005130000000003201e+04
5.225839999999999418e+04
3.729669999999998981e+04
2.829289999999999418e+04
2.658980000000001019e+04
2.814610000000000946e+04
4.378480000000001019e+04
8.006640000000002328e+04
1.250238000000000175e+05
1.489328999999999360e+05
1.094759000000000233e+05
7.116150000000001455e+04
5.425929999999999563e+04
3.900940000000000146e+04
4.562910000000001310e+04
4.997570000000001892e+04
6.472269999999998254e+04
5.840800000000000728e+04
6.650660000000002037e+04
8.702880000000000291e+04
6.194170000000000437e+04
4.672260000000000582e+04
3.528830000000000291e+04
4.052180000000000291e+04
5.844259999999996944e+04
1.166230000000000000e+05
1.872992999999999593e+05
2.222738999999999651e+05
1.625937999999999593e+05
6.930720000000004075e+04
4.107299999999999272e+04
2.876770000000000800e+04
3.119989999999999418e+04
4.733239999999997235e+04
8.197989999999996508e+04
1.392231000000000931e+05
1.984000999999999767e+05
1.842942999999999010e+05
9.742299999999998545e+04
4.519549999999999272e+04
3.462580000000000291e+04
2.945119999999999345e+04
3.991289999999999418e+04
5.911569999999998254e+04
1.053017999999999447e+05
1.592786999999999534e+05
1.848976999999999243e+05
1.289580000000000291e+05
5.415350000000001455e+04
3.190879999999999563e+04
2.826309999999999854e+04
3.421509999999999127e+04
5.405289999999998690e+04
8.131250000000001455e+04
1.318885000000000291e+05
1.674573999999999942e+05
1.408260000000000000e+05
7.519319999999996799e+04
3.399519999999999709e+04
2.841800000000001091e+04
2.750970000000000073e+04
3.588190000000000146e+04
5.467760000000000582e+04
8.712559999999996217e+04
1.370902999999999302e+05
1.261392000000000116e+05
8.532539999999997963e+04
4.893280000000000291e+04
2.970270000000000437e+04
2.606519999999999709e+04
2.617429999999999200e+04
3.834779999999999563e+04
5.647800000000000000e+04
9.334579999999997381e+04
1.229886999999999389e+05
9.783969999999999709e+04
6.862520000000001164e+04
4.605759999999999854e+04
3.313900000000000000e+04
3.207269999999999709e+04
2.792310000000001310e+04
3.092010000000000582e+04
2.900290000000000509e+04
3.715869999999998254e+04
6.020370000000002619e+04
8.336879999999998836e+04
5.986250000000000728e+04
2.887809999999999491e+04
2.419620000000000073e+04
2.958279999999999927e+04
3.822219999999998981e+04
6.518260000000003492e+04
1.040485000000000146e+05
1.651917000000000407e+05
1.641332000000000116e+05
9.586519999999998254e+04
4.496989999999998690e+04
3.042439999999999418e+04
2.905129999999999927e+04
3.359529999999999563e+04
5.021999999999998545e+04
7.879229999999995925e+04
1.379758000000000175e+05
1.713146999999998661e+05
1.444167000000000116e+05
7.868640000000000873e+04
3.577809999999999854e+04
2.997600000000000364e+04
2.970769999999998981e+04
4.142009999999999854e+04
5.964759999999996944e+04
9.521340000000002328e+04
1.500237000000000407e+05
1.389618000000000175e+05
9.390539999999997963e+04
5.227149999999998545e+04
3.454020000000001164e+04
3.561970000000002619e+04
3.429200000000000000e+04
5.214619999999997526e+04
6.970980000000003201e+04
1.142480000000000146e+05
1.280480000000000582e+05
9.563689999999996508e+04
6.893649999999997090e+04
4.112400000000000000e+04
3.590040000000000873e+04
3.282609999999999127e+04
3.826639999999997963e+04
5.109360000000001310e+04
6.667330000000000291e+04
9.594079999999998836e+04
8.988139999999996508e+04
7.861580000000000291e+04
6.353670000000000437e+04
3.909409999999999127e+04
3.249919999999997526e+04
2.755860000000000218e+04
3.338809999999999854e+04
3.992380000000001019e+04
6.094539999999998690e+04
7.604099999999998545e+04
8.296719999999999709e+04
9.273290000000000873e+04
6.496100000000000000e+04
4.521999999999998545e+04
3.844580000000000291e+04
3.851940000000000146e+04
5.279619999999999709e+04
7.549009999999997672e+04
1.226562000000000116e+05
1.437046999999999243e+05
1.188606999999999971e+05
6.453839999999998690e+04
3.438609999999998399e+04
2.809230000000000655e+04
2.847519999999998254e+04
4.329599999999997817e+04
6.073289999999998690e+04
1.010672000000000116e+05
1.583091000000000640e+05
1.692947999999999884e+05
1.160349999999999854e+05
5.258890000000000873e+04
3.506839999999998690e+04
2.893950000000000728e+04
3.433290000000000873e+04
4.747989999999998690e+04
7.338679999999995925e+04
1.278796000000000640e+05
1.635020000000000873e+05
1.427971999999999825e+05
8.183510000000000582e+04
3.826740000000000146e+04
3.196159999999998763e+04
2.682710000000000582e+04
2.612890000000000146e+04
2.609320000000000437e+04
2.532529999999999927e+04
3.668589999999999418e+04
6.252720000000000437e+04
7.535109999999999127e+04
4.706560000000001310e+04
2.536070000000000800e+04
2.397729999999999927e+04
2.769849999999999272e+04
3.744660000000001310e+04
5.262369999999999709e+04
7.358329999999998836e+04
9.124780000000004657e+04
7.590110000000000582e+04
7.635619999999998254e+04
6.016890000000000146e+04
4.964039999999999418e+04
3.821340000000000873e+04
4.033860000000001310e+04
5.172989999999997235e+04
7.244430000000000291e+04
1.102084999999999418e+05
9.556890000000005239e+04
7.726010000000002037e+04
5.762829999999999563e+04
3.596600000000000000e+04
3.443510000000001310e+04
3.157029999999999927e+04
4.275459999999996944e+04
5.341170000000001164e+04
7.719759999999996217e+04
9.717049999999998545e+04
7.842600000000005821e+04
7.614770000000001164e+04
5.554389999999998690e+04
4.205630000000001019e+04
3.793200000000000000e+04
3.843209999999999854e+04
5.488060000000002037e+04
7.657379999999998836e+04
1.275001000000000349e+05
1.456351999999999825e+05
1.113776999999999825e+05
6.302779999999998836e+04
3.473170000000001164e+04
2.942270000000000800e+04
2.767669999999998618e+04
3.943439999999999418e+04
5.355649999999998545e+04
8.682289999999999418e+04
1.335559000000000233e+05
1.482961000000000058e+05
1.082913000000000029e+05
5.191769999999999709e+04
3.307859999999999127e+04
3.213339999999999054e+04
3.469529999999998836e+04
5.115429999999997381e+04
7.439120000000001164e+04
1.253144999999999854e+05
1.528811999999999825e+05
1.189026999999999971e+05
6.945499999999997090e+04
3.749219999999998254e+04
3.620040000000000873e+04
3.204320000000000800e+04
3.768659999999998399e+04
5.177830000000001019e+04
7.973310000000000582e+04
1.087986000000000058e+05
9.073789999999999418e+04
7.013530000000003201e+04
4.864279999999999563e+04
3.976280000000001746e+04
3.978990000000000873e+04
3.403009999999999854e+04
4.442109999999998399e+04
5.149179999999998836e+04
7.872890000000000873e+04
7.711190000000002328e+04
6.330999999999998545e+04
5.986819999999998254e+04
3.946749999999999272e+04
3.066939999999999418e+04
2.784540000000000146e+04
3.073979999999998108e+04
3.848669999999998981e+04
4.432329999999999563e+04
5.831090000000003056e+04
5.388879999999999563e+04
7.931670000000001164e+04
9.695180000000000291e+04
5.974409999999999127e+04
3.853570000000001892e+04
2.838880000000000291e+04
2.023709999999999491e+04
2.110609999999999491e+04
2.852349999999999636e+04
5.428710000000002037e+04
7.323059999999997672e+04
5.583690000000003056e+04
3.426589999999999418e+04
2.482089999999999782e+04
2.879849999999999636e+04
3.271459999999999127e+04
4.293479999999998836e+04
6.846839999999999418e+04
1.056146999999999825e+05
1.495285000000000000e+05
1.286785000000000437e+05
6.709950000000001455e+04
3.655999999999999272e+04
3.197849999999998545e+04
3.028649999999999272e+04
4.451500000000000728e+04
5.750170000000001164e+04
9.453970000000004075e+04
1.315820000000000291e+05
1.464327999999999884e+05
1.089040999999999476e+05
4.810650000000002183e+04
3.053989999999999418e+04
2.679049999999999636e+04
3.089700000000000000e+04
4.659900000000000000e+04
6.620790000000000873e+04
1.035740999999999476e+05
1.114395000000000000e+05
9.160410000000000582e+04
7.442460000000002037e+04
4.205150000000001455e+04
4.046929999999998836e+04
3.379840000000000146e+04
3.862589999999999418e+04
5.084909999999999127e+04
6.846940000000000873e+04
9.499399999999997090e+04
8.601529999999998836e+04
6.807149999999998545e+04
4.810400000000000000e+04
3.715759999999999127e+04
3.175719999999999345e+04
3.002780000000000291e+04
3.988019999999997526e+04
4.619729999999999563e+04
6.958189999999999418e+04
7.687259999999999127e+04
7.655730000000000291e+04
7.239380000000003201e+04
4.691349999999997090e+04
3.753180000000001746e+04
3.309189999999999418e+04
3.467369999999998981e+04
4.641590000000000146e+04
5.665719999999999709e+04
8.292860000000000582e+04
7.703580000000000291e+04
6.953219999999998254e+04
5.828759999999996944e+04
4.166019999999998981e+04
4.015020000000001892e+04
3.153849999999999636e+04
4.200619999999999709e+04
5.448059999999998399e+04
8.328570000000004075e+04
1.120161999999999825e+05
1.030421000000000349e+05
6.595460000000000582e+04
3.644669999999999709e+04
3.094320000000000800e+04
2.627220000000000073e+04
3.016369999999999345e+04
3.836669999999999709e+04
5.649920000000001892e+04
8.561310000000003492e+04
9.664149999999995634e+04
9.435939999999999418e+04
7.267859999999999127e+04
4.632870000000001164e+04
3.286919999999998981e+04
2.809329999999999927e+04
3.272659999999999854e+04
4.849529999999998108e+04
6.942050000000002910e+04
1.034720000000000000e+05
1.011308999999999942e+05
7.199800000000001455e+04
4.568609999999999127e+04
2.940980000000001019e+04
2.775400000000001455e+04
2.075539999999999418e+04
1.940160000000000582e+04
1.878170000000000437e+04
2.846089999999999418e+04
5.114869999999999709e+04
5.982800000000001455e+04
4.569410000000000582e+04
3.464650000000001455e+04
2.450100000000000000e+04
2.828819999999999709e+04
2.878440000000000509e+04
3.846539999999998690e+04
4.951849999999998545e+04
6.119620000000000437e+04
5.653309999999999127e+04
5.479570000000000437e+04
5.387300000000001455e+04
4.632739999999999418e+04
3.961279999999999563e+04
3.235130000000000655e+04
3.958860000000000582e+04
4.193110000000000582e+04
6.267080000000001019e+04
6.528860000000001310e+04
5.963069999999998254e+04
6.217050000000002183e+04
4.419759999999999127e+04
3.650439999999999418e+04
3.031780000000000655e+04
3.256310000000000946e+04
4.351960000000001310e+04
5.102819999999999709e+04
6.796600000000004366e+04
6.222330000000000291e+04
6.695799999999998545e+04
6.226310000000001310e+04
4.295500000000000000e+04
4.370410000000001310e+04
3.616419999999998981e+04
4.503779999999998836e+04
5.877679999999999563e+04
8.720449999999998545e+04
1.150340000000000146e+05
1.043152999999999593e+05
7.265619999999996799e+04
4.103639999999998690e+04
3.463109999999998399e+04
2.672710000000000582e+04
3.236140000000000509e+04
4.624030000000001019e+04
6.744040000000002328e+04
9.783550000000004366e+04
1.104288999999999942e+05
9.476889999999999418e+04
5.603950000000000000e+04
3.579430000000001019e+04
3.264679999999998836e+04
2.735100000000000000e+04
4.056819999999998254e+04
5.211890000000000146e+04
8.026529999999998836e+04
1.048343000000000029e+05
9.544489999999996508e+04
7.020560000000000582e+04
3.829869999999998981e+04
3.021690000000000509e+04
2.952240000000000509e+04
3.403980000000001019e+04
5.098970000000002619e+04
6.486649999999999272e+04
9.071950000000004366e+04
9.680940000000000873e+04
7.011220000000002619e+04
5.365229999999998836e+04
4.155419999999999709e+04
4.004809999999999127e+04
3.243999999999999272e+04
4.171219999999999709e+04
5.199419999999999709e+04
6.726619999999999709e+04
8.387110000000002037e+04
7.609270000000002619e+04
5.770779999999999563e+04
4.030800000000000728e+04
3.321449999999999272e+04
3.257929999999999200e+04
2.662570000000000073e+04
3.198569999999999345e+04
3.494709999999999854e+04
4.481220000000000437e+04
5.498759999999999127e+04
4.788000000000000000e+04
5.663910000000002037e+04
4.893129999999999563e+04
3.283909999999998399e+04
2.523019999999999709e+04
1.781400000000000728e+04
1.623949999999999636e+04
1.893810000000000582e+04
3.188690000000001237e+04
5.309879999999998836e+04
5.379030000000001019e+04
4.107399999999998545e+04
2.905169999999999709e+04
2.518500000000000728e+04
3.019560000000000582e+04
3.266650000000000000e+04
5.141749999999998545e+04
7.500429999999998836e+04
9.768210000000000582e+04
9.699129999999994470e+04
6.482520000000001892e+04
3.599860000000001310e+04
3.243960000000000582e+04
2.789889999999999418e+04
2.945999999999998909e+04
4.261199999999998545e+04
5.897160000000002765e+04
8.655850000000000000e+04
9.317260000000002037e+04
7.757179999999998836e+04
4.956430000000002474e+04
3.239550000000000000e+04
3.170669999999999345e+04
2.704560000000000218e+04
3.553069999999999709e+04
4.626320000000000437e+04
6.392109999999997672e+04
8.270230000000001746e+04
7.457619999999999709e+04
5.321420000000002619e+04
3.469510000000001310e+04
3.252880000000001019e+04
2.992820000000000073e+04
2.911039999999998690e+04
4.089729999999999563e+04
4.768130000000001019e+04
6.608080000000000291e+04
6.815429999999997381e+04
5.860610000000000582e+04
4.900700000000000728e+04
3.548119999999998981e+04
3.461480000000001746e+04
2.756520000000000437e+04
3.126929999999999563e+04
3.960419999999998254e+04
5.284969999999995343e+04
6.754120000000001164e+04
5.898130000000000291e+04
5.245040000000001601e+04
4.350200000000000000e+04
3.574759999999999127e+04
3.464899999999999272e+04
2.774480000000000291e+04
3.522849999999998545e+04
4.163149999999997817e+04
5.330750000000002183e+04
5.730869999999998981e+04
5.190360000000002765e+04
5.414269999999998254e+04
4.043660000000002037e+04
3.796960000000000582e+04
3.312319999999998254e+04
3.299739999999999418e+04
4.843179999999999563e+04
6.265109999999998399e+04
9.109050000000004366e+04
1.026419000000000087e+05
8.320929999999997381e+04
5.117059999999999854e+04
3.719550000000000000e+04
3.302940000000000146e+04
2.703400000000001091e+04
3.772889999999998690e+04
5.192350000000000000e+04
7.749429999999998836e+04
9.898630000000000291e+04
1.060543999999999942e+05
8.155879999999997381e+04
4.676709999999999127e+04
3.544190000000000873e+04
2.644150000000000728e+04
2.907299999999999272e+04
4.054919999999999709e+04
5.334459999999999854e+04
7.690780000000000291e+04
9.043459999999994761e+04
8.116959999999999127e+04
5.527140000000000146e+04
3.531680000000000291e+04
2.845639999999999418e+04
2.093040000000000509e+04
1.963119999999998981e+04
1.837270000000000800e+04
1.906829999999999927e+04
2.805890000000000146e+04
4.808260000000002037e+04
5.616109999999999854e+04
3.954189999999998690e+04
2.463480000000000291e+04
2.615129999999999927e+04
2.743389999999999782e+04
3.292040000000000146e+04
4.495869999999998981e+04
5.845440000000002328e+04
6.389239999999998690e+04
5.301349999999997090e+04
4.157359999999999854e+04
3.391069999999998981e+04
3.658429999999999563e+04
2.968839999999998327e+04
3.380239999999999418e+04
4.107619999999998981e+04
5.550449999999998545e+04
6.667819999999998254e+04
6.006089999999999418e+04
4.655559999999999127e+04
3.177879999999999563e+04
3.007029999999999563e+04
3.080280000000000291e+04
2.743359999999999491e+04
3.562750000000000000e+04
4.496649999999998545e+04
5.715480000000001019e+04
6.672920000000002619e+04
5.374950000000000728e+04
3.979710000000002037e+04
3.030050000000000000e+04
3.142099999999999636e+04
2.840920000000002256e+04
2.830590000000001237e+04
3.739689999999999418e+04
5.208859999999997672e+04
7.334560000000003492e+04
8.541029999999998836e+04
7.787559999999999127e+04
5.002430000000001019e+04
3.633650000000000728e+04
3.011960000000000582e+04
2.417729999999999927e+04
3.143930000000001019e+04
4.064720000000001892e+04
6.258159999999998399e+04
8.112500000000004366e+04
7.951430000000004657e+04
5.875540000000000146e+04
3.555859999999998399e+04
3.257239999999999418e+04
2.819139999999999782e+04
3.105019999999999345e+04
3.961700000000000728e+04
5.413710000000000582e+04
7.288860000000002037e+04
7.339039999999999418e+04
5.656680000000000291e+04
3.498920000000001892e+04
2.622890000000000509e+04
2.944080000000001019e+04
2.761309999999998763e+04
3.534049999999999272e+04
4.565709999999999854e+04
6.158260000000002765e+04
7.854300000000000000e+04
6.541240000000000873e+04
4.692850000000000000e+04
3.233139999999999782e+04
3.092300000000000364e+04
2.869550000000000364e+04
2.713769999999999709e+04
3.467029999999998836e+04
4.293709999999999854e+04
5.818790000000000873e+04
6.043939999999999418e+04
5.014609999999999854e+04
4.392990000000000146e+04
3.476469999999999709e+04
3.377820000000001164e+04
2.949049999999998545e+04
2.891659999999999491e+04
3.138660000000000582e+04
3.420949999999998545e+04
4.612109999999999127e+04
3.936659999999998399e+04
4.283359999999998399e+04
4.885699999999997817e+04
3.549589999999999418e+04
2.546280000000000291e+04
1.831439999999999782e+04
1.529939999999999782e+04
1.684409999999999854e+04
2.406709999999999127e+04
3.922280000000000291e+04
4.607430000000000291e+04
3.745239999999998690e+04
2.478890000000000873e+04
1.915540000000000146e+04
2.304649999999999272e+04
2.666260000000000218e+04
3.560129999999999563e+04
5.062909999999999854e+04
6.780460000000002037e+04
8.504970000000004075e+04
7.709089999999996508e+04
5.072170000000000437e+04
3.871330000000000291e+04
3.418890000000000146e+04
2.902430000000000291e+04
3.715130000000001019e+04
4.817199999999999272e+04
6.900360000000003492e+04
8.665330000000004657e+04
8.718500000000001455e+04
6.752130000000001746e+04
4.604750000000000728e+04
3.975530000000001019e+04
2.824220000000001164e+04
3.002480000000000655e+04
3.959649999999999272e+04
5.083979999999998836e+04
6.796950000000000000e+04
7.241489999999997963e+04
6.040620000000001164e+04
3.846719999999998981e+04
3.116309999999999491e+04
2.995260000000000218e+04
2.605319999999999345e+04
3.158779999999999927e+04
3.929620000000001164e+04
5.106089999999998690e+04
6.286779999999998108e+04
6.126610000000001310e+04
4.498629999999999563e+04
2.870530000000000655e+04
2.801370000000000073e+04
2.624690000000000509e+04
2.512059999999998399e+04
3.542319999999999709e+04
4.689989999999999418e+04
6.569289999999999418e+04
7.698880000000001746e+04
6.525060000000001310e+04
4.147160000000000582e+04
2.901079999999999563e+04
3.104950000000000728e+04
2.654389999999999418e+04
2.686859999999999854e+04
3.580719999999998981e+04
4.339679999999998836e+04
5.429919999999999709e+04
5.223739999999999418e+04
3.897459999999999854e+04
2.832550000000000000e+04
2.649659999999999854e+04
2.574890000000000146e+04
2.334470000000000800e+04
3.158899999999999636e+04
3.926700000000000728e+04
5.629259999999999854e+04
6.850539999999999418e+04
6.346109999999999854e+04
4.718239999999999418e+04
3.264730000000000291e+04
3.041350000000000728e+04
2.457200000000000000e+04
2.585570000000001164e+04
3.489629999999997381e+04
4.437419999999999709e+04
5.723989999999998690e+04
6.073779999999998836e+04
5.107250000000001455e+04
3.657109999999999127e+04
3.183590000000000509e+04
2.961640000000000509e+04
2.331989999999999054e+04
2.853149999999999636e+04
3.569399999999998545e+04
4.956619999999998254e+04
6.078559999999998399e+04
5.664680000000000291e+04
4.906920000000000437e+04
3.608469999999998981e+04
2.775280000000001019e+04
2.163489999999999782e+04
1.607239999999999782e+04
1.600999999999999636e+04
1.644590000000000146e+04
2.051639999999999782e+04
2.898969999999999709e+04
3.702519999999999709e+04
3.840619999999999709e+04
2.678599999999999636e+04
2.080009999999999491e+04
2.456839999999999418e+04
2.647509999999999491e+04
3.431940000000000873e+04
4.502519999999999709e+04
5.177340000000000146e+04
4.701829999999999563e+04
3.647700000000002183e+04
2.716010000000000218e+04
2.811889999999999782e+04
2.769609999999999491e+04
2.366039999999999418e+04
3.013400000000000364e+04
3.677539999999998690e+04
4.613330000000001019e+04
4.639010000000000582e+04
3.656979999999998836e+04
2.644050000000000000e+04
2.402829999999999563e+04
2.674150000000000728e+04
2.330400000000000000e+04
2.267099999999998909e+04
2.741920000000001892e+04
3.524010000000001310e+04
4.743730000000001746e+04
4.622580000000001019e+04
3.744909999999999854e+04
3.119459999999999854e+04
2.649100000000000000e+04
2.611490000000000873e+04
2.352439999999999418e+04
2.556710000000000218e+04
3.135049999999999636e+04
4.067580000000001746e+04
5.035019999999999709e+04
5.305219999999997526e+04
5.011129999999999563e+04
4.705359999999997672e+04
3.972490000000000146e+04
2.565209999999999127e+04
2.380409999999999491e+04
2.671289999999999418e+04
3.416199999999997817e+04
4.288689999999998690e+04
5.122709999999999127e+04
6.019159999999999127e+04
5.368420000000000437e+04
4.765169999999999709e+04
3.376839999999998690e+04
2.158290000000000146e+04
2.388739999999999054e+04
2.901790000000000146e+04
3.912519999999999709e+04
5.038769999999999709e+04
5.231610000000003492e+04
4.403550000000000728e+04
3.271829999999999927e+04
3.369080000000000291e+04
3.038750000000000728e+04
2.616900000000000364e+04
3.363790000000000146e+04
4.058309999999999127e+04
4.889449999999997817e+04
5.096370000000002619e+04
4.258419999999999709e+04
3.545269999999999709e+04
3.311310000000000582e+04
2.901320000000001528e+04
2.561150000000000000e+04
2.707720000000000437e+04
3.212689999999999418e+04
4.042190000000000146e+04
4.741560000000001310e+04
4.649419999999999709e+04
3.787930000000000291e+04
2.982360000000000218e+04
2.629899999999999636e+04
2.226220000000000073e+04
1.901510000000000218e+04
2.120390000000000146e+04
2.504179999999999563e+04
3.249179999999999927e+04
3.838260000000000582e+04
3.654599999999998545e+04
3.173950000000001455e+04
2.440250000000000364e+04
2.412420000000000437e+04
2.063259999999999491e+04
1.743209999999999854e+04
1.917319999999999709e+04
1.763550000000000364e+04
2.072910000000001310e+04
2.611329999999999563e+04
4.062679999999999563e+04
4.532349999999999272e+04
3.125959999999999854e+04
2.724459999999999491e+04
2.511870000000000073e+04
2.558039999999999418e+04
3.228410000000000582e+04
3.805380000000002474e+04
4.594159999999998399e+04
4.983240000000000146e+04
4.593839999999998690e+04
4.303069999999998981e+04
3.497160000000001310e+04
2.534169999999998981e+04
2.585030000000000655e+04
2.747550000000000000e+04
3.366669999999998254e+04
4.200769999999999709e+04
4.654460000000000582e+04
4.910340000000000146e+04
4.634369999999998254e+04
4.311020000000001892e+04
3.384629999999999563e+04
2.564860000000000218e+04
2.933020000000000437e+04
3.350589999999999418e+04
4.178120000000001892e+04
5.113000000000002183e+04
5.500379999999999563e+04
5.267540000000001601e+04
4.507510000000001310e+04
3.828270000000000437e+04
2.710210000000000218e+04
2.399949999999999636e+04
2.828750000000000000e+04
3.555480000000001019e+04
4.349939999999998690e+04
4.299189999999998690e+04
3.860740000000000873e+04
3.251040000000001237e+04
3.105359999999999854e+04
2.748520000000000437e+04
2.307679999999998472e+04
2.775140000000000509e+04
3.246730000000001019e+04
4.077180000000000291e+04
5.013450000000000000e+04
4.736249999999998545e+04
3.654560000000000582e+04
2.696699999999999636e+04
2.800720000000000437e+04
2.782389999999999782e+04
2.570649999999999636e+04
3.248920000000000437e+04
3.863330000000001746e+04
5.021199999999998545e+04
5.508440000000001601e+04
4.485469999999999709e+04
3.331209999999999854e+04
2.740739999999999418e+04
3.041269999999999345e+04
2.678689999999999418e+04
2.688480000000000655e+04
3.299270000000000437e+04
3.999489999999999418e+04
5.120000000000000000e+04
5.505600000000000000e+04
4.902239999999998690e+04
4.223690000000000146e+04
4.286850000000000000e+04
3.323870000000001164e+04
2.560039999999998327e+04
2.919239999999999054e+04
3.305559999999998399e+04
4.207560000000000582e+04
4.507540000000000873e+04
4.758960000000002037e+04
4.673549999999997090e+04
4.613489999999999418e+04
4.036900000000000000e+04
2.663489999999999054e+04
2.745180000000000655e+04
3.361609999999998399e+04
4.276819999999999709e+04
4.805019999999998254e+04
5.416420000000001892e+04
5.791920000000001164e+04
5.290459999999998399e+04
4.724690000000003056e+04
3.134599999999999636e+04
1.989470000000000800e+04
1.885109999999999491e+04
1.747000000000000000e+04
1.854440000000000146e+04
2.276890000000000146e+04
3.638479999999999563e+04
4.947960000000002037e+04
3.938300000000000000e+04
3.095840000000000146e+04
3.453049999999999272e+04
2.940100000000000728e+04
2.956050000000000728e+04
3.350890000000000146e+04
3.861389999999997963e+04
3.967150000000000728e+04
3.176250000000000364e+04
2.657290000000000146e+04
2.969190000000001965e+04
2.922489999999999418e+04
2.496760000000000218e+04
3.236310000000000218e+04
3.678970000000000437e+04
4.289990000000000146e+04
4.900969999999999709e+04
4.245209999999997672e+04
3.403079999999999563e+04
3.170499999999998545e+04
3.301939999999999418e+04
2.660469999999999709e+04
2.634479999999999563e+04
3.209360000000002401e+04
3.651300000000000000e+04
4.463139999999999418e+04
4.358769999999999709e+04
3.702170000000001164e+04
3.201829999999999927e+04
3.210530000000000655e+04
2.977390000000001601e+04
2.286550000000000728e+04
2.367020000000000800e+04
2.820280000000000655e+04
3.454549999999999272e+04
4.065539999999997963e+04
4.347050000000001455e+04
4.447580000000001746e+04
4.669020000000000437e+04
3.879090000000002328e+04
2.543939999999998690e+04
2.282879999999999927e+04
2.401119999999998981e+04
2.555350000000000728e+04
3.042009999999999491e+04
3.300030000000000291e+04
3.526120000000001164e+04
3.902620000000001164e+04
3.754799999999998545e+04
2.827510000000000582e+04
1.998390000000000146e+04
2.159829999999999927e+04
2.504469999999998981e+04
2.848040000000000509e+04
3.227699999999999636e+04
3.590680000000000291e+04
3.799219999999998981e+04
3.730550000000001455e+04
3.147539999999998690e+04
2.345100000000000364e+04
1.995650000000000364e+04
2.289739999999999782e+04
2.685679999999998836e+04
3.279479999999998836e+04
4.091989999999998690e+04
3.990960000000001310e+04
3.657130000000001019e+04
3.381769999999999709e+04
2.693230000000000655e+04
1.941209999999999491e+04
1.925119999999999345e+04
2.110189999999999782e+04
2.319959999999999854e+04
3.080670000000000437e+04
3.537519999999998981e+04
3.248709999999999854e+04
2.893919999999999709e+04
2.527190000000000146e+04
1.966029999999998836e+04
1.685810000000000582e+04
1.761570000000001164e+04
1.879750000000000364e+04
2.342489999999999054e+04
2.882700000000000364e+04
3.136900000000000728e+04
3.131230000000001019e+04
2.711600000000000728e+04
2.078169999999998981e+04
1.760289999999999782e+04
1.656189999999999782e+04
1.485160000000000218e+04
1.541050000000000364e+04
1.669660000000000218e+04
1.807280000000000291e+04
2.225429999999999927e+04
2.488599999999999272e+04
2.452559999999999854e+04
2.154249999999999636e+04
1.829450000000000728e+04
1.745440000000000509e+04
1.991530000000000291e+04
2.472519999999999709e+04
2.993329999999999200e+04
3.277199999999999272e+04
3.892739999999998690e+04
4.044029999999999563e+04
3.266310000000000218e+04
2.166359999999998763e+04
1.789160000000000582e+04
1.947870000000000800e+04
2.180639999999999054e+04
2.955729999999999563e+04
3.988309999999999127e+04
4.579040000000000146e+04
4.766820000000001892e+04
4.104789999999999418e+04
2.572479999999999200e+04
1.742330000000000291e+04
1.617939999999999964e+04
1.685270000000000800e+04
2.053610000000000218e+04
2.828670000000000073e+04
3.539050000000002183e+04
4.203930000000000291e+04
4.278180000000001019e+04
3.073299999999999636e+04
1.900610000000000946e+04
1.576680000000000291e+04
1.569190000000000327e+04
1.545450000000000000e+04
1.821020000000000800e+04
2.256860000000000218e+04
2.484950000000001455e+04
2.775980000000000655e+04
2.967929999999999927e+04
2.416169999999999345e+04
1.800250000000000364e+04
1.736539999999999054e+04
1.769600000000000000e+04
1.740539999999999782e+04
2.002979999999999200e+04
2.258910000000000946e+04
2.413990000000000146e+04
2.920619999999999709e+04
2.995560000000000946e+04
2.352340000000000146e+04
1.810899999999999272e+04
1.768679999999999200e+04
1.777000000000000000e+04
1.917779999999999563e+04
2.199870000000001164e+04
2.269470000000000073e+04
2.597729999999999563e+04
3.126210000000000218e+04
2.879980000000001019e+04
2.024490000000000509e+04
1.756950000000000000e+04
1.820879999999999927e+04
1.893500000000000000e+04
2.359329999999999927e+04
2.739190000000000873e+04
2.817340000000000146e+04
3.377439999999999418e+04
3.760810000000000582e+04
2.911720000000000073e+04
1.935470000000000437e+04
1.986530000000000655e+04
2.015719999999999345e+04
2.255820000000000073e+04
3.197689999999999782e+04
3.568739999999999418e+04
3.509259999999999127e+04
3.512940000000001601e+04
2.738459999999998763e+04
1.838599999999998909e+04
1.584590000000000146e+04
1.592760000000000764e+04
1.661950000000000728e+04
2.208079999999999563e+04
2.728309999999999127e+04
2.950990000000000509e+04
3.262179999999999563e+04
2.638110000000000218e+04
1.832819999999998981e+04
1.738980000000000655e+04
1.700310000000000218e+04
1.705839999999999418e+04
1.888900000000000364e+04
2.190079999999998836e+04
2.169079999999999563e+04
2.033939999999999782e+04
1.790959999999999854e+04
1.644429999999999563e+04
1.632879999999999382e+04
1.577479999999999563e+04
1.471109999999999309e+04
1.473330000000000109e+04
1.592299999999999636e+04
1.720839999999999782e+04
1.721790000000000509e+04
1.966990000000000146e+04
2.393529999999999563e+04
2.429070000000000073e+04
1.899600000000000000e+04
1.706919999999999709e+04
1.670500000000000364e+04
1.628480000000000473e+04
1.913319999999999345e+04
1.983539999999999782e+04
1.904479999999999563e+04
2.294839999999999054e+04
2.828700000000000364e+04
2.324410000000000218e+04
1.715200000000000000e+04
1.644320000000000073e+04
1.631369999999999709e+04
1.720200000000000000e+04
1.927669999999999345e+04
1.839959999999999127e+04
2.121789999999998327e+04
2.990900000000001091e+04
3.363509999999998399e+04
2.442759999999999854e+04
1.840520000000000073e+04
2.020870000000000800e+04
2.173130000000000655e+04
2.848199999999999636e+04
4.190130000000000291e+04
5.153340000000000873e+04
4.990200000000000000e+04
3.956419999999999709e+04
2.576299999999999636e+04
1.829370000000000073e+04
1.843379999999999563e+04
1.854670000000000073e+04
2.098609999999999127e+04
3.076209999999999127e+04
3.892220000000001164e+04
4.463989999999998690e+04
4.306659999999999854e+04
3.318589999999998690e+04
2.179189999999999782e+04
1.757190000000000873e+04
1.605850000000000000e+04
1.576570000000000437e+04
1.875919999999998981e+04
2.342390000000000509e+04
2.575710000000001310e+04
2.843299999999999636e+04
2.938809999999998763e+04
2.363720000000000073e+04
1.803050000000000000e+04
1.704489999999999418e+04
1.668200000000000364e+04
1.662739999999999418e+04
1.903759999999998763e+04
1.984289999999999782e+04
2.066809999999999491e+04
2.267479999999999563e+04
2.236150000000001819e+04
1.791350000000000000e+04
1.599240000000000146e+04
1.573580000000000109e+04
1.570550000000000000e+04
1.812359999999999491e+04
2.008359999999999854e+04
2.028090000000000146e+04
1.977029999999999200e+04
1.858900000000000364e+04
1.609630000000000655e+04
1.453919999999999709e+04
1.442119999999999709e+04
1.431020000000000618e+04
1.477069999999999891e+04
1.653560000000000218e+04
1.797409999999999854e+04
1.940159999999999491e+04
2.023889999999999782e+04
1.802669999999999345e+04
1.563070000000000255e+04
1.566780000000000109e+04
1.639999999999999636e+04
1.584130000000000109e+04
1.820870000000000437e+04
2.116520000000000437e+04
2.247330000000000655e+04
2.062210000000000218e+04
1.852260000000000218e+04
1.719620000000000437e+04
1.715600000000000728e+04
1.624339999999999236e+04
1.569420000000000255e+04
1.848089999999999418e+04
2.116519999999999709e+04
2.389799999999998909e+04
2.790999999999999636e+04
2.929530000000000291e+04
2.431069999999998981e+04
1.851539999999999782e+04
1.557590000000000146e+04
1.518689999999999418e+04
1.594190000000000691e+04
1.852379999999999927e+04
2.315600000000000000e+04
3.012829999999998836e+04
3.593899999999998545e+04
3.390630000000000291e+04
2.442439999999999054e+04
1.731550000000000364e+04
1.588199999999999818e+04
1.574909999999999854e+04
1.564829999999999563e+04
1.720169999999999709e+04
1.970740000000000873e+04
2.243070000000000437e+04
2.635840000000000509e+04
2.726979999999999563e+04
2.208559999999998763e+04
1.693940000000000146e+04
1.643480000000000291e+04
1.702210000000000218e+04
1.761719999999999345e+04
1.899950000000000364e+04
2.200979999999999563e+04
2.581559999999999127e+04
2.912720000000000437e+04
2.728450000000000000e+04
2.082010000000000946e+04
1.667870000000000073e+04
1.729760000000000218e+04
1.812320000000000437e+04
1.907489999999999782e+04
2.227060000000000218e+04
2.690270000000000437e+04
2.869870000000001528e+04
2.697920000000000437e+04
2.175189999999999782e+04
1.687000000000000000e+04
1.495870000000000618e+04
1.525919999999999709e+04
1.559540000000000146e+04
1.557510000000000218e+04
1.723040000000000509e+04
2.232259999999999854e+04
2.726679999999999927e+04
2.837239999999999418e+04
2.270779999999999927e+04
1.762529999999999563e+04
1.915520000000000437e+04
2.214699999999999636e+04
2.259770000000000437e+04
2.789420000000000073e+04
4.050439999999998690e+04
4.811890000000000146e+04
4.016850000000001455e+04
2.544239999999999418e+04
1.755109999999999854e+04
1.622929999999999745e+04
1.710779999999999563e+04
2.024229999999999927e+04
2.445339999999999418e+04
3.062410000000000582e+04
3.637579999999998836e+04
3.725710000000000582e+04
3.052110000000000218e+04
2.089460000000000218e+04
1.609980000000000473e+04
1.675860000000000582e+04
1.860730000000000655e+04
2.260409999999999491e+04
3.124229999999999563e+04
3.830589999999997235e+04
3.760869999999998981e+04
2.923789999999998690e+04
2.016119999999998981e+04
1.645119999999999709e+04
1.573080000000000109e+04
1.524320000000000255e+04
1.758069999999999345e+04
2.085760000000000218e+04
2.288749999999999636e+04
2.290760000000000218e+04
2.154220000000000437e+04
1.976349999999999272e+04
1.843009999999999491e+04
1.626440000000000146e+04
1.485719999999999891e+04
1.655829999999999927e+04
1.967460000000000582e+04
2.129640000000000509e+04
2.257059999999999854e+04
2.445349999999998181e+04
2.272860000000000946e+04
1.854419999999998981e+04
1.516740000000000146e+04
1.428790000000000509e+04
1.453160000000000218e+04
1.487859999999999309e+04
1.520899999999999454e+04
1.623760000000000582e+04
1.814750000000000364e+04
1.963110000000000218e+04
1.861699999999999272e+04
1.583419999999999709e+04
1.424110000000000036e+04
1.379299999999999454e+04
1.399669999999999345e+04
1.448439999999999418e+04
1.540860000000000036e+04
1.673290000000000146e+04
1.741479999999999927e+04
1.670819999999999709e+04
1.598749999999999818e+04
1.504580000000000109e+04
1.403259999999999854e+04
1.418070000000000073e+04
1.470669999999999527e+04
1.469230000000000473e+04
1.457430000000000291e+04
