1.379420000000000000e+05
8.660100000000000000e+04
3.440200000000000000e+04
2.888300000000000000e+04
4.461700000000000000e+04
5.107100000000000000e+04
8.045300000000000000e+04
1.503890000000000000e+05
1.947800000000000000e+05
1.679800000000000000e+05
1.033140000000000000e+05
4.702700000000000000e+04
2.649700000000000000e+04
4.182100000000000000e+04
5.050400000000000000e+04
5.905000000000000000e+04
1.309600000000000000e+05
2.240520000000000000e+05
2.228950000000000000e+05
1.311150000000000000e+05
5.029600000000000000e+04
2.160400000000000000e+04
2.613900000000000000e+04
3.337900000000000000e+04
3.737600000000000000e+04
7.014600000000000000e+04
1.315560000000000000e+05
1.603570000000000000e+05
1.225150000000000000e+05
6.382200000000000000e+04
2.873300000000000000e+04
1.744200000000000000e+04
1.791800000000000000e+04
2.996000000000000000e+04
5.760800000000000000e+04
1.119300000000000000e+05
1.874280000000000000e+05
2.056340000000000000e+05
1.294890000000000000e+05
5.019400000000000000e+04
2.621000000000000000e+04
2.152600000000000000e+04
1.926700000000000000e+04
2.501200000000000000e+04
6.980000000000000000e+04
1.715710000000000000e+05
2.257540000000000000e+05
1.558920000000000000e+05
7.137900000000000000e+04
3.447800000000000000e+04
2.327700000000000000e+04
3.174400000000000000e+04
3.078200000000000000e+04
4.379700000000000000e+04
1.037380000000000000e+05
1.309230000000000000e+05
1.473140000000000000e+05
2.264940000000000000e+05
2.277130000000000000e+05
1.191650000000000000e+05
5.171800000000000000e+04
3.626300000000000000e+04
3.238600000000000000e+04
6.188800000000000000e+04
1.545870000000000000e+05
3.489540000000000000e+05
4.681430000000000000e+05
3.212210000000000000e+05
1.230950000000000000e+05
6.444200000000000000e+04
4.697300000000000000e+04
3.096800000000000000e+04
3.311800000000000000e+04
6.831200000000000000e+04
2.151370000000000000e+05
3.366500000000000000e+05
2.450960000000000000e+05
8.805100000000000000e+04
3.298800000000000000e+04
2.722300000000000000e+04
1.934100000000000000e+04
3.112100000000000000e+04
6.149000000000000000e+04
1.580810000000000000e+05
3.257470000000000000e+05
3.561470000000000000e+05
1.869270000000000000e+05
5.940400000000000000e+04
4.784200000000000000e+04
3.463900000000000000e+04
4.250100000000000000e+04
7.208300000000000000e+04
1.167140000000000000e+05
2.675660000000000000e+05
3.777530000000000000e+05
2.685830000000000000e+05
1.084720000000000000e+05
5.028100000000000000e+04
4.572600000000000000e+04
5.242300000000000000e+04
6.212000000000000000e+04
9.550800000000000000e+04
2.182600000000000000e+05
3.830450000000000000e+05
3.881760000000000000e+05
2.030780000000000000e+05
7.049800000000000000e+04
4.982400000000000000e+04
4.831600000000000000e+04
6.788300000000000000e+04
8.707500000000000000e+04
1.492040000000000000e+05
3.053560000000000000e+05
3.615550000000000000e+05
2.287500000000000000e+05
9.639200000000000000e+04
5.848500000000000000e+04
6.228700000000000000e+04
6.252400000000000000e+04
6.685500000000000000e+04
1.123910000000000000e+05
2.161140000000000000e+05
3.995380000000000000e+05
4.822020000000000000e+05
2.907280000000000000e+05
9.416000000000000000e+04
7.857400000000000000e+04
6.014900000000000000e+04
3.401200000000000000e+04
5.470700000000000000e+04
8.386400000000000000e+04
2.139740000000000000e+05
3.950940000000000000e+05
3.986480000000000000e+05
2.085000000000000000e+05
6.815600000000000000e+04
5.279500000000000000e+04
3.965400000000000000e+04
3.450200000000000000e+04
6.671700000000000000e+04
1.263050000000000000e+05
3.564490000000000000e+05
5.633650000000000000e+05
3.890460000000000000e+05
1.190790000000000000e+05
5.535200000000000000e+04
5.039500000000000000e+04
5.005200000000000000e+04
5.393800000000000000e+04
8.199000000000000000e+04
1.400590000000000000e+05
1.094450000000000000e+05
1.717700000000000000e+05
3.437830000000000000e+05
2.593460000000000000e+05
9.483200000000000000e+04
8.977500000000000000e+04
6.554900000000000000e+04
6.281900000000000000e+04
1.383370000000000000e+05
2.150820000000000000e+05
2.721080000000000000e+05
2.139020000000000000e+05
8.190300000000000000e+04
3.328100000000000000e+04
3.283200000000000000e+04
3.129500000000000000e+04
3.686100000000000000e+04
8.261800000000000000e+04
2.083270000000000000e+05
3.210710000000000000e+05
2.968840000000000000e+05
1.545070000000000000e+05
4.968000000000000000e+04
3.384700000000000000e+04
3.243700000000000000e+04
3.535200000000000000e+04
5.148300000000000000e+04
1.090800000000000000e+05
2.239810000000000000e+05
2.702470000000000000e+05
1.960530000000000000e+05
9.872900000000000000e+04
4.061300000000000000e+04
3.206500000000000000e+04
3.017400000000000000e+04
3.116200000000000000e+04
5.562400000000000000e+04
1.372260000000000000e+05
3.859460000000000000e+05
5.854030000000000000e+05
4.181910000000000000e+05
1.587980000000000000e+05
9.367800000000000000e+04
6.055900000000000000e+04
3.505700000000000000e+04
5.255900000000000000e+04
8.485500000000000000e+04
2.991100000000000000e+05
6.236960000000000000e+05
6.281980000000000000e+05
3.113880000000000000e+05
9.951600000000000000e+04
7.863400000000000000e+04
5.257200000000000000e+04
4.190500000000000000e+04
6.047000000000000000e+04
1.141400000000000000e+05
3.699920000000000000e+05
6.090360000000000000e+05
4.538190000000000000e+05
1.603280000000000000e+05
6.900700000000000000e+04
6.199100000000000000e+04
3.625300000000000000e+04
5.871300000000000000e+04
9.958500000000000000e+04
2.136760000000000000e+05
4.560180000000000000e+05
5.063350000000000000e+05
2.552920000000000000e+05
8.363800000000000000e+04
7.965600000000000000e+04
5.438700000000000000e+04
3.704000000000000000e+04
6.116700000000000000e+04
1.411920000000000000e+05
3.604150000000000000e+05
5.407740000000000000e+05
4.157650000000000000e+05
1.658930000000000000e+05
6.928200000000000000e+04
5.382200000000000000e+04
3.331900000000000000e+04
4.917300000000000000e+04
1.082180000000000000e+05
2.447290000000000000e+05
4.122980000000000000e+05
4.105210000000000000e+05
2.198830000000000000e+05
7.148300000000000000e+04
4.262700000000000000e+04
2.997300000000000000e+04
2.103300000000000000e+04
2.487000000000000000e+04
4.247200000000000000e+04
8.615000000000000000e+04
1.625110000000000000e+05
2.982920000000000000e+05
3.234400000000000000e+05
1.596180000000000000e+05
5.287600000000000000e+04
3.907800000000000000e+04
3.587300000000000000e+04
8.658300000000000000e+04
1.542290000000000000e+05
3.151730000000000000e+05
4.858480000000000000e+05
3.513050000000000000e+05
1.345190000000000000e+05
9.237700000000000000e+04
5.761500000000000000e+04
3.446200000000000000e+04
5.846900000000000000e+04
1.219310000000000000e+05
3.046810000000000000e+05
5.250590000000000000e+05
5.225010000000000000e+05
2.542610000000000000e+05
8.182400000000000000e+04
7.330400000000000000e+04
4.171900000000000000e+04
5.034300000000000000e+04
8.321600000000000000e+04
1.933980000000000000e+05
4.662970000000000000e+05
5.789160000000000000e+05
3.769180000000000000e+05
1.308610000000000000e+05
4.761800000000000000e+04
4.064500000000000000e+04
3.514600000000000000e+04
6.498300000000000000e+04
1.192500000000000000e+05
3.142570000000000000e+05
5.475050000000000000e+05
4.918850000000000000e+05
2.586620000000000000e+05
9.805900000000000000e+04
4.939500000000000000e+04
3.339300000000000000e+04
3.498900000000000000e+04
7.682500000000000000e+04
1.625080000000000000e+05
3.541730000000000000e+05
4.512220000000000000e+05
3.052560000000000000e+05
1.387250000000000000e+05
6.387100000000000000e+04
3.989900000000000000e+04
2.870000000000000000e+04
4.023900000000000000e+04
8.758000000000000000e+04
1.876240000000000000e+05
3.479840000000000000e+05
3.448580000000000000e+05
1.805960000000000000e+05
7.999800000000000000e+04
3.407600000000000000e+04
2.829400000000000000e+04
2.777300000000000000e+04
6.075000000000000000e+04
1.163930000000000000e+05
2.970190000000000000e+05
6.684130000000000000e+05
6.698880000000000000e+05
2.809280000000000000e+05
8.217300000000000000e+04
4.224800000000000000e+04
2.555100000000000000e+04
3.295800000000000000e+04
5.396300000000000000e+04
1.108530000000000000e+05
3.119040000000000000e+05
5.889660000000000000e+05
5.106800000000000000e+05
1.955390000000000000e+05
7.708700000000000000e+04
5.604700000000000000e+04
4.358900000000000000e+04
4.854300000000000000e+04
7.784100000000000000e+04
2.145690000000000000e+05
4.089970000000000000e+05
4.848060000000000000e+05
2.881530000000000000e+05
9.370200000000000000e+04
6.580600000000000000e+04
4.654500000000000000e+04
8.529200000000000000e+04
1.064160000000000000e+05
1.890590000000000000e+05
2.687810000000000000e+05
1.617680000000000000e+05
2.933090000000000000e+05
3.810890000000000000e+05
1.601650000000000000e+05
8.204000000000000000e+04
6.254200000000000000e+04
7.810800000000000000e+04
1.533320000000000000e+05
2.671240000000000000e+05
5.274310000000000000e+05
5.636150000000000000e+05
2.875570000000000000e+05
9.348500000000000000e+04
4.494700000000000000e+04
2.927300000000000000e+04
3.845400000000000000e+04
8.208700000000000000e+04
1.253740000000000000e+05
2.782730000000000000e+05
4.623740000000000000e+05
3.879500000000000000e+05
1.733360000000000000e+05
5.825800000000000000e+04
3.318800000000000000e+04
2.836100000000000000e+04
4.404700000000000000e+04
9.094700000000000000e+04
1.995480000000000000e+05
4.384750000000000000e+05
5.243270000000000000e+05
3.023050000000000000e+05
9.991800000000000000e+04
3.796500000000000000e+04
3.065400000000000000e+04
2.612300000000000000e+04
5.528900000000000000e+04
1.278920000000000000e+05
3.046880000000000000e+05
6.022700000000000000e+05
5.971640000000000000e+05
2.590440000000000000e+05
7.436700000000000000e+04
4.954600000000000000e+04
2.924200000000000000e+04
4.687700000000000000e+04
9.106200000000000000e+04
1.836110000000000000e+05
3.985940000000000000e+05
5.500620000000000000e+05
3.946920000000000000e+05
1.356220000000000000e+05
4.995100000000000000e+04
3.752500000000000000e+04
3.377900000000000000e+04
6.999700000000000000e+04
1.147530000000000000e+05
2.757050000000000000e+05
4.594150000000000000e+05
4.228840000000000000e+05
2.286400000000000000e+05
7.168300000000000000e+04
5.577300000000000000e+04
4.797400000000000000e+04
5.609700000000000000e+04
1.037070000000000000e+05
1.896510000000000000e+05
4.207160000000000000e+05
4.560220000000000000e+05
2.817770000000000000e+05
1.393630000000000000e+05
5.329600000000000000e+04
6.588900000000000000e+04
5.477700000000000000e+04
8.778400000000000000e+04
1.418700000000000000e+05
2.497760000000000000e+05
3.762590000000000000e+05
2.761110000000000000e+05
1.703340000000000000e+05
9.367000000000000000e+04
5.493300000000000000e+04
6.387500000000000000e+04
5.612900000000000000e+04
9.242800000000000000e+04
1.391270000000000000e+05
2.928250000000000000e+05
2.999350000000000000e+05
1.881030000000000000e+05
1.429360000000000000e+05
6.462500000000000000e+04
4.802300000000000000e+04
5.120400000000000000e+04
4.456500000000000000e+04
6.232000000000000000e+04
7.456900000000000000e+04
9.728900000000000000e+04
1.746770000000000000e+05
2.741750000000000000e+05
2.014000000000000000e+05
7.423300000000000000e+04
7.016100000000000000e+04
4.684300000000000000e+04
4.371600000000000000e+04
8.371600000000000000e+04
2.344060000000000000e+05
4.905750000000000000e+05
4.998030000000000000e+05
2.452690000000000000e+05
7.770700000000000000e+04
6.732400000000000000e+04
4.482600000000000000e+04
4.711300000000000000e+04
7.438600000000000000e+04
1.670290000000000000e+05
4.218640000000000000e+05
5.865710000000000000e+05
4.261390000000000000e+05
1.546720000000000000e+05
4.829100000000000000e+04
3.799500000000000000e+04
3.009800000000000000e+04
4.137600000000000000e+04
5.962500000000000000e+04
1.634330000000000000e+05
2.770060000000000000e+05
2.553310000000000000e+05
1.622940000000000000e+05
6.647600000000000000e+04
5.198600000000000000e+04
5.708900000000000000e+04
4.059500000000000000e+04
7.319900000000000000e+04
1.506930000000000000e+05
3.545880000000000000e+05
4.212550000000000000e+05
2.621750000000000000e+05
1.444780000000000000e+05
5.559700000000000000e+04
5.475300000000000000e+04
4.639100000000000000e+04
6.336600000000000000e+04
9.558200000000000000e+04
1.665820000000000000e+05
2.909370000000000000e+05
2.155670000000000000e+05
1.960490000000000000e+05
1.376690000000000000e+05
6.528200000000000000e+04
8.051600000000000000e+04
4.902700000000000000e+04
7.834400000000000000e+04
1.093200000000000000e+05
2.821550000000000000e+05
3.227020000000000000e+05
2.180950000000000000e+05
2.155410000000000000e+05
1.050050000000000000e+05
8.672300000000000000e+04
8.055300000000000000e+04
5.688400000000000000e+04
9.039800000000000000e+04
1.945550000000000000e+05
4.115540000000000000e+05
4.111910000000000000e+05
2.486220000000000000e+05
1.064960000000000000e+05
5.418800000000000000e+04
5.738300000000000000e+04
3.803100000000000000e+04
5.120600000000000000e+04
8.886800000000000000e+04
2.241570000000000000e+05
3.819840000000000000e+05
3.860870000000000000e+05
2.285810000000000000e+05
8.679000000000000000e+04
7.556100000000000000e+04
5.633300000000000000e+04
5.151600000000000000e+04
7.210500000000000000e+04
1.363810000000000000e+05
3.261640000000000000e+05
3.946720000000000000e+05
2.738210000000000000e+05
1.354920000000000000e+05
5.027900000000000000e+04
3.642100000000000000e+04
2.878900000000000000e+04
3.356400000000000000e+04
4.668800000000000000e+04
6.495100000000000000e+04
9.547200000000000000e+04
1.748390000000000000e+05
2.492700000000000000e+05
1.570740000000000000e+05
5.215600000000000000e+04
4.357400000000000000e+04
3.022900000000000000e+04
4.533600000000000000e+04
9.324500000000000000e+04
2.135020000000000000e+05
2.449220000000000000e+05
2.201400000000000000e+05
2.196980000000000000e+05
1.001400000000000000e+05
5.283500000000000000e+04
3.977700000000000000e+04
6.370400000000000000e+04
8.143200000000000000e+04
1.326260000000000000e+05
2.318360000000000000e+05
1.654590000000000000e+05
1.886060000000000000e+05
1.599080000000000000e+05
6.745700000000000000e+04
6.104800000000000000e+04
3.567100000000000000e+04
5.439400000000000000e+04
8.581600000000000000e+04
1.885170000000000000e+05
1.885760000000000000e+05
1.570310000000000000e+05
2.024330000000000000e+05
1.130720000000000000e+05
7.059800000000000000e+04
5.447000000000000000e+04
3.662900000000000000e+04
6.870300000000000000e+04
1.658250000000000000e+05
3.959090000000000000e+05
5.658790000000000000e+05
4.146260000000000000e+05
1.363730000000000000e+05
7.903300000000000000e+04
5.175800000000000000e+04
3.044500000000000000e+04
3.660000000000000000e+04
8.048400000000000000e+04
1.957830000000000000e+05
4.114370000000000000e+05
5.641010000000000000e+05
3.173520000000000000e+05
9.676600000000000000e+04
7.992200000000000000e+04
4.189100000000000000e+04
3.449500000000000000e+04
5.735800000000000000e+04
1.602880000000000000e+05
3.805460000000000000e+05
5.986350000000000000e+05
5.169380000000000000e+05
2.091400000000000000e+05
7.696500000000000000e+04
7.037500000000000000e+04
3.485500000000000000e+04
4.253100000000000000e+04
8.134100000000000000e+04
2.209530000000000000e+05
3.760990000000000000e+05
3.848090000000000000e+05
2.534530000000000000e+05
8.952300000000000000e+04
4.514100000000000000e+04
3.741600000000000000e+04
3.033100000000000000e+04
6.209000000000000000e+04
1.311550000000000000e+05
3.158200000000000000e+05
4.411870000000000000e+05
3.416080000000000000e+05
1.776140000000000000e+05
6.350300000000000000e+04
4.445400000000000000e+04
3.298900000000000000e+04
4.507500000000000000e+04
7.345400000000000000e+04
1.554880000000000000e+05
2.920400000000000000e+05
2.682930000000000000e+05
2.013020000000000000e+05
1.106120000000000000e+05
3.789800000000000000e+04
3.116300000000000000e+04
2.533700000000000000e+04
4.421200000000000000e+04
6.131700000000000000e+04
1.030850000000000000e+05
1.362010000000000000e+05
2.192480000000000000e+05
2.427710000000000000e+05
1.047500000000000000e+05
4.361300000000000000e+04
3.286900000000000000e+04
3.042600000000000000e+04
6.622300000000000000e+04
1.454430000000000000e+05
3.307340000000000000e+05
5.165980000000000000e+05
4.370520000000000000e+05
1.628830000000000000e+05
6.771900000000000000e+04
5.064800000000000000e+04
3.120000000000000000e+04
4.845200000000000000e+04
8.859700000000000000e+04
2.090680000000000000e+05
3.751930000000000000e+05
4.311990000000000000e+05
2.318660000000000000e+05
7.293900000000000000e+04
6.948200000000000000e+04
4.556400000000000000e+04
3.109100000000000000e+04
5.584500000000000000e+04
1.495120000000000000e+05
3.641930000000000000e+05
5.319980000000000000e+05
3.897680000000000000e+05
1.443680000000000000e+05
5.279500000000000000e+04
5.395100000000000000e+04
3.718300000000000000e+04
4.302000000000000000e+04
7.119600000000000000e+04
1.913180000000000000e+05
3.325680000000000000e+05
2.883230000000000000e+05
1.909470000000000000e+05
8.279800000000000000e+04
5.002400000000000000e+04
5.028400000000000000e+04
3.168000000000000000e+04
5.201600000000000000e+04
8.046000000000000000e+04
2.062760000000000000e+05
2.643270000000000000e+05
2.102350000000000000e+05
1.555080000000000000e+05
6.507000000000000000e+04
5.435600000000000000e+04
4.261000000000000000e+04
4.131200000000000000e+04
6.642500000000000000e+04
1.470150000000000000e+05
2.610370000000000000e+05
2.051890000000000000e+05
1.923020000000000000e+05
1.292160000000000000e+05
5.608600000000000000e+04
6.331900000000000000e+04
3.268000000000000000e+04
4.353500000000000000e+04
8.287500000000000000e+04
2.412150000000000000e+05
3.885820000000000000e+05
3.654710000000000000e+05
1.949510000000000000e+05
6.140000000000000000e+04
5.379700000000000000e+04
3.550900000000000000e+04
2.421300000000000000e+04
4.575000000000000000e+04
1.407010000000000000e+05
3.300870000000000000e+05
4.521730000000000000e+05
3.349760000000000000e+05
1.222430000000000000e+05
5.166100000000000000e+04
5.000700000000000000e+04
2.826600000000000000e+04
3.699000000000000000e+04
6.402200000000000000e+04
1.781520000000000000e+05
2.906940000000000000e+05
2.746150000000000000e+05
1.744230000000000000e+05
6.171300000000000000e+04
2.971400000000000000e+04
2.388600000000000000e+04
2.043500000000000000e+04
2.611100000000000000e+04
4.456100000000000000e+04
8.963600000000000000e+04
1.405360000000000000e+05
1.870420000000000000e+05
1.547830000000000000e+05
6.280600000000000000e+04
2.952500000000000000e+04
2.268000000000000000e+04
2.534800000000000000e+04
5.126400000000000000e+04
1.249660000000000000e+05
2.003360000000000000e+05
1.571050000000000000e+05
1.609090000000000000e+05
1.176610000000000000e+05
5.152100000000000000e+04
5.673200000000000000e+04
3.597600000000000000e+04
5.993700000000000000e+04
7.755700000000000000e+04
1.809540000000000000e+05
1.880910000000000000e+05
1.504470000000000000e+05
1.645660000000000000e+05
7.547400000000000000e+04
5.045300000000000000e+04
3.775500000000000000e+04
3.467700000000000000e+04
5.099400000000000000e+04
1.236860000000000000e+05
2.166030000000000000e+05
1.736140000000000000e+05
2.145040000000000000e+05
1.707600000000000000e+05
6.694900000000000000e+04
7.163300000000000000e+04
3.790400000000000000e+04
4.827400000000000000e+04
8.362300000000000000e+04
2.419520000000000000e+05
3.539920000000000000e+05
2.995370000000000000e+05
1.855510000000000000e+05
6.254900000000000000e+04
4.200700000000000000e+04
2.893600000000000000e+04
2.961600000000000000e+04
4.487800000000000000e+04
1.073650000000000000e+05
2.315980000000000000e+05
2.910460000000000000e+05
2.424010000000000000e+05
1.181460000000000000e+05
3.951700000000000000e+04
3.494500000000000000e+04
2.480300000000000000e+04
3.983000000000000000e+04
6.590900000000000000e+04
1.778280000000000000e+05
2.873160000000000000e+05
2.616630000000000000e+05
1.905210000000000000e+05
8.555100000000000000e+04
5.220500000000000000e+04
4.531500000000000000e+04
2.863900000000000000e+04
3.961400000000000000e+04
8.338300000000000000e+04
1.686080000000000000e+05
1.403460000000000000e+05
1.172330000000000000e+05
1.213970000000000000e+05
5.530400000000000000e+04
4.798000000000000000e+04
3.553400000000000000e+04
4.261700000000000000e+04
5.653400000000000000e+04
1.135210000000000000e+05
1.672220000000000000e+05
1.276740000000000000e+05
2.146420000000000000e+05
1.553160000000000000e+05
7.581100000000000000e+04
7.000600000000000000e+04
4.601400000000000000e+04
6.181800000000000000e+04
6.224800000000000000e+04
1.156450000000000000e+05
8.606400000000000000e+04
1.591370000000000000e+05
2.032390000000000000e+05
9.828200000000000000e+04
4.817400000000000000e+04
3.076100000000000000e+04
1.811900000000000000e+04
2.669600000000000000e+04
5.766300000000000000e+04
1.102020000000000000e+05
1.362730000000000000e+05
1.037240000000000000e+05
5.260300000000000000e+04
2.451600000000000000e+04
1.652500000000000000e+04
2.005400000000000000e+04
2.603200000000000000e+04
6.132700000000000000e+04
1.461310000000000000e+05
3.039250000000000000e+05
3.494010000000000000e+05
1.899510000000000000e+05
5.963700000000000000e+04
4.099100000000000000e+04
3.231800000000000000e+04
3.132600000000000000e+04
5.116900000000000000e+04
1.000020000000000000e+05
2.210830000000000000e+05
2.797670000000000000e+05
2.317350000000000000e+05
1.135350000000000000e+05
4.231400000000000000e+04
3.866400000000000000e+04
2.255600000000000000e+04
3.026400000000000000e+04
5.698300000000000000e+04
1.546980000000000000e+05
2.567150000000000000e+05
2.839240000000000000e+05
2.181340000000000000e+05
8.381200000000000000e+04
4.340600000000000000e+04
4.020000000000000000e+04
3.178600000000000000e+04
5.567100000000000000e+04
1.021770000000000000e+05
2.186850000000000000e+05
2.350030000000000000e+05
1.869750000000000000e+05
1.308580000000000000e+05
4.825500000000000000e+04
4.101400000000000000e+04
2.928100000000000000e+04
4.459200000000000000e+04
5.607800000000000000e+04
1.203940000000000000e+05
1.950490000000000000e+05
1.674590000000000000e+05
1.725980000000000000e+05
1.020890000000000000e+05
4.918300000000000000e+04
5.048700000000000000e+04
3.249100000000000000e+04
5.660900000000000000e+04
7.754700000000000000e+04
1.720980000000000000e+05
1.712450000000000000e+05
1.629380000000000000e+05
1.807020000000000000e+05
7.824200000000000000e+04
5.343800000000000000e+04
4.009800000000000000e+04
3.956100000000000000e+04
6.555700000000000000e+04
1.401890000000000000e+05
2.875530000000000000e+05
3.302670000000000000e+05
2.440920000000000000e+05
1.012700000000000000e+05
4.154200000000000000e+04
3.918000000000000000e+04
2.452900000000000000e+04
3.528800000000000000e+04
7.296100000000000000e+04
1.764090000000000000e+05
2.809210000000000000e+05
3.001350000000000000e+05
1.767960000000000000e+05
5.436800000000000000e+04
3.817900000000000000e+04
2.736600000000000000e+04
3.622400000000000000e+04
5.456500000000000000e+04
1.102370000000000000e+05
2.114070000000000000e+05
2.502810000000000000e+05
2.215220000000000000e+05
1.276700000000000000e+05
4.060100000000000000e+04
2.726200000000000000e+04
1.900600000000000000e+04
2.082400000000000000e+04
3.087600000000000000e+04
5.777800000000000000e+04
9.501400000000000000e+04
1.193890000000000000e+05
1.225580000000000000e+05
6.186900000000000000e+04
2.220200000000000000e+04
1.938100000000000000e+04
2.699900000000000000e+04
3.895500000000000000e+04
7.579800000000000000e+04
1.408040000000000000e+05
1.522230000000000000e+05
1.268810000000000000e+05
9.761700000000000000e+04
4.665600000000000000e+04
3.608000000000000000e+04
2.623000000000000000e+04
3.318800000000000000e+04
3.156800000000000000e+04
5.410100000000000000e+04
8.281400000000000000e+04
1.404330000000000000e+05
2.793870000000000000e+05
2.086190000000000000e+05
8.004300000000000000e+04
5.821000000000000000e+04
3.129300000000000000e+04
4.476600000000000000e+04
6.192100000000000000e+04
1.470140000000000000e+05
1.709790000000000000e+05
1.518470000000000000e+05
1.680490000000000000e+05
7.471200000000000000e+04
4.564800000000000000e+04
2.985200000000000000e+04
2.810000000000000000e+04
4.040300000000000000e+04
9.176900000000000000e+04
1.938820000000000000e+05
3.390410000000000000e+05
3.223590000000000000e+05
1.317980000000000000e+05
6.122700000000000000e+04
3.307000000000000000e+04
2.516600000000000000e+04
3.031100000000000000e+04
6.124800000000000000e+04
1.196380000000000000e+05
2.638480000000000000e+05
4.374800000000000000e+05
2.925690000000000000e+05
8.848700000000000000e+04
4.298900000000000000e+04
2.308000000000000000e+04
3.172400000000000000e+04
4.684100000000000000e+04
1.030370000000000000e+05
2.406770000000000000e+05
4.316570000000000000e+05
4.050010000000000000e+05
1.628620000000000000e+05
5.557100000000000000e+04
3.546200000000000000e+04
2.317400000000000000e+04
3.137400000000000000e+04
5.156700000000000000e+04
1.101040000000000000e+05
1.901020000000000000e+05
2.504150000000000000e+05
1.756020000000000000e+05
6.429300000000000000e+04
3.306900000000000000e+04
2.123000000000000000e+04
2.237800000000000000e+04
3.578800000000000000e+04
7.299700000000000000e+04
1.578900000000000000e+05
2.674380000000000000e+05
3.021730000000000000e+05
1.643910000000000000e+05
5.191700000000000000e+04
4.007000000000000000e+04
3.116000000000000000e+04
5.408000000000000000e+04
7.754700000000000000e+04
1.494540000000000000e+05
2.588580000000000000e+05
2.772540000000000000e+05
2.011640000000000000e+05
8.304400000000000000e+04
3.670600000000000000e+04
2.915400000000000000e+04
1.948100000000000000e+04
2.544800000000000000e+04
3.075400000000000000e+04
6.374900000000000000e+04
7.437200000000000000e+04
8.161800000000000000e+04
1.040090000000000000e+05
5.824700000000000000e+04
2.218900000000000000e+04
1.767100000000000000e+04
2.191500000000000000e+04
4.404400000000000000e+04
9.383900000000000000e+04
1.996020000000000000e+05
3.632240000000000000e+05
3.383300000000000000e+05
1.313200000000000000e+05
5.858300000000000000e+04
3.808800000000000000e+04
2.596600000000000000e+04
3.855000000000000000e+04
6.910200000000000000e+04
1.348120000000000000e+05
2.684650000000000000e+05
4.124640000000000000e+05
2.928660000000000000e+05
9.408500000000000000e+04
4.194600000000000000e+04
2.222500000000000000e+04
2.454200000000000000e+04
3.747300000000000000e+04
8.643300000000000000e+04
1.689550000000000000e+05
2.743490000000000000e+05
2.860260000000000000e+05
1.381330000000000000e+05
4.571700000000000000e+04
2.805000000000000000e+04
2.099100000000000000e+04
3.075800000000000000e+04
5.170900000000000000e+04
1.109140000000000000e+05
1.989380000000000000e+05
2.596470000000000000e+05
1.708470000000000000e+05
5.338900000000000000e+04
2.695400000000000000e+04
2.194800000000000000e+04
3.292700000000000000e+04
6.154000000000000000e+04
1.051290000000000000e+05
2.200950000000000000e+05
3.209410000000000000e+05
2.728540000000000000e+05
1.451650000000000000e+05
4.890600000000000000e+04
4.216000000000000000e+04
3.504200000000000000e+04
5.673800000000000000e+04
8.429900000000000000e+04
1.429770000000000000e+05
2.274980000000000000e+05
2.138960000000000000e+05
1.813940000000000000e+05
1.046420000000000000e+05
3.890800000000000000e+04
2.680300000000000000e+04
1.911600000000000000e+04
2.829200000000000000e+04
3.986200000000000000e+04
7.755100000000000000e+04
1.695670000000000000e+05
2.883530000000000000e+05
2.329800000000000000e+05
8.858800000000000000e+04
4.295000000000000000e+04
2.226300000000000000e+04
2.240100000000000000e+04
3.250600000000000000e+04
7.384400000000000000e+04
1.391640000000000000e+05
3.522400000000000000e+05
3.940600000000000000e+05
1.730440000000000000e+05
7.021800000000000000e+04
3.236200000000000000e+04
3.064500000000000000e+04
3.645500000000000000e+04
6.678300000000000000e+04
1.143520000000000000e+05
2.404030000000000000e+05
3.684190000000000000e+05
2.508610000000000000e+05
8.746900000000000000e+04
3.525200000000000000e+04
1.888900000000000000e+04
2.268700000000000000e+04
2.631800000000000000e+04
3.020900000000000000e+04
4.768600000000000000e+04
5.624200000000000000e+04
1.165850000000000000e+05
1.381650000000000000e+05
6.349300000000000000e+04
3.103000000000000000e+04
2.759800000000000000e+04
4.075000000000000000e+04
6.447900000000000000e+04
1.258030000000000000e+05
2.320500000000000000e+05
2.737130000000000000e+05
2.060870000000000000e+05
8.206300000000000000e+04
3.716400000000000000e+04
3.266500000000000000e+04
3.683800000000000000e+04
5.779100000000000000e+04
7.982400000000000000e+04
1.410400000000000000e+05
1.795970000000000000e+05
1.898880000000000000e+05
1.209940000000000000e+05
4.540600000000000000e+04
3.160200000000000000e+04
2.339900000000000000e+04
4.202900000000000000e+04
5.072000000000000000e+04
8.622900000000000000e+04
1.484900000000000000e+05
1.930220000000000000e+05
1.670900000000000000e+05
7.431400000000000000e+04
2.693100000000000000e+04
2.000300000000000000e+04
2.155300000000000000e+04
3.116900000000000000e+04
5.850400000000000000e+04
1.106340000000000000e+05
2.621300000000000000e+05
4.274190000000000000e+05
2.964340000000000000e+05
1.051580000000000000e+05
5.373700000000000000e+04
2.793200000000000000e+04
3.623600000000000000e+04
4.613500000000000000e+04
8.370400000000000000e+04
1.400740000000000000e+05
2.622960000000000000e+05
2.913720000000000000e+05
1.457010000000000000e+05
5.859500000000000000e+04
3.147300000000000000e+04
2.154100000000000000e+04
2.806900000000000000e+04
4.876800000000000000e+04
8.709900000000000000e+04
1.873400000000000000e+05
2.965030000000000000e+05
2.050110000000000000e+05
6.754100000000000000e+04
3.476200000000000000e+04
2.205900000000000000e+04
3.250100000000000000e+04
4.999800000000000000e+04
8.333900000000000000e+04
1.545930000000000000e+05
2.452170000000000000e+05
2.301650000000000000e+05
1.072020000000000000e+05
3.843000000000000000e+04
2.997900000000000000e+04
2.560400000000000000e+04
4.235500000000000000e+04
6.565900000000000000e+04
1.217070000000000000e+05
1.864910000000000000e+05
2.131020000000000000e+05
1.725880000000000000e+05
7.079300000000000000e+04
3.959700000000000000e+04
3.075600000000000000e+04
3.067900000000000000e+04
4.629900000000000000e+04
6.309900000000000000e+04
1.122930000000000000e+05
1.216370000000000000e+05
1.155740000000000000e+05
8.838600000000000000e+04
3.909200000000000000e+04
1.899900000000000000e+04
1.407700000000000000e+04
1.355000000000000000e+04
1.825700000000000000e+04
2.877300000000000000e+04
4.874800000000000000e+04
6.907500000000000000e+04
9.179100000000000000e+04
7.295200000000000000e+04
3.089500000000000000e+04
2.035500000000000000e+04
2.969500000000000000e+04
5.020700000000000000e+04
1.010940000000000000e+05
1.728420000000000000e+05
3.717710000000000000e+05
5.435520000000000000e+05
3.436460000000000000e+05
1.183630000000000000e+05
5.377500000000000000e+04
2.318300000000000000e+04
2.298100000000000000e+04
2.753800000000000000e+04
4.339500000000000000e+04
6.315100000000000000e+04
1.556700000000000000e+05
2.029380000000000000e+05
1.120640000000000000e+05
4.165800000000000000e+04
2.044100000000000000e+04
1.714800000000000000e+04
2.060300000000000000e+04
3.771200000000000000e+04
6.319700000000000000e+04
1.172030000000000000e+05
2.261320000000000000e+05
1.731690000000000000e+05
6.352600000000000000e+04
4.061800000000000000e+04
3.317100000000000000e+04
5.004800000000000000e+04
7.895300000000000000e+04
1.320570000000000000e+05
2.192440000000000000e+05
3.173770000000000000e+05
2.918240000000000000e+05
1.384210000000000000e+05
4.711600000000000000e+04
3.289300000000000000e+04
2.307700000000000000e+04
3.061700000000000000e+04
3.990200000000000000e+04
6.691000000000000000e+04
1.135280000000000000e+05
1.666330000000000000e+05
1.573200000000000000e+05
6.801000000000000000e+04
4.144100000000000000e+04
3.119000000000000000e+04
3.433800000000000000e+04
5.357800000000000000e+04
7.903200000000000000e+04
1.279990000000000000e+05
1.533450000000000000e+05
1.747430000000000000e+05
1.083480000000000000e+05
4.056700000000000000e+04
2.760000000000000000e+04
2.038500000000000000e+04
2.513600000000000000e+04
3.766800000000000000e+04
5.637500000000000000e+04
1.151510000000000000e+05
2.140020000000000000e+05
1.933200000000000000e+05
8.165000000000000000e+04
3.517100000000000000e+04
2.256100000000000000e+04
2.000900000000000000e+04
2.805400000000000000e+04
4.657200000000000000e+04
8.007700000000000000e+04
1.250000000000000000e+05
1.452160000000000000e+05
9.055200000000000000e+04
3.587200000000000000e+04
3.106100000000000000e+04
2.693600000000000000e+04
3.575600000000000000e+04
5.203100000000000000e+04
8.020200000000000000e+04
1.202920000000000000e+05
1.557370000000000000e+05
1.615440000000000000e+05
8.852800000000000000e+04
3.672300000000000000e+04
2.567500000000000000e+04
1.876100000000000000e+04
2.735400000000000000e+04
3.165900000000000000e+04
6.136500000000000000e+04
8.123500000000000000e+04
8.056900000000000000e+04
7.664400000000000000e+04
4.533700000000000000e+04
2.088600000000000000e+04
2.361500000000000000e+04
2.824800000000000000e+04
4.213600000000000000e+04
7.095400000000000000e+04
1.072990000000000000e+05
1.728880000000000000e+05
1.796060000000000000e+05
9.387500000000000000e+04
3.827800000000000000e+04
3.825700000000000000e+04
2.951700000000000000e+04
3.896400000000000000e+04
6.258800000000000000e+04
1.045470000000000000e+05
1.642330000000000000e+05
1.431030000000000000e+05
8.726900000000000000e+04
3.938000000000000000e+04
3.701400000000000000e+04
4.066400000000000000e+04
4.488200000000000000e+04
6.734700000000000000e+04
8.715300000000000000e+04
1.605650000000000000e+05
1.467850000000000000e+05
1.230290000000000000e+05
1.201200000000000000e+05
5.473300000000000000e+04
3.286900000000000000e+04
2.708300000000000000e+04
2.755300000000000000e+04
4.408500000000000000e+04
6.234100000000000000e+04
1.014700000000000000e+05
1.734320000000000000e+05
1.783240000000000000e+05
8.589300000000000000e+04
4.254100000000000000e+04
2.544400000000000000e+04
2.330500000000000000e+04
3.355500000000000000e+04
5.346200000000000000e+04
8.792800000000000000e+04
1.465650000000000000e+05
2.025650000000000000e+05
1.303070000000000000e+05
5.099900000000000000e+04
2.729700000000000000e+04
1.709700000000000000e+04
2.232700000000000000e+04
2.916400000000000000e+04
4.644600000000000000e+04
6.270200000000000000e+04
1.018400000000000000e+05
1.060030000000000000e+05
5.261500000000000000e+04
2.817700000000000000e+04
2.587800000000000000e+04
2.725500000000000000e+04
4.110400000000000000e+04
5.515700000000000000e+04
8.011200000000000000e+04
1.084900000000000000e+05
1.248180000000000000e+05
9.714600000000000000e+04
4.258300000000000000e+04
3.131400000000000000e+04
2.374200000000000000e+04
2.811100000000000000e+04
3.889600000000000000e+04
5.307800000000000000e+04
9.436700000000000000e+04
1.140000000000000000e+05
1.209910000000000000e+05
7.869700000000000000e+04
3.950000000000000000e+04
3.403600000000000000e+04
3.211800000000000000e+04
5.830900000000000000e+04
5.649700000000000000e+04
9.271000000000000000e+04
1.059680000000000000e+05
8.118200000000000000e+04
1.135130000000000000e+05
8.756100000000000000e+04
3.656700000000000000e+04
2.541600000000000000e+04
2.049900000000000000e+04
2.345200000000000000e+04
2.499700000000000000e+04
3.584800000000000000e+04
4.997900000000000000e+04
5.518200000000000000e+04
5.252600000000000000e+04
3.067400000000000000e+04
2.423200000000000000e+04
2.402900000000000000e+04
4.155900000000000000e+04
6.341700000000000000e+04
1.114690000000000000e+05
1.808500000000000000e+05
2.139130000000000000e+05
1.677460000000000000e+05
7.105800000000000000e+04
4.600600000000000000e+04
3.826000000000000000e+04
2.949500000000000000e+04
3.894300000000000000e+04
5.922600000000000000e+04
9.267300000000000000e+04
1.140320000000000000e+05
1.510350000000000000e+05
1.189850000000000000e+05
5.056800000000000000e+04
3.327900000000000000e+04
2.241600000000000000e+04
2.778400000000000000e+04
3.746800000000000000e+04
5.866200000000000000e+04
1.082370000000000000e+05
1.216310000000000000e+05
1.095670000000000000e+05
7.037800000000000000e+04
3.176700000000000000e+04
2.362300000000000000e+04
1.677200000000000000e+04
2.113200000000000000e+04
2.585500000000000000e+04
4.153100000000000000e+04
6.195000000000000000e+04
8.683300000000000000e+04
9.116200000000000000e+04
5.705000000000000000e+04
3.776900000000000000e+04
2.300300000000000000e+04
1.688000000000000000e+04
1.995900000000000000e+04
3.152200000000000000e+04
6.370200000000000000e+04
5.706200000000000000e+04
6.151700000000000000e+04
5.700400000000000000e+04
3.021600000000000000e+04
2.883300000000000000e+04
2.214600000000000000e+04
2.966900000000000000e+04
3.190200000000000000e+04
5.513000000000000000e+04
5.316200000000000000e+04
7.517900000000000000e+04
1.527910000000000000e+05
1.036960000000000000e+05
4.819900000000000000e+04
3.958900000000000000e+04
3.677500000000000000e+04
6.872600000000000000e+04
8.052100000000000000e+04
1.369590000000000000e+05
1.713100000000000000e+05
1.352180000000000000e+05
7.584800000000000000e+04
4.091800000000000000e+04
6.017300000000000000e+04
5.344000000000000000e+04
8.872800000000000000e+04
1.124180000000000000e+05
1.566280000000000000e+05
2.304780000000000000e+05
2.311460000000000000e+05
1.728100000000000000e+05
7.440100000000000000e+04
4.794000000000000000e+04
4.409100000000000000e+04
3.483500000000000000e+04
4.682000000000000000e+04
5.891700000000000000e+04
8.297900000000000000e+04
1.015700000000000000e+05
1.244240000000000000e+05
1.045400000000000000e+05
4.704500000000000000e+04
2.341600000000000000e+04
1.708800000000000000e+04
1.695000000000000000e+04
1.962200000000000000e+04
2.302900000000000000e+04
3.986000000000000000e+04
6.324700000000000000e+04
7.523500000000000000e+04
6.369400000000000000e+04
3.496300000000000000e+04
1.707100000000000000e+04
1.876000000000000000e+04
2.360200000000000000e+04
2.838500000000000000e+04
5.327800000000000000e+04
5.704300000000000000e+04
9.483200000000000000e+04
1.303250000000000000e+05
7.277000000000000000e+04
4.823600000000000000e+04
3.397100000000000000e+04
2.382500000000000000e+04
3.272300000000000000e+04
4.080500000000000000e+04
6.904800000000000000e+04
7.761100000000000000e+04
7.574800000000000000e+04
5.046800000000000000e+04
3.477900000000000000e+04
2.822500000000000000e+04
2.067000000000000000e+04
3.162800000000000000e+04
3.487100000000000000e+04
5.588500000000000000e+04
5.889000000000000000e+04
6.264600000000000000e+04
7.653500000000000000e+04
4.589000000000000000e+04
2.333100000000000000e+04
1.896600000000000000e+04
1.617900000000000000e+04
1.959600000000000000e+04
2.431000000000000000e+04
2.940400000000000000e+04
4.737100000000000000e+04
7.373800000000000000e+04
6.094800000000000000e+04
3.661100000000000000e+04
2.378000000000000000e+04
1.654500000000000000e+04
2.438800000000000000e+04
3.069400000000000000e+04
4.774800000000000000e+04
7.403600000000000000e+04
1.091280000000000000e+05
8.719000000000000000e+04
4.023100000000000000e+04
3.741000000000000000e+04
3.134200000000000000e+04
3.560300000000000000e+04
3.776300000000000000e+04
5.205600000000000000e+04
7.435200000000000000e+04
8.986200000000000000e+04
1.046680000000000000e+05
6.738800000000000000e+04
3.134100000000000000e+04
2.879200000000000000e+04
2.337200000000000000e+04
2.361900000000000000e+04
3.474000000000000000e+04
5.037900000000000000e+04
8.661300000000000000e+04
1.262920000000000000e+05
1.060400000000000000e+05
4.955800000000000000e+04
3.259700000000000000e+04
2.718100000000000000e+04
2.094000000000000000e+04
3.234000000000000000e+04
3.968700000000000000e+04
6.598900000000000000e+04
9.606800000000000000e+04
8.831100000000000000e+04
4.695100000000000000e+04
2.095500000000000000e+04
1.779900000000000000e+04
1.474300000000000000e+04
1.740800000000000000e+04
1.863300000000000000e+04
2.820000000000000000e+04
3.220300000000000000e+04
2.916500000000000000e+04
4.569800000000000000e+04
4.931600000000000000e+04
2.958900000000000000e+04
1.588800000000000000e+04
1.338200000000000000e+04
1.334200000000000000e+04
1.821500000000000000e+04
3.005400000000000000e+04
3.969700000000000000e+04
3.988600000000000000e+04
3.860000000000000000e+04
3.629600000000000000e+04
2.358100000000000000e+04
1.646700000000000000e+04
1.756700000000000000e+04
1.828000000000000000e+04
3.184800000000000000e+04
4.372700000000000000e+04
1.071470000000000000e+05
1.746580000000000000e+05
1.231000000000000000e+05
6.180000000000000000e+04
3.597300000000000000e+04
2.045000000000000000e+04
2.689000000000000000e+04
3.196700000000000000e+04
5.819100000000000000e+04
8.499700000000000000e+04
1.226430000000000000e+05
1.196120000000000000e+05
5.922000000000000000e+04
3.322300000000000000e+04
1.930400000000000000e+04
1.408800000000000000e+04
1.623100000000000000e+04
2.361300000000000000e+04
3.326900000000000000e+04
6.659100000000000000e+04
1.036240000000000000e+05
8.143500000000000000e+04
5.435800000000000000e+04
3.273600000000000000e+04
1.828100000000000000e+04
2.214900000000000000e+04
2.542300000000000000e+04
3.983300000000000000e+04
6.771400000000000000e+04
1.127410000000000000e+05
9.846200000000000000e+04
4.469400000000000000e+04
2.961300000000000000e+04
1.858400000000000000e+04
2.198400000000000000e+04
2.601200000000000000e+04
3.579600000000000000e+04
5.783600000000000000e+04
6.507600000000000000e+04
8.832200000000000000e+04
7.607300000000000000e+04
3.286600000000000000e+04
1.930100000000000000e+04
1.485100000000000000e+04
1.669200000000000000e+04
2.321200000000000000e+04
3.359300000000000000e+04
4.607000000000000000e+04
7.504600000000000000e+04
8.443800000000000000e+04
4.366200000000000000e+04
1.799500000000000000e+04
1.431800000000000000e+04
1.451300000000000000e+04
1.578500000000000000e+04
1.664300000000000000e+04
1.865600000000000000e+04
2.881900000000000000e+04
5.692300000000000000e+04
6.108800000000000000e+04
4.095700000000000000e+04
2.890500000000000000e+04
1.688300000000000000e+04
1.904600000000000000e+04
1.981800000000000000e+04
2.562400000000000000e+04
4.383200000000000000e+04
6.678800000000000000e+04
8.554500000000000000e+04
6.239100000000000000e+04
3.602400000000000000e+04
2.801600000000000000e+04
1.736200000000000000e+04
2.204800000000000000e+04
2.735500000000000000e+04
4.528700000000000000e+04
8.509300000000000000e+04
1.175930000000000000e+05
1.103160000000000000e+05
6.031200000000000000e+04
3.474100000000000000e+04
2.783300000000000000e+04
1.774400000000000000e+04
1.995700000000000000e+04
1.767400000000000000e+04
2.414300000000000000e+04
3.147000000000000000e+04
5.204800000000000000e+04
5.449000000000000000e+04
2.578200000000000000e+04
1.493100000000000000e+04
1.474800000000000000e+04
1.998400000000000000e+04
2.418800000000000000e+04
4.021300000000000000e+04
6.038100000000000000e+04
6.876200000000000000e+04
6.176300000000000000e+04
3.207300000000000000e+04
2.234700000000000000e+04
1.920900000000000000e+04
1.998500000000000000e+04
3.118800000000000000e+04
4.219500000000000000e+04
7.245400000000000000e+04
1.041620000000000000e+05
1.093790000000000000e+05
6.813400000000000000e+04
3.046100000000000000e+04
2.749700000000000000e+04
2.132600000000000000e+04
2.559200000000000000e+04
3.438100000000000000e+04
5.322400000000000000e+04
6.457400000000000000e+04
7.142600000000000000e+04
1.020570000000000000e+05
8.008100000000000000e+04
3.475100000000000000e+04
3.079700000000000000e+04
2.386700000000000000e+04
2.455500000000000000e+04
4.042800000000000000e+04
4.877900000000000000e+04
6.827500000000000000e+04
8.744100000000000000e+04
6.504300000000000000e+04
3.251400000000000000e+04
2.210600000000000000e+04
1.455200000000000000e+04
1.302100000000000000e+04
1.687600000000000000e+04
2.130800000000000000e+04
2.925800000000000000e+04
5.603800000000000000e+04
8.012300000000000000e+04
6.384000000000000000e+04
4.391100000000000000e+04
2.746100000000000000e+04
1.877300000000000000e+04
2.834300000000000000e+04
2.929600000000000000e+04
4.748400000000000000e+04
8.002100000000000000e+04
8.818200000000000000e+04
6.675000000000000000e+04
3.136400000000000000e+04
2.174300000000000000e+04
1.956200000000000000e+04
2.337400000000000000e+04
3.630800000000000000e+04
4.407400000000000000e+04
7.366500000000000000e+04
9.882300000000000000e+04
8.504100000000000000e+04
4.554600000000000000e+04
2.125000000000000000e+04
2.065100000000000000e+04
1.951600000000000000e+04
2.591400000000000000e+04
3.371400000000000000e+04
4.601200000000000000e+04
5.486000000000000000e+04
5.493000000000000000e+04
7.211100000000000000e+04
5.796500000000000000e+04
2.977800000000000000e+04
2.751100000000000000e+04
1.989700000000000000e+04
2.893800000000000000e+04
3.544400000000000000e+04
3.680800000000000000e+04
5.239600000000000000e+04
5.051700000000000000e+04
3.882200000000000000e+04
2.425200000000000000e+04
1.749100000000000000e+04
2.020600000000000000e+04
1.412300000000000000e+04
1.358800000000000000e+04
1.658300000000000000e+04
2.987500000000000000e+04
4.570900000000000000e+04
4.128400000000000000e+04
3.456800000000000000e+04
2.318800000000000000e+04
2.111300000000000000e+04
3.171300000000000000e+04
3.543000000000000000e+04
4.749000000000000000e+04
6.115700000000000000e+04
6.595900000000000000e+04
5.662300000000000000e+04
2.984700000000000000e+04
2.078500000000000000e+04
2.453600000000000000e+04
2.429400000000000000e+04
3.069100000000000000e+04
4.064500000000000000e+04
5.326500000000000000e+04
7.250900000000000000e+04
8.543900000000000000e+04
6.606300000000000000e+04
3.478600000000000000e+04
2.786200000000000000e+04
2.576500000000000000e+04
2.196200000000000000e+04
2.971900000000000000e+04
3.790800000000000000e+04
4.766800000000000000e+04
4.516300000000000000e+04
3.146000000000000000e+04
2.356400000000000000e+04
1.658300000000000000e+04
1.899600000000000000e+04
2.031200000000000000e+04
1.706600000000000000e+04
2.813200000000000000e+04
3.453400000000000000e+04
3.688100000000000000e+04
4.688000000000000000e+04
3.796800000000000000e+04
2.009800000000000000e+04
1.436200000000000000e+04
1.338700000000000000e+04
1.506900000000000000e+04
1.703100000000000000e+04
2.223500000000000000e+04
2.865000000000000000e+04
2.361000000000000000e+04
2.707600000000000000e+04
4.082600000000000000e+04
3.472900000000000000e+04
2.604200000000000000e+04
2.381800000000000000e+04
1.784100000000000000e+04
2.126900000000000000e+04
3.341000000000000000e+04
3.421800000000000000e+04
2.919700000000000000e+04
2.342200000000000000e+04
1.606300000000000000e+04
1.296500000000000000e+04
1.331500000000000000e+04
1.461100000000000000e+04
1.681900000000000000e+04
2.354100000000000000e+04
3.535900000000000000e+04
4.010200000000000000e+04
3.712200000000000000e+04
3.277000000000000000e+04
2.458100000000000000e+04
1.809900000000000000e+04
1.405800000000000000e+04
1.344200000000000000e+04
2.116600000000000000e+04
2.623200000000000000e+04
3.274800000000000000e+04
5.818200000000000000e+04
7.320600000000000000e+04
5.098700000000000000e+04
2.595100000000000000e+04
1.491900000000000000e+04
1.089300000000000000e+04
1.273200000000000000e+04
1.895200000000000000e+04
2.443600000000000000e+04
3.189800000000000000e+04
3.896500000000000000e+04
3.903500000000000000e+04
2.958900000000000000e+04
1.631400000000000000e+04
1.103500000000000000e+04
1.087600000000000000e+04
9.974000000000000000e+03
1.112500000000000000e+04
1.596300000000000000e+04
2.075600000000000000e+04
2.424900000000000000e+04
2.393200000000000000e+04
1.779800000000000000e+04
1.432000000000000000e+04
1.527000000000000000e+04
1.528300000000000000e+04
1.272100000000000000e+04
1.633800000000000000e+04
1.942800000000000000e+04
1.577600000000000000e+04
1.548800000000000000e+04
2.102400000000000000e+04
2.214100000000000000e+04
1.783600000000000000e+04
1.199700000000000000e+04
1.296800000000000000e+04
1.935300000000000000e+04
2.399400000000000000e+04
3.327600000000000000e+04
4.594800000000000000e+04
4.265700000000000000e+04
2.608700000000000000e+04
1.451000000000000000e+04
1.126100000000000000e+04
1.168900000000000000e+04
1.226100000000000000e+04
1.589600000000000000e+04
2.469500000000000000e+04
3.021600000000000000e+04
2.923200000000000000e+04
2.715800000000000000e+04
2.128300000000000000e+04
1.324300000000000000e+04
1.038600000000000000e+04
1.125600000000000000e+04
1.212100000000000000e+04
1.416100000000000000e+04
2.652700000000000000e+04
5.377700000000000000e+04
7.107600000000000000e+04
5.433900000000000000e+04
2.557800000000000000e+04
1.352700000000000000e+04
1.502800000000000000e+04
1.603400000000000000e+04
1.509200000000000000e+04
2.171900000000000000e+04
4.309000000000000000e+04
6.867100000000000000e+04
7.345300000000000000e+04
5.070000000000000000e+04
2.445200000000000000e+04
1.392100000000000000e+04
1.615900000000000000e+04
1.715500000000000000e+04
1.432000000000000000e+04
2.144000000000000000e+04
4.949000000000000000e+04
7.793300000000000000e+04
7.831900000000000000e+04
4.686200000000000000e+04
1.983800000000000000e+04
1.464900000000000000e+04
1.793000000000000000e+04
1.583300000000000000e+04
1.263500000000000000e+04
1.857200000000000000e+04
3.426200000000000000e+04
4.693800000000000000e+04
4.300400000000000000e+04
2.500100000000000000e+04
1.316100000000000000e+04
1.311000000000000000e+04
1.388700000000000000e+04
1.140200000000000000e+04
1.098900000000000000e+04
1.502700000000000000e+04
2.069200000000000000e+04
2.413900000000000000e+04
2.198500000000000000e+04
1.682800000000000000e+04
1.135300000000000000e+04
9.743000000000000000e+03
1.180700000000000000e+04
1.289600000000000000e+04
1.195600000000000000e+04
1.369500000000000000e+04
1.891100000000000000e+04
2.016000000000000000e+04
1.571900000000000000e+04
1.147500000000000000e+04
1.214200000000000000e+04
1.317500000000000000e+04
2.111600000000000000e+04
4.809200000000000000e+04
7.975100000000000000e+04
8.102000000000000000e+04
5.033500000000000000e+04
2.198800000000000000e+04
1.356000000000000000e+04
1.588300000000000000e+04
1.880000000000000000e+04
2.259500000000000000e+04
3.060900000000000000e+04
4.512100000000000000e+04
5.886000000000000000e+04
5.793600000000000000e+04
4.291300000000000000e+04
2.573300000000000000e+04
1.414000000000000000e+04
1.332000000000000000e+04
1.672000000000000000e+04
1.784400000000000000e+04
2.259900000000000000e+04
3.908400000000000000e+04
5.469200000000000000e+04
5.164400000000000000e+04
3.194500000000000000e+04
1.600200000000000000e+04
1.179300000000000000e+04
1.310600000000000000e+04
1.385600000000000000e+04
1.542100000000000000e+04
2.374200000000000000e+04
4.086700000000000000e+04
5.154800000000000000e+04
4.263300000000000000e+04
2.462900000000000000e+04
1.325400000000000000e+04
1.294500000000000000e+04
1.631300000000000000e+04
1.675600000000000000e+04
1.754200000000000000e+04
2.692200000000000000e+04
4.544000000000000000e+04
5.708300000000000000e+04
4.792700000000000000e+04
2.759500000000000000e+04
1.485400000000000000e+04
1.621600000000000000e+04
1.787100000000000000e+04
1.416400000000000000e+04
1.413800000000000000e+04
2.243300000000000000e+04
3.060700000000000000e+04
3.529200000000000000e+04
3.179700000000000000e+04
2.107900000000000000e+04
1.269300000000000000e+04
1.205500000000000000e+04
1.318200000000000000e+04
1.284500000000000000e+04
1.188200000000000000e+04
1.166000000000000000e+04
1.243500000000000000e+04
1.502000000000000000e+04
1.663000000000000000e+04
1.490100000000000000e+04
1.177900000000000000e+04
1.246200000000000000e+04
1.946800000000000000e+04
2.784300000000000000e+04
3.228600000000000000e+04
3.138200000000000000e+04
2.649600000000000000e+04
1.864700000000000000e+04
1.221900000000000000e+04
1.005600000000000000e+04
1.214000000000000000e+04
1.544200000000000000e+04
1.929800000000000000e+04
2.569800000000000000e+04
2.987100000000000000e+04
