1.587905645370483398e+00,9.467206720672066922e+02
7.356175184249877930e+00,9.467776777677768223e+02
9.374415397644042969e+00,9.469771977197719934e+02
1.155379819869995117e+01,9.467491749174917004e+02
1.341835355758666992e+01,9.467206720672066922e+02
1.561398386955261230e+01,9.467491749174917004e+02
1.747785949707031250e+01,9.465781578157816512e+02
1.949782156944274902e+01,9.466351635163516676e+02
2.166740036010742188e+01,9.465211521152115210e+02
2.375126576423645020e+01,9.464926492649265128e+02
2.553442883491516113e+01,9.460936093609361706e+02
2.756040716171264648e+01,9.462931293129313417e+02
2.955789208412170410e+01,9.464071407140713745e+02
3.176485157012939453e+01,9.463786378637863663e+02
3.376754212379455566e+01,9.464641464146415046e+02
3.582080435752868652e+01,9.462646264626462198e+02
3.766274261474609375e+01,9.460366036603660405e+02
3.985941195487976074e+01,9.463786378637863663e+02
4.189418482780456543e+01,9.463216321632163499e+02
4.393895268440246582e+01,9.464356435643564964e+02
4.591890025138854980e+01,9.460366036603660405e+02
4.793045949935913086e+01,9.462646264626462198e+02
4.978174543380737305e+01,9.463501350135013581e+02
5.198788857460021973e+01,9.464356435643564964e+02
5.404263830184936523e+01,9.463216321632163499e+02
5.585519337654113770e+01,9.462646264626462198e+02
5.788046121597290039e+01,9.462646264626462198e+02
5.989521336555480957e+01,9.462931293129313417e+02
6.206897878646850586e+01,9.464071407140713745e+02
6.412106537818908691e+01,9.461221122112210651e+02
6.596725630760192871e+01,9.460651065106510487e+02
6.821474194526672363e+01,9.461791179117911952e+02
7.020126295089721680e+01,9.460936093609361706e+02
7.203187108039855957e+01,9.459795979597960240e+02
7.405396795272827148e+01,9.460651065106510487e+02
7.630956101417541504e+01,9.464071407140713745e+02
7.828593039512634277e+01,9.461221122112210651e+02
8.012676572799682617e+01,9.460936093609361706e+02
8.225412917137145996e+01,9.463216321632163499e+02
8.432643556594848633e+01,9.463216321632163499e+02
8.636735510826110840e+01,9.462361236123612116e+02
8.836937856674194336e+01,9.462361236123612116e+02
9.044049239158630371e+01,9.462361236123612116e+02
9.242859721183776855e+01,9.461791179117911952e+02
9.445871758460998535e+01,9.461791179117911952e+02
9.650589752197265625e+01,9.461791179117911952e+02
9.832770466804504395e+01,9.461506150615061870e+02
1.005504324436187744e+02,9.463501350135013581e+02
1.023659787178039551e+02,9.463216321632163499e+02
1.046012425422668457e+02,9.464641464146415046e+02
1.066089215278625488e+02,9.462931293129313417e+02
1.084308505058288574e+02,9.460651065106510487e+02
1.104524333477020264e+02,9.465211521152115210e+02
1.126693782806396484e+02,9.465211521152115210e+02
1.144947216510772705e+02,9.463216321632163499e+02
1.165242455005645752e+02,9.464641464146415046e+02
1.185337626934051514e+02,9.464641464146415046e+02
1.207490386962890625e+02,9.465496549654965293e+02
1.227683997154235840e+02,9.463216321632163499e+02
1.247890295982360840e+02,9.463216321632163499e+02
1.268025188446044922e+02,9.462931293129313417e+02
1.286212809085845947e+02,9.464071407140713745e+02
1.306677575111389160e+02,9.466066606660665457e+02
1.328638443946838379e+02,9.466066606660665457e+02
1.346790153980255127e+02,9.467491749174917004e+02
1.369064772129058838e+02,9.467776777677768223e+02
1.387514119148254395e+02,9.466921692169216840e+02
1.407471642494201660e+02,9.467491749174917004e+02
1.429249584674835205e+02,9.468631863186318469e+02
1.449753928184509277e+02,9.466351635163516676e+02
1.468242752552032471e+02,9.465496549654965293e+02
1.490258674621582031e+02,9.468916891689168551e+02
1.508606007099151611e+02,9.466351635163516676e+02
1.528919260501861572e+02,9.467491749174917004e+02
1.548977932929992676e+02,9.466636663666366758e+02
1.571204478740692139e+02,9.468631863186318469e+02
1.589478960037231445e+02,9.470057005700570016e+02
1.611504237651824951e+02,9.469201920192019770e+02
1.631818070411682129e+02,9.466636663666366758e+02
1.652075352668762207e+02,9.468346834683468387e+02
1.672376887798309326e+02,9.468061806180618305e+02
1.692826554775238037e+02,9.468346834683468387e+02
1.712663567066192627e+02,9.466066606660665457e+02
1.731103193759918213e+02,9.465781578157816512e+02
1.753129944801330566e+02,9.470912091209120263e+02
1.773434474468231201e+02,9.467776777677768223e+02
1.794008321762084961e+02,9.466921692169216840e+02
1.811887948513031006e+02,9.467776777677768223e+02
1.831947925090789795e+02,9.469486948694869852e+02
1.854264612197875977e+02,9.470912091209120263e+02
1.872761657238006592e+02,9.468916891689168551e+02
1.892844610214233398e+02,9.466066606660665457e+02
1.913117334842681885e+02,9.470057005700570016e+02
1.935332832336425781e+02,9.470057005700570016e+02
1.953569011688232422e+02,9.469201920192019770e+02
1.973759338855743408e+02,9.471197119711971482e+02
1.993993813991546631e+02,9.470912091209120263e+02
2.014057064056396484e+02,9.468346834683468387e+02
2.036351974010467529e+02,9.469771977197719934e+02
2.055076394081115723e+02,9.469201920192019770e+02
2.074961626529693604e+02,9.469486948694869852e+02
2.135218265056610107e+02,9.462076207620762034e+02
2.155379180908203125e+02,9.465496549654965293e+02
2.173647677898406982e+02,9.466636663666366758e+02
2.195569841861724854e+02,9.467206720672066922e+02
2.214250540733337402e+02,9.468346834683468387e+02
2.236710314750671387e+02,9.468061806180618305e+02
2.254622542858123779e+02,9.468061806180618305e+02
2.276637926101684570e+02,9.466636663666366758e+02
2.295003051757812500e+02,9.468631863186318469e+02
2.317429094314575195e+02,9.468061806180618305e+02
2.335736098289489746e+02,9.469771977197719934e+02
2.355674428939819336e+02,9.468631863186318469e+02
2.377778806686401367e+02,9.466921692169216840e+02
2.398065021038055420e+02,9.468631863186318469e+02
2.416395113468170166e+02,9.468916891689168551e+02
2.438589527606964111e+02,9.467491749174917004e+02
2.458734712600708008e+02,9.466351635163516676e+02
2.479037585258483887e+02,9.467491749174917004e+02
2.497372598648071289e+02,9.465211521152115210e+02
2.519303588867187500e+02,9.467206720672066922e+02
2.537825920581817627e+02,9.466351635163516676e+02
2.558129978179931641e+02,9.465496549654965293e+02
2.579911468029022217e+02,9.464641464146415046e+02
2.600390827655792236e+02,9.468346834683468387e+02
2.618230125904083252e+02,9.466636663666366758e+02
2.640778517723083496e+02,9.466066606660665457e+02
2.660870287418365479e+02,9.469771977197719934e+02
2.679404618740081787e+02,9.467491749174917004e+02
2.701478281021118164e+02,9.465781578157816512e+02
2.719789540767669678e+02,9.466636663666366758e+02
2.741865537166595459e+02,9.464356435643564964e+02
2.760318706035614014e+02,9.466351635163516676e+02
2.780410184860229492e+02,9.464071407140713745e+02
2.802449193000793457e+02,9.465211521152115210e+02
2.820593578815460205e+02,9.466066606660665457e+02
2.843041906356811523e+02,9.462646264626462198e+02
2.861233103275299072e+02,9.464641464146415046e+02
2.883478548526763916e+02,9.465211521152115210e+02
2.903688507080078125e+02,9.463501350135013581e+02
2.923938112258911133e+02,9.466636663666366758e+02
2.944104306697845459e+02,9.462361236123612116e+02
2.962470302581787109e+02,9.463216321632163499e+02
2.982647192478179932e+02,9.466636663666366758e+02
3.004659922122955322e+02,9.462361236123612116e+02
3.029501426219940186e+02,9.461221122112210651e+02
3.049944992065429688e+02,9.463501350135013581e+02
3.070103497505187988e+02,9.462361236123612116e+02
3.090453176498413086e+02,9.465211521152115210e+02
3.110716745853424072e+02,9.465496549654965293e+02
3.129112422466278076e+02,9.463501350135013581e+02
3.151115477085113525e+02,9.461791179117911952e+02
3.169521515369415283e+02,9.462931293129313417e+02
3.191264679431915283e+02,9.463501350135013581e+02
3.211555924415588379e+02,9.462931293129313417e+02
3.231566944122314453e+02,9.463216321632163499e+02
3.252481291294097900e+02,9.464926492649265128e+02
3.270423352718353271e+02,9.461221122112210651e+02
3.292688350677490234e+02,9.459510951095110158e+02
3.312848184108734131e+02,9.461221122112210651e+02
3.331196691989898682e+02,9.464356435643564964e+02
3.353394014835357666e+02,9.460651065106510487e+02
3.373439135551452637e+02,9.463786378637863663e+02
3.391771390438079834e+02,9.460936093609361706e+02
3.414222798347473145e+02,9.461506150615061870e+02
3.434649033546447754e+02,9.464071407140713745e+02
3.454365320205688477e+02,9.463501350135013581e+02
3.474562997817993164e+02,9.462646264626462198e+02
3.495042417049407959e+02,9.462646264626462198e+02
3.515050244331359863e+02,9.462646264626462198e+02
3.535388014316558838e+02,9.463786378637863663e+02
3.555610475540161133e+02,9.462646264626462198e+02
3.574049005508422852e+02,9.463786378637863663e+02
3.596065733432769775e+02,9.462646264626462198e+02
3.614534056186676025e+02,9.464071407140713745e+02
3.636593010425567627e+02,9.461506150615061870e+02
3.654938454627990723e+02,9.459510951095110158e+02
3.677335445880889893e+02,9.457515751575157310e+02
3.697350122928619385e+02,9.459795979597960240e+02
3.717482554912567139e+02,9.458655865586558775e+02
3.735937964916229248e+02,9.460366036603660405e+02
3.757635583877563477e+02,9.457515751575157310e+02
3.778190522193908691e+02,9.455805580558055681e+02
3.796546790599822998e+02,9.460366036603660405e+02
3.818282701969146729e+02,9.459795979597960240e+02
3.836868588924407959e+02,9.459510951095110158e+02
3.859147930145263672e+02,9.458370837083708693e+02
3.879203948974609375e+02,9.458655865586558775e+02
3.897670214176177979e+02,9.461221122112210651e+02
3.917878406047821045e+02,9.457515751575157310e+02
3.938291707038879395e+02,9.457800780078007392e+02
3.959903941154479980e+02,9.458370837083708693e+02
3.978647792339324951e+02,9.458655865586558775e+02
4.000976145267486572e+02,9.456375637563755845e+02
4.020864942073822021e+02,9.460081008100810323e+02
4.039282789230346680e+02,9.461221122112210651e+02
4.059521517753601074e+02,9.456660666066607064e+02
4.081647748947143555e+02,9.458940894089408857e+02
4.101772537231445312e+02,9.458085808580858611e+02
4.120206334590911865e+02,9.458940894089408857e+02
4.142264173030853271e+02,9.457230723072307228e+02
4.204112539291381836e+02,9.458940894089408857e+02
4.222009794712066650e+02,9.457230723072307228e+02
4.244097945690155029e+02,9.455805580558055681e+02
4.262504522800445557e+02,9.458655865586558775e+02
4.284869470596313477e+02,9.459510951095110158e+02
4.304813599586486816e+02,9.459225922592258939e+02
4.323272533416748047e+02,9.456945694569457146e+02
4.345619792938232422e+02,9.456660666066607064e+02
4.365418958663940430e+02,9.455520552055205599e+02
4.383826153278350830e+02,9.457800780078007392e+02
4.404291045665740967e+02,9.456375637563755845e+02
4.425571162700653076e+02,9.455235523552355517e+02
4.444391305446624756e+02,9.456660666066607064e+02
4.466570816040039062e+02,9.454950495049505435e+02
4.486670463085174561e+02,9.454950495049505435e+02
4.507043607234954834e+02,9.455520552055205599e+02
4.527151899337768555e+02,9.458940894089408857e+02
4.547553935050964355e+02,9.456945694569457146e+02
4.565828073024749756e+02,9.457800780078007392e+02
4.587753272056579590e+02,9.456660666066607064e+02
4.606240122318267822e+02,9.456945694569457146e+02
4.626547417640686035e+02,9.456945694569457146e+02
4.648704230785369873e+02,9.456375637563755845e+02
4.668791003227233887e+02,9.457800780078007392e+02
4.689206831455230713e+02,9.457515751575157310e+02
4.707406141757965088e+02,9.458655865586558775e+02
4.729704284667968750e+02,9.457515751575157310e+02
4.747826516628265381e+02,9.455235523552355517e+02
4.768019413948059082e+02,9.457800780078007392e+02
4.790349955558776855e+02,9.458655865586558775e+02
4.810065913200378418e+02,9.457230723072307228e+02
4.830550374984741211e+02,9.456090609060905763e+02
4.850974090099334717e+02,9.456945694569457146e+02
4.871089401245117188e+02,9.456945694569457146e+02
4.891470108032226562e+02,9.455235523552355517e+02
4.911478624343872070e+02,9.456660666066607064e+02
4.931589488983154297e+02,9.457230723072307228e+02
4.950181779861450195e+02,9.458370837083708693e+02
4.972113237380981445e+02,9.456375637563755845e+02
4.992478926181793213e+02,9.456375637563755845e+02
5.012617354393005371e+02,9.455235523552355517e+02
5.032369620800018311e+02,9.456375637563755845e+02
5.050986983776092529e+02,9.455520552055205599e+02
5.073163914680480957e+02,9.457800780078007392e+02
5.093289508819580078e+02,9.458085808580858611e+02
5.111820931434631348e+02,9.457515751575157310e+02
5.133770067691802979e+02,9.456660666066607064e+02
5.152219121456146240e+02,9.456375637563755845e+02
5.172389321327209473e+02,9.456375637563755845e+02
5.194442024230957031e+02,9.456090609060905763e+02
5.215078761577606201e+02,9.455235523552355517e+02
5.235203561782836914e+02,9.456375637563755845e+02
5.255228321552276611e+02,9.456375637563755845e+02
5.275693340301513672e+02,9.454665466546655352e+02
5.295764338970184326e+02,9.457515751575157310e+02
5.313834388256072998e+02,9.456945694569457146e+02
5.334133930206298828e+02,9.458370837083708693e+02
5.354520516395568848e+02,9.456660666066607064e+02
5.376433179378509521e+02,9.456375637563755845e+02
5.397133977413177490e+02,9.456090609060905763e+02
5.417112784385681152e+02,9.456090609060905763e+02
5.435368049144744873e+02,9.455805580558055681e+02
5.457435200214385986e+02,9.456660666066607064e+02
5.475602869987487793e+02,9.456945694569457146e+02
5.498274362087249756e+02,9.457230723072307228e+02
5.518136360645294189e+02,9.455235523552355517e+02
5.538518040180206299e+02,9.455235523552355517e+02
5.558530426025390625e+02,9.454665466546655352e+02
5.579104218482971191e+02,9.457515751575157310e+02
5.599044008255004883e+02,9.455520552055205599e+02
5.618417212963104248e+02,9.456090609060905763e+02
5.639672403335571289e+02,9.456945694569457146e+02
5.659304420948028564e+02,9.455805580558055681e+02
5.679856083393096924e+02,9.455235523552355517e+02
5.698078694343566895e+02,9.457230723072307228e+02
5.720547547340393066e+02,9.459225922592258939e+02
5.740320684909820557e+02,9.456090609060905763e+02
5.760571208000183105e+02,9.457230723072307228e+02
5.778960475921630859e+02,9.458370837083708693e+02
5.801272346973419189e+02,9.457230723072307228e+02
5.819426670074462891e+02,9.457230723072307228e+02
5.841820831298828125e+02,9.460081008100810323e+02
5.861677703857421875e+02,9.459510951095110158e+02
5.881821498870849609e+02,9.457800780078007392e+02
5.900291335582733154e+02,9.457230723072307228e+02
5.922423827648162842e+02,9.458085808580858611e+02
5.943020157814025879e+02,9.457230723072307228e+02
5.961025233268737793e+02,9.458940894089408857e+02
5.983190195560455322e+02,9.458655865586558775e+02
6.003577654361724854e+02,9.456660666066607064e+02
6.025778541564941406e+02,9.458085808580858611e+02
6.047889132499694824e+02,9.458370837083708693e+02
6.067983629703521729e+02,9.460936093609361706e+02
6.086548089981079102e+02,9.458940894089408857e+02
6.108316762447357178e+02,9.460081008100810323e+02
6.126725816726684570e+02,9.457800780078007392e+02
6.147087690830230713e+02,9.461506150615061870e+02
6.167429945468902588e+02,9.462361236123612116e+02
6.189451241493225098e+02,9.463216321632163499e+02
6.209543747901916504e+02,9.462076207620762034e+02
6.267803549766540527e+02,9.471767176717671646e+02
6.290278878211975098e+02,9.467491749174917004e+02
6.308270888328552246e+02,9.465211521152115210e+02
6.330737087726593018e+02,9.464356435643564964e+02
6.350389056205749512e+02,9.462361236123612116e+02
6.370778706073760986e+02,9.462076207620762034e+02
6.389152879714965820e+02,9.461791179117911952e+02
6.411620297431945801e+02,9.464356435643564964e+02
6.431577606201171875e+02,9.460936093609361706e+02
6.452019798755645752e+02,9.460651065106510487e+02
6.471747288703918457e+02,9.458370837083708693e+02
6.492685327529907227e+02,9.460651065106510487e+02
6.512671976089477539e+02,9.458940894089408857e+02
6.532653295993804932e+02,9.459510951095110158e+02
6.552863214015960693e+02,9.456945694569457146e+02
6.573132300376892090e+02,9.459510951095110158e+02
6.593278479576110840e+02,9.457515751575157310e+02
6.613469913005828857e+02,9.458940894089408857e+02
6.631932260990142822e+02,9.458655865586558775e+02
6.654178657531738281e+02,9.461506150615061870e+02
6.674562966823577881e+02,9.460366036603660405e+02
6.692661855220794678e+02,9.460081008100810323e+02
6.715059127807617188e+02,9.460651065106510487e+02
6.733174624443054199e+02,9.461221122112210651e+02
6.753338117599487305e+02,9.462076207620762034e+02
6.773590364456176758e+02,9.460936093609361706e+02
6.795720093250274658e+02,9.464071407140713745e+02
6.814001109600067139e+02,9.459795979597960240e+02
6.834234330654144287e+02,9.463786378637863663e+02
6.856012983322143555e+02,9.462361236123612116e+02
6.876249065399169922e+02,9.462931293129313417e+02
6.894925973415374756e+02,9.464641464146415046e+02
6.917013101577758789e+02,9.461221122112210651e+02
6.937171752452850342e+02,9.462076207620762034e+02
6.957839732170104980e+02,9.460366036603660405e+02
6.975719747543334961e+02,9.461221122112210651e+02
6.996041195392608643e+02,9.462076207620762034e+02
7.016233518123626709e+02,9.464356435643564964e+02
7.036578226089477539e+02,9.464926492649265128e+02
7.056679100990295410e+02,9.463501350135013581e+02
7.078854763507843018e+02,9.466636663666366758e+02
7.099075012207031250e+02,9.463501350135013581e+02
7.119221863746643066e+02,9.461221122112210651e+02
7.139704141616821289e+02,9.461221122112210651e+02
7.159733195304870605e+02,9.459795979597960240e+02
7.180068776607513428e+02,9.461221122112210651e+02
7.200150439739227295e+02,9.464071407140713745e+02
7.220575027465820312e+02,9.463501350135013581e+02
7.240723052024841309e+02,9.462931293129313417e+02
7.260768752098083496e+02,9.462361236123612116e+02
7.279314513206481934e+02,9.464071407140713745e+02
7.301249470710754395e+02,9.465496549654965293e+02
7.319374198913574219e+02,9.462361236123612116e+02
7.342031404972076416e+02,9.464356435643564964e+02
7.359919335842132568e+02,9.464356435643564964e+02
7.382112796306610107e+02,9.464356435643564964e+02
7.402370753288269043e+02,9.464356435643564964e+02
7.420211558341979980e+02,9.462361236123612116e+02
7.442647981643676758e+02,9.462076207620762034e+02
7.462916522026062012e+02,9.461791179117911952e+02
7.483062205314636230e+02,9.463501350135013581e+02
7.503263735771179199e+02,9.462646264626462198e+02
7.523518819808959961e+02,9.461506150615061870e+02
7.544249148368835449e+02,9.463216321632163499e+02
7.562137939929962158e+02,9.460081008100810323e+02
7.584472522735595703e+02,9.461506150615061870e+02
7.602503941059112549e+02,9.462076207620762034e+02
7.624626214504241943e+02,9.464356435643564964e+02
7.642766911983489990e+02,9.463786378637863663e+02
7.665237798690795898e+02,9.465781578157816512e+02
7.683342959880828857e+02,9.466066606660665457e+02
7.705659701824188232e+02,9.463786378637863663e+02
7.723874242305755615e+02,9.463786378637863663e+02
7.744073078632354736e+02,9.465496549654965293e+02
7.766338646411895752e+02,9.466636663666366758e+02
7.784504101276397705e+02,9.464641464146415046e+02
7.806547667980194092e+02,9.465496549654965293e+02
7.824949364662170410e+02,9.463501350135013581e+02
7.847017765045166016e+02,9.467206720672066922e+02
7.867338931560516357e+02,9.466351635163516676e+02
7.887474985122680664e+02,9.464641464146415046e+02
7.905812602043151855e+02,9.465211521152115210e+02
7.928014976978302002e+02,9.465211521152115210e+02
7.948079528808593750e+02,9.465211521152115210e+02
7.968393220901489258e+02,9.464641464146415046e+02
7.986425995826721191e+02,9.464356435643564964e+02
8.009245324134826660e+02,9.466351635163516676e+02
8.028589797019958496e+02,9.464356435643564964e+02
8.049172856807708740e+02,9.465781578157816512e+02
8.067617285251617432e+02,9.461791179117911952e+02
8.089631218910217285e+02,9.466921692169216840e+02
8.107931861877441406e+02,9.465496549654965293e+02
8.128237142562866211e+02,9.465781578157816512e+02
8.150382294654846191e+02,9.464926492649265128e+02
8.170418729782104492e+02,9.464926492649265128e+02
8.190764725208282471e+02,9.466066606660665457e+02
8.211042487621307373e+02,9.462646264626462198e+02
8.231504712104797363e+02,9.461791179117911952e+02
8.249625918865203857e+02,9.465211521152115210e+02
8.269607481956481934e+02,9.464641464146415046e+02
8.329006929397583008e+02,9.475187518751874904e+02
8.351048519611358643e+02,9.472052205220521728e+02
8.371377139091491699e+02,9.466921692169216840e+02
8.389633493423461914e+02,9.468061806180618305e+02
8.409449656009674072e+02,9.467206720672066922e+02
8.431978659629821777e+02,9.470342034203420098e+02
8.450048668384552002e+02,9.468061806180618305e+02
8.472493457794189453e+02,9.467206720672066922e+02
8.490913522243499756e+02,9.468631863186318469e+02
8.510933225154876709e+02,9.467206720672066922e+02
8.533019752502441406e+02,9.466066606660665457e+02
8.553632147312164307e+02,9.465496549654965293e+02
8.573693954944610596e+02,9.466066606660665457e+02
8.593461575508117676e+02,9.464926492649265128e+02
8.611903455257415771e+02,9.462646264626462198e+02
8.631665799617767334e+02,9.465781578157816512e+02
8.654349784851074219e+02,9.469486948694869852e+02
8.674365816116333008e+02,9.466351635163516676e+02
8.692404658794403076e+02,9.466066606660665457e+02
8.714848301410675049e+02,9.467491749174917004e+02
8.735049140453338623e+02,9.465211521152115210e+02
8.755372798442840576e+02,9.465781578157816512e+02
8.775448498725891113e+02,9.464071407140713745e+02
8.793618609905242920e+02,9.465781578157816512e+02
8.814232115745544434e+02,9.468061806180618305e+02
8.836063504219055176e+02,9.466636663666366758e+02
8.856774461269378662e+02,9.468346834683468387e+02
8.874760463237762451e+02,9.465781578157816512e+02
8.896618337631225586e+02,9.466921692169216840e+02
8.915148351192474365e+02,9.466066606660665457e+02
8.937653489112854004e+02,9.468631863186318469e+02
8.955675854682922363e+02,9.465496549654965293e+02
8.975821764469146729e+02,9.468631863186318469e+02
8.995697650909423828e+02,9.470057005700570016e+02
9.019541106224060059e+02,9.469201920192019770e+02
9.041806759834289551e+02,9.468916891689168551e+02
9.059749977588653564e+02,9.468346834683468387e+02
9.082103981971740723e+02,9.468916891689168551e+02
9.100430324077606201e+02,9.466921692169216840e+02
9.120678949356079102e+02,9.466921692169216840e+02
9.141048421859741211e+02,9.468346834683468387e+02
9.161329286098480225e+02,9.467491749174917004e+02
9.181391332149505615e+02,9.469201920192019770e+02
9.203266212940216064e+02,9.469771977197719934e+02
9.222952835559844971e+02,9.467776777677768223e+02
9.241908118724822998e+02,9.467776777677768223e+02
9.262215509414672852e+02,9.469771977197719934e+02
9.282348396778106689e+02,9.466636663666366758e+02
9.302528791427612305e+02,9.470057005700570016e+02
9.322857205867767334e+02,9.470342034203420098e+02
9.343204727172851562e+02,9.468916891689168551e+02
9.363414709568023682e+02,9.471197119711971482e+02
9.383577094078063965e+02,9.470627062706271317e+02
9.403821129798889160e+02,9.472052205220521728e+02
9.425876553058624268e+02,9.468061806180618305e+02
9.446243598461151123e+02,9.468916891689168551e+02
9.464412395954132080e+02,9.468631863186318469e+02
9.484376316070556641e+02,9.469201920192019770e+02
9.504904644489288330e+02,9.468346834683468387e+02
9.526935241222381592e+02,9.466636663666366758e+02
9.547055528163909912e+02,9.466636663666366758e+02
9.565692980289459229e+02,9.467491749174917004e+02
9.585723180770874023e+02,9.467491749174917004e+02
9.606049742698669434e+02,9.466351635163516676e+02
9.626172347068786621e+02,9.470342034203420098e+02
9.648384985923767090e+02,9.469201920192019770e+02
9.666694097518920898e+02,9.470057005700570016e+02
9.688581700325012207e+02,9.471482148214821564e+02
9.709019758701324463e+02,9.470057005700570016e+02
9.727209119796752930e+02,9.468916891689168551e+02
9.749563515186309814e+02,9.468916891689168551e+02
9.767602257728576660e+02,9.466636663666366758e+02
9.789874050617218018e+02,9.469486948694869852e+02
9.809858238697052002e+02,9.468916891689168551e+02
9.829362072944641113e+02,9.468916891689168551e+02
9.850632557868957520e+02,9.465496549654965293e+02
9.870191681385040283e+02,9.467491749174917004e+02
9.888752226829528809e+02,9.468631863186318469e+02
9.909189598560333252e+02,9.470342034203420098e+02
9.931455037593841553e+02,9.469201920192019770e+02
9.951224510669708252e+02,9.470057005700570016e+02
9.969685690402984619e+02,9.467776777677768223e+02
9.989876432418823242e+02,9.465496549654965293e+02
1.001174207210540771e+03,9.468061806180618305e+02
1.003218957424163818e+03,9.468631863186318469e+02
1.005260378122329712e+03,9.469201920192019770e+02
1.007074712276458740e+03,9.468061806180618305e+02
1.009086207866668701e+03,9.466636663666366758e+02
1.011340362071990967e+03,9.471482148214821564e+02
1.013367261886596680e+03,9.466921692169216840e+02
1.015350370645523071e+03,9.466066606660665457e+02
1.017375236511230469e+03,9.468631863186318469e+02
1.019426229953765869e+03,9.467206720672066922e+02
1.021433356285095215e+03,9.465496549654965293e+02
1.023437658548355103e+03,9.467491749174917004e+02
1.025418921232223511e+03,9.466066606660665457e+02
1.027503961086273193e+03,9.464356435643564964e+02
1.029487895011901855e+03,9.464356435643564964e+02
1.031537580728530884e+03,9.467491749174917004e+02
1.033531636953353882e+03,9.465496549654965293e+02
1.039346603631973267e+03,9.472907290729073111e+02
1.041513167619705200e+03,9.471197119711971482e+02
1.043564124822616577e+03,9.470627062706271317e+02
1.045595120668411255e+03,9.468916891689168551e+02
1.047613926887512207e+03,9.469201920192019770e+02
1.049627760171890259e+03,9.468061806180618305e+02
1.051454993009567261e+03,9.466066606660665457e+02
1.053485708475112915e+03,9.469486948694869852e+02
1.055519680976867676e+03,9.467776777677768223e+02
1.057535637378692627e+03,9.468916891689168551e+02
1.059557741165161133e+03,9.468346834683468387e+02
1.061594607353210449e+03,9.469201920192019770e+02
1.063600674390792847e+03,9.470627062706271317e+02
1.065636909246444702e+03,9.469486948694869852e+02
1.067646118402481079e+03,9.467776777677768223e+02
1.069667871475219727e+03,9.471197119711971482e+02
1.071694595813751221e+03,9.472052205220521728e+02
1.073726882696151733e+03,9.470627062706271317e+02
1.075967656373977661e+03,9.469201920192019770e+02
1.077947715759277344e+03,9.469201920192019770e+02
1.080001165151596069e+03,9.468916891689168551e+02
1.081995805025100708e+03,9.466921692169216840e+02
1.084016918897628784e+03,9.469201920192019770e+02
1.085856359720230103e+03,9.467776777677768223e+02
1.088071825981140137e+03,9.470342034203420098e+02
1.090093118906021118e+03,9.470342034203420098e+02
1.092113706350326538e+03,9.466351635163516676e+02
1.094115112543106079e+03,9.466636663666366758e+02
1.095979170083999634e+03,9.469771977197719934e+02
1.097985840559005737e+03,9.468346834683468387e+02
1.100187761306762695e+03,9.470342034203420098e+02
1.102132551431655884e+03,9.468061806180618305e+02
1.104259330749511719e+03,9.468631863186318469e+02
1.106240453243255615e+03,9.467776777677768223e+02
1.108089599132537842e+03,9.469201920192019770e+02
1.110104956865310669e+03,9.467776777677768223e+02
1.112326269626617432e+03,9.468061806180618305e+02
1.114321156024932861e+03,9.466921692169216840e+02
1.116180914640426636e+03,9.465211521152115210e+02
1.118396758556365967e+03,9.469771977197719934e+02
1.120216446876525879e+03,9.468631863186318469e+02
1.122240472793579102e+03,9.471197119711971482e+02
1.124452607631683350e+03,9.470342034203420098e+02
1.126530406236648560e+03,9.469771977197719934e+02
1.128308905124664307e+03,9.468061806180618305e+02
1.130518177032470703e+03,9.469771977197719934e+02
1.132547609329223633e+03,9.470627062706271317e+02
1.134558950901031494e+03,9.467776777677768223e+02
1.136598943948745728e+03,9.468346834683468387e+02
1.138615983724594116e+03,9.469486948694869852e+02
1.140659122228622437e+03,9.466066606660665457e+02
1.142683309078216553e+03,9.466066606660665457e+02
1.144673190832138062e+03,9.464641464146415046e+02
1.146514068126678467e+03,9.466351635163516676e+02
1.148718958854675293e+03,9.467491749174917004e+02
1.150546656608581543e+03,9.470912091209120263e+02
1.152792778015136719e+03,9.471197119711971482e+02
1.154597904682159424e+03,9.470627062706271317e+02
1.156615275144577026e+03,9.471482148214821564e+02
1.158830750703811646e+03,9.471197119711971482e+02
1.160661813974380493e+03,9.467491749174917004e+02
1.162826974153518677e+03,9.468061806180618305e+02
1.164715348958969116e+03,9.467491749174917004e+02
1.166726361989974976e+03,9.470342034203420098e+02
1.168932573795318604e+03,9.467491749174917004e+02
1.170760245084762573e+03,9.470627062706271317e+02
1.172807750940322876e+03,9.470912091209120263e+02
1.174814628124237061e+03,9.470057005700570016e+02
1.176987512111663818e+03,9.469486948694869852e+02
1.179030690431594849e+03,9.468916891689168551e+02
1.180839264392852783e+03,9.468916891689168551e+02
1.183081113100051880e+03,9.469771977197719934e+02
1.184914292335510254e+03,9.469486948694869852e+02
1.187115242958068848e+03,9.470342034203420098e+02
1.188951334953308105e+03,9.469201920192019770e+02
1.191211798429489136e+03,9.469771977197719934e+02
1.192993158102035522e+03,9.468631863186318469e+02
1.195027717113494873e+03,9.468916891689168551e+02
1.197233736753463745e+03,9.469201920192019770e+02
1.199072769880294800e+03,9.470342034203420098e+02
1.201309326171875000e+03,9.468916891689168551e+02
1.203863734245300293e+03,9.469201920192019770e+02
1.205843230485916138e+03,9.469486948694869852e+02
1.207907358884811401e+03,9.468916891689168551e+02
1.209889111757278442e+03,9.467491749174917004e+02
1.211919255495071411e+03,9.467491749174917004e+02
1.213938780069351196e+03,9.464641464146415046e+02
1.215957863330841064e+03,9.464641464146415046e+02
1.217972420454025269e+03,9.466636663666366758e+02
1.219820394277572632e+03,9.467491749174917004e+02
1.221953627586364746e+03,9.467206720672066922e+02
1.223862610340118408e+03,9.466636663666366758e+02
1.225848685264587402e+03,9.468916891689168551e+02
1.228105935811996460e+03,9.469201920192019770e+02
1.230111173868179321e+03,9.465496549654965293e+02
1.231955361127853394e+03,9.467206720672066922e+02
1.234152545928955078e+03,9.468346834683468387e+02
1.236169517278671265e+03,9.467491749174917004e+02
1.238209077119827271e+03,9.466636663666366758e+02
1.240009239673614502e+03,9.468916891689168551e+02
1.245941685676574707e+03,9.465781578157816512e+02
1.248192084312438965e+03,9.469771977197719934e+02
1.250175971508026123e+03,9.468061806180618305e+02
1.252027427434921265e+03,9.469201920192019770e+02
1.254237889051437378e+03,9.470627062706271317e+02
1.256237859010696411e+03,9.468916891689168551e+02
1.258047929286956787e+03,9.468346834683468387e+02
1.260103091716766357e+03,9.466351635163516676e+02
1.262337194204330444e+03,9.468631863186318469e+02
1.264336394548416138e+03,9.468061806180618305e+02
1.266177464008331299e+03,9.468346834683468387e+02
1.268173616170883179e+03,9.467776777677768223e+02
1.270221590995788574e+03,9.469771977197719934e+02
1.272257789134979248e+03,9.469771977197719934e+02
1.274481801748275757e+03,9.468916891689168551e+02
1.276441573858261108e+03,9.467491749174917004e+02
1.278531243801116943e+03,9.467776777677768223e+02
1.280547328472137451e+03,9.466921692169216840e+02
1.282489918947219849e+03,9.466066606660665457e+02
1.284587853670120239e+03,9.468061806180618305e+02
1.286568947553634644e+03,9.465496549654965293e+02
1.288636576890945435e+03,9.466351635163516676e+02
1.290616509199142456e+03,9.470057005700570016e+02
1.292652103900909424e+03,9.468916891689168551e+02
1.294480461359024048e+03,9.467206720672066922e+02
1.296500309467315674e+03,9.467491749174917004e+02
1.298747320890426636e+03,9.469201920192019770e+02
1.300546844959259033e+03,9.466921692169216840e+02
1.302813245058059692e+03,9.469201920192019770e+02
1.304593323945999146e+03,9.467776777677768223e+02
1.306625865459442139e+03,9.466921692169216840e+02
1.308827632427215576e+03,9.469771977197719934e+02
1.310896012306213379e+03,9.468346834683468387e+02
1.312909132480621338e+03,9.467776777677768223e+02
1.314704908847808838e+03,9.467491749174917004e+02
1.316707844018936157e+03,9.467776777677768223e+02
1.318754572629928589e+03,9.469201920192019770e+02
1.320979643106460571e+03,9.466921692169216840e+02
1.322794788837432861e+03,9.469486948694869852e+02
1.325004252433776855e+03,9.467776777677768223e+02
1.327020904541015625e+03,9.467491749174917004e+02
1.328865220785140991e+03,9.466921692169216840e+02
1.331064221143722534e+03,9.468916891689168551e+02
1.333092472076416016e+03,9.464641464146415046e+02
1.335107803583145142e+03,9.469201920192019770e+02
1.337142268419265747e+03,9.465496549654965293e+02
1.339156377792358398e+03,9.465211521152115210e+02
1.341208948373794556e+03,9.467491749174917004e+02
1.343171888351440430e+03,9.466066606660665457e+02
1.345254638195037842e+03,9.466921692169216840e+02
1.347045903444290161e+03,9.466066606660665457e+02
1.349266486644744873e+03,9.467491749174917004e+02
1.351084559917449951e+03,9.467206720672066922e+02
1.353303807258605957e+03,9.466351635163516676e+02
1.355357639312744141e+03,9.467491749174917004e+02
1.357152597904205322e+03,9.467776777677768223e+02
1.359376300573348999e+03,9.466921692169216840e+02
1.361426522254943848e+03,9.464926492649265128e+02
1.363427877664566040e+03,9.466066606660665457e+02
1.365478955268859863e+03,9.467776777677768223e+02
1.367520113945007324e+03,9.466066606660665457e+02
1.369297791004180908e+03,9.465211521152115210e+02
1.371310445785522461e+03,9.466066606660665457e+02
1.373366758108139038e+03,9.466636663666366758e+02
1.375573539495468140e+03,9.462931293129313417e+02
1.377621604442596436e+03,9.467491749174917004e+02
1.379600105524063110e+03,9.467491749174917004e+02
1.381633146286010742e+03,9.466921692169216840e+02
1.383644954919815063e+03,9.468346834683468387e+02
1.385703599452972412e+03,9.465496549654965293e+02
1.387513245105743408e+03,9.466636663666366758e+02
1.389706975460052490e+03,9.465211521152115210e+02
1.391760487556457520e+03,9.464071407140713745e+02
1.393536772489547729e+03,9.467491749174917004e+02
1.395780425786972046e+03,9.465781578157816512e+02
1.397786605358123779e+03,9.465496549654965293e+02
1.399832386970520020e+03,9.465781578157816512e+02
1.401799128532409668e+03,9.467206720672066922e+02
1.403886956214904785e+03,9.467491749174917004e+02
1.405878587007522583e+03,9.463501350135013581e+02
1.407686945915222168e+03,9.466921692169216840e+02
1.409925447702407837e+03,9.463786378637863663e+02
1.411937803030014038e+03,9.467206720672066922e+02
1.413737820148468018e+03,9.466636663666366758e+02
1.415996313571929932e+03,9.464071407140713745e+02
1.417800847053527832e+03,9.464926492649265128e+02
1.420037798881530762e+03,9.466351635163516676e+02
1.422077615261077881e+03,9.463786378637863663e+02
1.423880726814270020e+03,9.466066606660665457e+02
1.426091285943984985e+03,9.465781578157816512e+02
1.428139298915863037e+03,9.466351635163516676e+02
1.430141477108001709e+03,9.465496549654965293e+02
1.432156565427780151e+03,9.466066606660665457e+02
1.434177914381027222e+03,9.465211521152115210e+02
1.436011682033538818e+03,9.464071407140713745e+02
1.438039380311965942e+03,9.463786378637863663e+02
1.440053824424743652e+03,9.464071407140713745e+02
1.442076469182968140e+03,9.464926492649265128e+02
1.444297678232192993e+03,9.465211521152115210e+02
1.446120461702346802e+03,9.466066606660665457e+02
1.452110395669937134e+03,9.460651065106510487e+02
1.454143241643905640e+03,9.462931293129313417e+02
1.455983643770217896e+03,9.465211521152115210e+02
1.458226157665252686e+03,9.464356435643564964e+02
1.460027891874313354e+03,9.460651065106510487e+02
1.461997463941574097e+03,9.463501350135013581e+02
1.464235948801040649e+03,9.464356435643564964e+02
1.466074210643768311e+03,9.464926492649265128e+02
1.468316159725189209e+03,9.464356435643564964e+02
1.470313446044921875e+03,9.465211521152115210e+02
1.472327807903289795e+03,9.465211521152115210e+02
1.474170498132705688e+03,9.462361236123612116e+02
1.476407877683639526e+03,9.465211521152115210e+02
1.478212019205093384e+03,9.464641464146415046e+02
1.480246263027191162e+03,9.465211521152115210e+02
1.482255948066711426e+03,9.464641464146415046e+02
1.484280470609664917e+03,9.466636663666366758e+02
1.486487429618835449e+03,9.463501350135013581e+02
1.488323678970336914e+03,9.465781578157816512e+02
1.490540368556976318e+03,9.462646264626462198e+02
1.492545231103897095e+03,9.463501350135013581e+02
1.494395879030227661e+03,9.458085808580858611e+02
1.496589010477066040e+03,9.464926492649265128e+02
1.498618975639343262e+03,9.464641464146415046e+02
1.500444872856140137e+03,9.464071407140713745e+02
1.503146570205688477e+03,9.461791179117911952e+02
1.505143376827239990e+03,9.466066606660665457e+02
1.507150281190872192e+03,9.463501350135013581e+02
1.509207841873168945e+03,9.463216321632163499e+02
1.511210471153259277e+03,9.464071407140713745e+02
1.513244724988937378e+03,9.465211521152115210e+02
1.515065683364868164e+03,9.464071407140713745e+02
1.517274774551391602e+03,9.463786378637863663e+02
1.519303490161895752e+03,9.463501350135013581e+02
1.521333566904067993e+03,9.463501350135013581e+02
1.523330711841583252e+03,9.463501350135013581e+02
1.525367141008377075e+03,9.464641464146415046e+02
1.527190673828125000e+03,9.463216321632163499e+02
1.529206891059875488e+03,9.464356435643564964e+02
1.531384792566299438e+03,9.464926492649265128e+02
1.533254991292953491e+03,9.462361236123612116e+02
1.535446093082427979e+03,9.463786378637863663e+02
1.537317066431045532e+03,9.462076207620762034e+02
1.539323923110961914e+03,9.462646264626462198e+02
1.541561774730682373e+03,9.462931293129313417e+02
1.543359406948089600e+03,9.460936093609361706e+02
1.545396147489547729e+03,9.462361236123612116e+02
1.547594578981399536e+03,9.462076207620762034e+02
1.549426007270812988e+03,9.461506150615061870e+02
1.551678955554962158e+03,9.461506150615061870e+02
1.553471467256546021e+03,9.461221122112210651e+02
1.555461977243423462e+03,9.463786378637863663e+02
1.557517820119857788e+03,9.460936093609361706e+02
1.559779307126998901e+03,9.459510951095110158e+02
1.561547464370727539e+03,9.462361236123612116e+02
1.563601227283477783e+03,9.460651065106510487e+02
1.565627494573593140e+03,9.458940894089408857e+02
1.567832168579101562e+03,9.463786378637863663e+02
1.569649106025695801e+03,9.460366036603660405e+02
1.571899461984634399e+03,9.461221122112210651e+02
1.573717538833618164e+03,9.462076207620762034e+02
1.575733478546142578e+03,9.459510951095110158e+02
1.577730395078659058e+03,9.462361236123612116e+02
1.579775131940841675e+03,9.460081008100810323e+02
1.581779466152191162e+03,9.461506150615061870e+02
1.583830878973007202e+03,9.458370837083708693e+02
1.586064373970031738e+03,9.461506150615061870e+02
1.587876269102096558e+03,9.462646264626462198e+02
1.589884368658065796e+03,9.461221122112210651e+02
1.592126897335052490e+03,9.461221122112210651e+02
1.594174762010574341e+03,9.461506150615061870e+02
1.596146120786666870e+03,9.462646264626462198e+02
1.598175247907638550e+03,9.461221122112210651e+02
1.600227541923522949e+03,9.462646264626462198e+02
1.602226370334625244e+03,9.462076207620762034e+02
1.604253326892852783e+03,9.462076207620762034e+02
1.606269842386245728e+03,9.462931293129313417e+02
1.608267245531082153e+03,9.461791179117911952e+02
1.610339571714401245e+03,9.461791179117911952e+02
1.612331116437911987e+03,9.461791179117911952e+02
1.614376050233840942e+03,9.461506150615061870e+02
1.616433183193206787e+03,9.464071407140713745e+02
1.618399164438247681e+03,9.462931293129313417e+02
1.620217422723770142e+03,9.460936093609361706e+02
1.622255816459655762e+03,9.459225922592258939e+02
1.624462014198303223e+03,9.458370837083708693e+02
1.626492870569229126e+03,9.460366036603660405e+02
1.628508307456970215e+03,9.460936093609361706e+02
1.630546908140182495e+03,9.460651065106510487e+02
1.632558892726898193e+03,9.461506150615061870e+02
1.634597712516784668e+03,9.463786378637863663e+02
1.636417784452438354e+03,9.462076207620762034e+02
1.638434766769409180e+03,9.464071407140713745e+02
1.640477828979492188e+03,9.460651065106510487e+02
1.642636335134506226e+03,9.460651065106510487e+02
1.644487595319747925e+03,9.462076207620762034e+02
1.646717561483383179e+03,9.462361236123612116e+02
1.648741307735443115e+03,9.460366036603660405e+02
1.650781823873519897e+03,9.462646264626462198e+02
1.652805098295211792e+03,9.462076207620762034e+02
1.658739701747894287e+03,9.456375637563755845e+02
1.660929397344589233e+03,9.456375637563755845e+02
1.662990538835525513e+03,9.458655865586558775e+02
1.664997956275939941e+03,9.460081008100810323e+02
1.666834814548492432e+03,9.461221122112210651e+02
1.669019335269927979e+03,9.459795979597960240e+02
1.670892326354980469e+03,9.459795979597960240e+02
1.673100460052490234e+03,9.457800780078007392e+02
1.674911463975906372e+03,9.459225922592258939e+02
1.677164789915084839e+03,9.460651065106510487e+02
1.679179165124893188e+03,9.462076207620762034e+02
1.681130723953247070e+03,9.462076207620762034e+02
1.683176848888397217e+03,9.460651065106510487e+02
1.685021348953247070e+03,9.458085808580858611e+02
1.687029093980789185e+03,9.460081008100810323e+02
1.689076806306838989e+03,9.459510951095110158e+02
1.691251790285110474e+03,9.460651065106510487e+02
1.693110740184783936e+03,9.458655865586558775e+02
1.695105903863906860e+03,9.459510951095110158e+02
1.697362153053283691e+03,9.456375637563755845e+02
1.699175946712493896e+03,9.459795979597960240e+02
1.701340384960174561e+03,9.457800780078007392e+02
1.703352657556533813e+03,9.457800780078007392e+02
1.705433422327041626e+03,9.455805580558055681e+02
1.707249340057373047e+03,9.458655865586558775e+02
1.709455093383789062e+03,9.458940894089408857e+02
1.711470585584640503e+03,9.460081008100810323e+02
1.713304802179336548e+03,9.457800780078007392e+02
1.715337421417236328e+03,9.457230723072307228e+02
1.717357320308685303e+03,9.457800780078007392e+02
1.719585973024368286e+03,9.456090609060905763e+02
1.721381511211395264e+03,9.459225922592258939e+02
1.723602852582931519e+03,9.453240324032403805e+02
1.725433768987655640e+03,9.457515751575157310e+02
1.727653259992599487e+03,9.456090609060905763e+02
1.729670441150665283e+03,9.457800780078007392e+02
1.731679160594940186e+03,9.456375637563755845e+02
1.733510395765304565e+03,9.456375637563755845e+02
1.735559379100799561e+03,9.455520552055205599e+02
1.737584514141082764e+03,9.456945694569457146e+02
1.739590219020843506e+03,9.454095409540954051e+02
1.741616374254226685e+03,9.454665466546655352e+02
1.743629501581192017e+03,9.454665466546655352e+02
1.745659322500228882e+03,9.455520552055205599e+02
1.747891323804855347e+03,9.454665466546655352e+02
1.749699029207229614e+03,9.454665466546655352e+02
1.751732226610183716e+03,9.455235523552355517e+02
1.753743707180023193e+03,9.454095409540954051e+02
1.755766111612319946e+03,9.452670267026702504e+02
1.757961225271224976e+03,9.452955295529552586e+02
1.759810515165328979e+03,9.454950495049505435e+02
1.761943732261657715e+03,9.452100210021002340e+02
1.764044609546661377e+03,9.454665466546655352e+02
1.766056067943572998e+03,9.454665466546655352e+02
1.768082265853881836e+03,9.453810381038103969e+02
1.769880300760269165e+03,9.454950495049505435e+02
1.772130013704299927e+03,9.452100210021002340e+02
1.774152311563491821e+03,9.454095409540954051e+02
1.776167624711990356e+03,9.455235523552355517e+02
1.778233397245407104e+03,9.455520552055205599e+02
1.780033744573593140e+03,9.454950495049505435e+02
1.782062763452529907e+03,9.454950495049505435e+02
1.784072467327117920e+03,9.456090609060905763e+02
1.786091553449630737e+03,9.454095409540954051e+02
1.788311209201812744e+03,9.452955295529552586e+02
1.790328827142715454e+03,9.454380438043804133e+02
1.792309394359588623e+03,9.455520552055205599e+02
1.794186249971389771e+03,9.454380438043804133e+02
1.796387863636016846e+03,9.453240324032403805e+02
1.798430356264114380e+03,9.455520552055205599e+02
1.800439380884170532e+03,9.454095409540954051e+02
1.802676901340484619e+03,9.450390039003900711e+02
1.804846602916717529e+03,9.451530153015301039e+02
1.806955977201461792e+03,9.455235523552355517e+02
1.808927604198455811e+03,9.453810381038103969e+02
1.810770394086837769e+03,9.453810381038103969e+02
1.813015950679779053e+03,9.453810381038103969e+02
1.814996196746826172e+03,9.454665466546655352e+02
1.816833491802215576e+03,9.454380438043804133e+02
1.819034696578979492e+03,9.451530153015301039e+02
1.821112811803817749e+03,9.454950495049505435e+02
1.822870436668395996e+03,9.453525352535253887e+02
1.825104695320129395e+03,9.452955295529552586e+02
1.826946204900741577e+03,9.453525352535253887e+02
1.828955323934555054e+03,9.450390039003900711e+02
1.830977860212326050e+03,9.452100210021002340e+02
1.833200397491455078e+03,9.450675067506750793e+02
1.835211812257766724e+03,9.453525352535253887e+02
1.837245259761810303e+03,9.451530153015301039e+02
1.839067440748214722e+03,9.453810381038103969e+02
1.841100461721420288e+03,9.452100210021002340e+02
1.843114286184310913e+03,9.451815181518152258e+02
1.845323454380035400e+03,9.450105010501049492e+02
1.847384676218032837e+03,9.450675067506750793e+02
1.849193689346313477e+03,9.452670267026702504e+02
1.851409348249435425e+03,9.452100210021002340e+02
1.853420393943786621e+03,9.453240324032403805e+02
1.855223515987396240e+03,9.452385238523852422e+02
1.857274806261062622e+03,9.451245124512450957e+02
1.859460389852523804e+03,9.450675067506750793e+02
1.865447756767272949e+03,9.451245124512450957e+02
1.867493755578994751e+03,9.445544554455445905e+02
1.869315196752548218e+03,9.448679867986799081e+02
1.871513810157775879e+03,9.448394839483948999e+02
1.873547440528869629e+03,9.450105010501049492e+02
1.875383395195007324e+03,9.451245124512450957e+02
1.877600599527359009e+03,9.448679867986799081e+02
1.879640692234039307e+03,9.450675067506750793e+02
1.881432771205902100e+03,9.450675067506750793e+02
1.883669061422348022e+03,9.450105010501049492e+02
1.885677313566207886e+03,9.451815181518152258e+02
1.887739003419876099e+03,9.451245124512450957e+02
1.889732887983322144e+03,9.450675067506750793e+02
1.891789605855941772e+03,9.451530153015301039e+02
1.893778987407684326e+03,9.452100210021002340e+02
1.895808946371078491e+03,9.450675067506750793e+02
1.897852749824523926e+03,9.451245124512450957e+02
1.899812946796417236e+03,9.450675067506750793e+02
1.901675304412841797e+03,9.448394839483948999e+02
1.903704736948013306e+03,9.448679867986799081e+02
1.905932764530181885e+03,9.448394839483948999e+02
1.907929261445999146e+03,9.448109810981097780e+02
1.909933136224746704e+03,9.448964896489649163e+02
1.911993808507919312e+03,9.447824782478247698e+02
1.913822278261184692e+03,9.449819981998200547e+02
1.916056597232818604e+03,9.447539753975397616e+02
1.917857914686203003e+03,9.449819981998200547e+02
1.920088963747024536e+03,9.448394839483948999e+02
1.921912897825241089e+03,9.448109810981097780e+02
1.924104748010635376e+03,9.448109810981097780e+02
1.926144545555114746e+03,9.448109810981097780e+02
1.928158956527709961e+03,9.448394839483948999e+02
1.930218304157257080e+03,9.451245124512450957e+02
1.932170678377151489e+03,9.450390039003900711e+02
1.934045443773269653e+03,9.447254725472547534e+02
1.936059422731399536e+03,9.445259525952594686e+02
1.938076931715011597e+03,9.448394839483948999e+02
1.940113379955291748e+03,9.446114611461146069e+02
1.942270583152770996e+03,9.446684668466846233e+02
1.944328831672668457e+03,9.446684668466846233e+02
1.946357370615005493e+03,9.446969696969697452e+02
1.948398846864700317e+03,9.446969696969697452e+02
1.950438948869705200e+03,9.446969696969697452e+02
1.952422111272811890e+03,9.448394839483948999e+02
1.954452704191207886e+03,9.446969696969697452e+02
1.956496311426162720e+03,9.449249924992499245e+02
1.958489185810089111e+03,9.448109810981097780e+02
1.960514723300933838e+03,9.448109810981097780e+02
1.962537818193435669e+03,9.448109810981097780e+02
1.964599397659301758e+03,9.447539753975397616e+02
1.966585005283355713e+03,9.447254725472547534e+02
1.968406591176986694e+03,9.448109810981097780e+02
1.970455833196640015e+03,9.446969696969697452e+02
1.972637808084487915e+03,9.444974497449745741e+02
1.974483454704284668e+03,9.446969696969697452e+02
1.976474728107452393e+03,9.444404440444044440e+02
1.978716376543045044e+03,9.446969696969697452e+02
1.980732858657836914e+03,9.447539753975397616e+02
1.982753160476684570e+03,9.445259525952594686e+02
1.984584712505340576e+03,9.445544554455445905e+02
1.986799381494522095e+03,9.443264326432642974e+02
1.988630688190460205e+03,9.445829582958295987e+02
1.990647753715515137e+03,9.445829582958295987e+02
1.992910098075866699e+03,9.444404440444044440e+02
1.994867444753646851e+03,9.445829582958295987e+02
1.996722274780273438e+03,9.446399639963996151e+02
1.998949642658233643e+03,9.447539753975397616e+02
