1.979100000000000000e+04
2.881800000000000000e+04
4.221800000000000000e+04
8.280000000000000000e+04
1.995510000000000000e+05
3.326600000000000000e+05
3.177890000000000000e+05
1.592870000000000000e+05
4.772100000000000000e+04
3.761900000000000000e+04
3.251000000000000000e+04
3.934500000000000000e+04
7.670500000000000000e+04
1.498450000000000000e+05
3.372330000000000000e+05
5.157980000000000000e+05
4.250590000000000000e+05
1.727800000000000000e+05
4.916100000000000000e+04
3.610100000000000000e+04
2.756000000000000000e+04
4.259900000000000000e+04
6.752300000000000000e+04
1.563330000000000000e+05
3.446490000000000000e+05
3.902820000000000000e+05
2.053510000000000000e+05
6.180600000000000000e+04
3.414600000000000000e+04
3.037000000000000000e+04
3.648500000000000000e+04
5.482400000000000000e+04
1.469630000000000000e+05
3.212400000000000000e+05
3.851990000000000000e+05
2.629060000000000000e+05
1.146200000000000000e+05
4.525700000000000000e+04
3.244200000000000000e+04
2.732200000000000000e+04
3.815700000000000000e+04
8.463400000000000000e+04
1.559060000000000000e+05
2.468790000000000000e+05
2.719900000000000000e+05
1.735180000000000000e+05
6.346700000000000000e+04
2.669100000000000000e+04
2.440200000000000000e+04
3.653600000000000000e+04
4.051000000000000000e+04
6.435000000000000000e+04
1.410470000000000000e+05
1.596970000000000000e+05
9.056700000000000000e+04
5.425300000000000000e+04
4.208800000000000000e+04
2.673900000000000000e+04
4.519200000000000000e+04
4.673900000000000000e+04
4.813600000000000000e+04
1.156790000000000000e+05
1.591220000000000000e+05
2.317470000000000000e+05
3.992000000000000000e+05
3.832960000000000000e+05
1.684810000000000000e+05
6.623000000000000000e+04
5.329400000000000000e+04
4.025400000000000000e+04
8.781100000000000000e+04
1.859020000000000000e+05
3.336180000000000000e+05
3.940320000000000000e+05
2.297910000000000000e+05
6.832600000000000000e+04
4.207700000000000000e+04
3.167100000000000000e+04
4.402600000000000000e+04
7.550500000000000000e+04
1.443160000000000000e+05
3.740610000000000000e+05
5.454680000000000000e+05
3.893060000000000000e+05
1.350860000000000000e+05
4.626900000000000000e+04
3.615600000000000000e+04
2.695800000000000000e+04
2.909100000000000000e+04
5.707500000000000000e+04
1.564040000000000000e+05
2.779880000000000000e+05
2.706310000000000000e+05
1.498280000000000000e+05
5.443800000000000000e+04
2.473400000000000000e+04
2.070000000000000000e+04
2.793500000000000000e+04
4.977500000000000000e+04
1.147560000000000000e+05
1.948970000000000000e+05
1.955310000000000000e+05
1.255330000000000000e+05
7.253500000000000000e+04
3.923600000000000000e+04
2.612900000000000000e+04
3.785700000000000000e+04
3.523400000000000000e+04
4.986500000000000000e+04
1.143660000000000000e+05
1.580440000000000000e+05
1.315790000000000000e+05
8.265900000000000000e+04
5.794300000000000000e+04
3.492800000000000000e+04
2.255800000000000000e+04
2.689000000000000000e+04
2.725300000000000000e+04
6.937800000000000000e+04
1.267780000000000000e+05
1.049800000000000000e+05
6.493400000000000000e+04
7.548900000000000000e+04
5.946100000000000000e+04
2.579300000000000000e+04
2.536800000000000000e+04
3.032100000000000000e+04
5.635700000000000000e+04
1.375310000000000000e+05
2.108380000000000000e+05
2.142500000000000000e+05
1.523910000000000000e+05
7.528500000000000000e+04
3.079900000000000000e+04
2.342800000000000000e+04
2.536200000000000000e+04
2.901600000000000000e+04
6.270600000000000000e+04
1.401420000000000000e+05
1.974030000000000000e+05
1.745920000000000000e+05
1.088710000000000000e+05
5.778200000000000000e+04
3.149100000000000000e+04
2.585300000000000000e+04
2.801000000000000000e+04
4.273400000000000000e+04
1.200430000000000000e+05
1.965090000000000000e+05
1.619960000000000000e+05
1.087640000000000000e+05
8.131400000000000000e+04
3.730900000000000000e+04
1.843600000000000000e+04
1.859500000000000000e+04
1.763700000000000000e+04
4.036700000000000000e+04
1.260710000000000000e+05
2.553660000000000000e+05
3.000760000000000000e+05
2.206760000000000000e+05
1.097490000000000000e+05
3.989700000000000000e+04
2.369400000000000000e+04
3.246900000000000000e+04
3.276200000000000000e+04
7.202000000000000000e+04
1.306320000000000000e+05
9.056900000000000000e+04
6.543400000000000000e+04
1.157820000000000000e+05
8.723100000000000000e+04
3.666200000000000000e+04
3.814100000000000000e+04
2.787500000000000000e+04
4.322600000000000000e+04
7.472200000000000000e+04
5.436400000000000000e+04
3.040200000000000000e+04
5.001400000000000000e+04
6.003200000000000000e+04
3.245600000000000000e+04
2.312900000000000000e+04
3.003500000000000000e+04
2.787500000000000000e+04
6.370000000000000000e+04
9.553400000000000000e+04
6.614200000000000000e+04
8.391900000000000000e+04
1.319870000000000000e+05
8.631000000000000000e+04
3.266800000000000000e+04
3.179600000000000000e+04
3.106300000000000000e+04
5.810500000000000000e+04
1.341780000000000000e+05
2.464500000000000000e+05
3.365880000000000000e+05
2.738830000000000000e+05
1.185870000000000000e+05
4.476500000000000000e+04
3.262700000000000000e+04
2.833000000000000000e+04
4.309000000000000000e+04
8.801500000000000000e+04
2.390020000000000000e+05
4.106370000000000000e+05
3.732940000000000000e+05
1.802320000000000000e+05
5.541400000000000000e+04
3.232100000000000000e+04
2.794000000000000000e+04
2.314800000000000000e+04
4.134300000000000000e+04
1.096530000000000000e+05
2.414260000000000000e+05
3.147450000000000000e+05
2.178870000000000000e+05
9.164600000000000000e+04
4.142300000000000000e+04
2.921300000000000000e+04
3.121700000000000000e+04
4.278900000000000000e+04
9.336900000000000000e+04
1.913300000000000000e+05
2.771480000000000000e+05
2.671940000000000000e+05
1.594020000000000000e+05
6.842600000000000000e+04
3.381600000000000000e+04
3.191100000000000000e+04
4.036600000000000000e+04
4.159400000000000000e+04
9.489400000000000000e+04
1.509360000000000000e+05
1.289170000000000000e+05
1.103670000000000000e+05
1.046300000000000000e+05
5.822300000000000000e+04
3.203800000000000000e+04
3.599700000000000000e+04
3.605700000000000000e+04
6.189800000000000000e+04
1.381720000000000000e+05
1.777330000000000000e+05
1.365450000000000000e+05
1.181650000000000000e+05
9.044300000000000000e+04
3.481300000000000000e+04
2.903300000000000000e+04
2.811700000000000000e+04
2.213300000000000000e+04
4.772600000000000000e+04
1.296410000000000000e+05
2.401730000000000000e+05
2.861980000000000000e+05
2.207460000000000000e+05
1.080700000000000000e+05
3.516000000000000000e+04
3.444100000000000000e+04
4.050600000000000000e+04
5.911300000000000000e+04
1.471840000000000000e+05
3.019760000000000000e+05
4.065540000000000000e+05
2.960410000000000000e+05
1.157440000000000000e+05
5.079100000000000000e+04
3.715500000000000000e+04
2.936300000000000000e+04
4.214200000000000000e+04
8.762400000000000000e+04
1.996070000000000000e+05
3.249580000000000000e+05
3.204580000000000000e+05
1.729520000000000000e+05
5.741400000000000000e+04
3.448200000000000000e+04
3.105300000000000000e+04
3.518700000000000000e+04
5.375100000000000000e+04
1.344070000000000000e+05
2.598020000000000000e+05
2.962470000000000000e+05
2.189630000000000000e+05
1.092100000000000000e+05
5.108600000000000000e+04
3.798500000000000000e+04
4.088900000000000000e+04
4.984000000000000000e+04
9.046800000000000000e+04
1.883330000000000000e+05
2.187750000000000000e+05
1.790330000000000000e+05
1.441190000000000000e+05
8.091700000000000000e+04
3.553100000000000000e+04
3.541400000000000000e+04
4.314900000000000000e+04
5.128800000000000000e+04
1.146270000000000000e+05
1.911350000000000000e+05
1.577500000000000000e+05
1.167190000000000000e+05
1.037440000000000000e+05
5.283800000000000000e+04
2.704000000000000000e+04
3.205300000000000000e+04
2.884400000000000000e+04
4.764300000000000000e+04
9.872500000000000000e+04
1.222580000000000000e+05
9.879200000000000000e+04
1.019770000000000000e+05
9.703600000000000000e+04
4.683600000000000000e+04
4.442900000000000000e+04
4.294500000000000000e+04
4.787800000000000000e+04
1.174920000000000000e+05
2.724000000000000000e+05
5.225360000000000000e+05
5.142570000000000000e+05
2.327620000000000000e+05
6.756100000000000000e+04
5.390400000000000000e+04
3.988900000000000000e+04
3.338500000000000000e+04
6.713500000000000000e+04
1.905610000000000000e+05
4.180780000000000000e+05
5.704620000000000000e+05
4.387900000000000000e+05
1.609980000000000000e+05
6.642700000000000000e+04
6.302600000000000000e+04
3.593200000000000000e+04
5.060800000000000000e+04
9.612600000000000000e+04
2.589860000000000000e+05
4.138960000000000000e+05
3.778410000000000000e+05
2.052610000000000000e+05
6.136100000000000000e+04
3.198000000000000000e+04
2.547100000000000000e+04
2.357900000000000000e+04
3.387400000000000000e+04
5.430400000000000000e+04
1.049440000000000000e+05
1.971680000000000000e+05
3.172690000000000000e+05
2.918840000000000000e+05
1.156530000000000000e+05
5.147900000000000000e+04
5.093800000000000000e+04
3.471900000000000000e+04
5.551000000000000000e+04
1.333920000000000000e+05
2.640720000000000000e+05
2.645120000000000000e+05
1.974290000000000000e+05
1.161610000000000000e+05
4.808500000000000000e+04
5.308700000000000000e+04
3.590100000000000000e+04
5.439400000000000000e+04
8.883300000000000000e+04
2.090830000000000000e+05
3.009850000000000000e+05
2.215220000000000000e+05
1.621600000000000000e+05
8.242700000000000000e+04
5.432300000000000000e+04
5.849900000000000000e+04
3.566500000000000000e+04
6.146000000000000000e+04
1.216000000000000000e+05
2.531050000000000000e+05
2.141030000000000000e+05
1.488260000000000000e+05
1.475680000000000000e+05
6.249500000000000000e+04
5.868000000000000000e+04
4.241300000000000000e+04
5.394300000000000000e+04
8.542700000000000000e+04
1.919330000000000000e+05
3.149270000000000000e+05
2.011830000000000000e+05
1.534930000000000000e+05
1.087700000000000000e+05
5.493100000000000000e+04
7.236600000000000000e+04
4.330200000000000000e+04
7.927100000000000000e+04
1.073740000000000000e+05
2.173360000000000000e+05
2.097810000000000000e+05
1.274160000000000000e+05
1.534270000000000000e+05
7.879000000000000000e+04
7.881600000000000000e+04
6.574600000000000000e+04
5.214400000000000000e+04
7.890800000000000000e+04
1.214890000000000000e+05
2.199490000000000000e+05
1.410830000000000000e+05
1.821300000000000000e+05
1.973140000000000000e+05
8.256700000000000000e+04
9.206100000000000000e+04
5.201500000000000000e+04
7.969300000000000000e+04
8.701900000000000000e+04
1.462440000000000000e+05
1.422430000000000000e+05
1.172450000000000000e+05
2.404700000000000000e+05
1.526110000000000000e+05
8.237700000000000000e+04
7.171900000000000000e+04
4.885900000000000000e+04
7.101500000000000000e+04
7.483000000000000000e+04
1.452830000000000000e+05
1.055830000000000000e+05
1.772440000000000000e+05
2.402350000000000000e+05
1.056150000000000000e+05
8.823300000000000000e+04
5.260600000000000000e+04
5.766700000000000000e+04
6.045100000000000000e+04
7.574900000000000000e+04
8.804400000000000000e+04
1.240620000000000000e+05
2.428750000000000000e+05
1.935520000000000000e+05
1.212620000000000000e+05
8.900600000000000000e+04
4.712100000000000000e+04
5.813200000000000000e+04
1.336550000000000000e+05
1.824190000000000000e+05
1.834080000000000000e+05
1.994790000000000000e+05
1.530230000000000000e+05
5.787200000000000000e+04
3.357900000000000000e+04
3.303500000000000000e+04
3.787800000000000000e+04
7.377800000000000000e+04
1.979530000000000000e+05
3.315030000000000000e+05
2.717810000000000000e+05
2.197590000000000000e+05
1.252500000000000000e+05
5.935600000000000000e+04
6.642300000000000000e+04
3.974600000000000000e+04
6.095200000000000000e+04
1.000280000000000000e+05
2.411650000000000000e+05
2.452100000000000000e+05
1.484610000000000000e+05
1.481020000000000000e+05
7.043700000000000000e+04
6.302300000000000000e+04
5.660700000000000000e+04
4.298200000000000000e+04
7.333900000000000000e+04
1.482580000000000000e+05
2.617440000000000000e+05
1.791290000000000000e+05
1.976410000000000000e+05
1.940860000000000000e+05
7.550000000000000000e+04
8.266000000000000000e+04
4.690100000000000000e+04
6.160000000000000000e+04
7.362500000000000000e+04
1.480810000000000000e+05
1.625680000000000000e+05
9.959500000000000000e+04
1.704210000000000000e+05
1.093890000000000000e+05
7.360200000000000000e+04
6.765200000000000000e+04
4.665000000000000000e+04
7.040200000000000000e+04
8.263100000000000000e+04
1.623410000000000000e+05
1.078020000000000000e+05
1.643380000000000000e+05
2.186270000000000000e+05
9.869300000000000000e+04
1.002470000000000000e+05
5.952500000000000000e+04
5.795600000000000000e+04
5.609200000000000000e+04
9.682600000000000000e+04
1.180500000000000000e+05
1.078370000000000000e+05
2.391850000000000000e+05
1.646670000000000000e+05
8.005700000000000000e+04
7.528100000000000000e+04
4.331600000000000000e+04
6.954500000000000000e+04
9.037500000000000000e+04
2.171590000000000000e+05
2.028610000000000000e+05
1.640490000000000000e+05
1.768440000000000000e+05
7.697700000000000000e+04
8.071400000000000000e+04
5.842400000000000000e+04
5.198800000000000000e+04
9.019300000000000000e+04
2.257200000000000000e+05
4.013000000000000000e+05
3.177380000000000000e+05
2.167940000000000000e+05
1.165210000000000000e+05
5.688700000000000000e+04
6.238000000000000000e+04
3.702700000000000000e+04
5.739200000000000000e+04
9.348400000000000000e+04
2.167820000000000000e+05
2.164410000000000000e+05
1.517880000000000000e+05
1.426680000000000000e+05
6.291000000000000000e+04
3.634600000000000000e+04
3.151100000000000000e+04
2.485100000000000000e+04
3.990000000000000000e+04
6.641100000000000000e+04
1.290420000000000000e+05
2.276770000000000000e+05
2.716260000000000000e+05
1.649650000000000000e+05
5.081900000000000000e+04
3.196900000000000000e+04
3.095700000000000000e+04
3.416000000000000000e+04
5.112200000000000000e+04
9.860200000000000000e+04
1.079280000000000000e+05
1.028650000000000000e+05
1.737600000000000000e+05
1.050270000000000000e+05
6.820900000000000000e+04
7.138600000000000000e+04
4.859600000000000000e+04
7.480900000000000000e+04
9.525000000000000000e+04
1.924470000000000000e+05
1.329890000000000000e+05
1.975080000000000000e+05
2.373600000000000000e+05
9.924400000000000000e+04
1.015120000000000000e+05
5.993900000000000000e+04
5.964800000000000000e+04
6.058800000000000000e+04
1.278060000000000000e+05
1.461330000000000000e+05
1.484990000000000000e+05
3.200960000000000000e+05
2.038220000000000000e+05
8.728100000000000000e+04
7.785500000000000000e+04
4.062700000000000000e+04
5.626000000000000000e+04
1.188630000000000000e+05
3.376720000000000000e+05
5.182450000000000000e+05
4.626090000000000000e+05
1.919530000000000000e+05
7.365000000000000000e+04
6.244600000000000000e+04
3.078400000000000000e+04
3.074900000000000000e+04
7.574500000000000000e+04
2.119240000000000000e+05
4.417720000000000000e+05
6.409450000000000000e+05
4.301010000000000000e+05
1.250850000000000000e+05
7.158900000000000000e+04
4.432900000000000000e+04
2.898300000000000000e+04
4.382400000000000000e+04
1.127630000000000000e+05
2.623460000000000000e+05
4.270560000000000000e+05
3.936070000000000000e+05
1.636240000000000000e+05
5.671700000000000000e+04
5.646900000000000000e+04
3.617300000000000000e+04
3.863300000000000000e+04
7.559000000000000000e+04
1.737360000000000000e+05
3.238980000000000000e+05
3.665700000000000000e+05
2.501300000000000000e+05
9.466900000000000000e+04
5.595000000000000000e+04
6.127300000000000000e+04
3.979900000000000000e+04
5.370900000000000000e+04
9.171500000000000000e+04
2.270810000000000000e+05
3.599310000000000000e+05
2.996650000000000000e+05
1.599590000000000000e+05
6.658700000000000000e+04
7.628600000000000000e+04
5.682800000000000000e+04
4.595800000000000000e+04
7.319000000000000000e+04
1.347180000000000000e+05
2.817580000000000000e+05
2.960710000000000000e+05
2.457200000000000000e+05
1.585530000000000000e+05
6.001500000000000000e+04
4.641000000000000000e+04
3.226700000000000000e+04
4.566900000000000000e+04
5.603100000000000000e+04
8.630100000000000000e+04
1.006990000000000000e+05
1.843860000000000000e+05
3.105090000000000000e+05
1.850710000000000000e+05
5.700600000000000000e+04
4.042300000000000000e+04
2.391700000000000000e+04
4.200500000000000000e+04
9.394100000000000000e+04
2.294910000000000000e+05
4.493100000000000000e+05
4.837010000000000000e+05
2.121800000000000000e+05
7.862700000000000000e+04
5.746200000000000000e+04
2.672600000000000000e+04
3.047000000000000000e+04
5.963100000000000000e+04
1.655970000000000000e+05
3.721570000000000000e+05
5.567710000000000000e+05
3.891620000000000000e+05
1.176460000000000000e+05
7.029500000000000000e+04
4.594700000000000000e+04
2.938200000000000000e+04
4.978500000000000000e+04
1.157920000000000000e+05
2.509860000000000000e+05
4.149760000000000000e+05
3.976760000000000000e+05
1.719950000000000000e+05
5.426500000000000000e+04
3.927700000000000000e+04
2.663900000000000000e+04
3.291500000000000000e+04
6.179500000000000000e+04
1.391720000000000000e+05
2.867350000000000000e+05
3.385570000000000000e+05
2.260340000000000000e+05
8.955600000000000000e+04
5.600800000000000000e+04
5.477400000000000000e+04
3.522300000000000000e+04
5.562500000000000000e+04
9.764100000000000000e+04
2.338840000000000000e+05
3.545340000000000000e+05
3.187570000000000000e+05
1.965020000000000000e+05
7.890900000000000000e+04
4.944700000000000000e+04
4.847000000000000000e+04
4.212300000000000000e+04
6.312800000000000000e+04
1.229280000000000000e+05
2.741630000000000000e+05
2.976000000000000000e+05
2.321510000000000000e+05
1.355300000000000000e+05
5.101700000000000000e+04
5.353100000000000000e+04
3.255200000000000000e+04
3.971400000000000000e+04
7.019600000000000000e+04
1.699560000000000000e+05
3.650150000000000000e+05
4.973360000000000000e+05
3.440350000000000000e+05
1.163350000000000000e+05
7.039700000000000000e+04
4.094800000000000000e+04
2.540600000000000000e+04
3.430900000000000000e+04
9.480800000000000000e+04
2.340260000000000000e+05
4.942130000000000000e+05
5.599030000000000000e+05
2.518060000000000000e+05
8.769400000000000000e+04
6.034800000000000000e+04
2.628700000000000000e+04
2.940300000000000000e+04
6.297900000000000000e+04
1.507670000000000000e+05
3.277550000000000000e+05
5.024180000000000000e+05
3.524960000000000000e+05
1.071760000000000000e+05
4.450500000000000000e+04
2.905900000000000000e+04
2.380100000000000000e+04
3.402700000000000000e+04
5.651000000000000000e+04
1.019350000000000000e+05
8.086600000000000000e+04
1.227020000000000000e+05
2.021120000000000000e+05
1.072430000000000000e+05
4.963800000000000000e+04
3.756700000000000000e+04
4.245700000000000000e+04
7.266000000000000000e+04
1.160390000000000000e+05
2.438440000000000000e+05
2.781780000000000000e+05
1.952930000000000000e+05
8.361900000000000000e+04
4.272700000000000000e+04
4.697600000000000000e+04
3.276900000000000000e+04
5.699800000000000000e+04
8.810100000000000000e+04
2.031350000000000000e+05
3.245290000000000000e+05
3.083810000000000000e+05
1.762620000000000000e+05
5.887800000000000000e+04
4.633000000000000000e+04
3.879800000000000000e+04
4.359900000000000000e+04
6.881300000000000000e+04
1.163950000000000000e+05
2.408420000000000000e+05
2.848720000000000000e+05
2.234200000000000000e+05
1.203380000000000000e+05
4.492600000000000000e+04
4.714000000000000000e+04
3.439400000000000000e+04
4.962400000000000000e+04
7.222400000000000000e+04
1.731580000000000000e+05
3.441860000000000000e+05
4.331580000000000000e+05
2.761280000000000000e+05
8.968100000000000000e+04
6.173300000000000000e+04
4.165000000000000000e+04
3.042900000000000000e+04
4.634900000000000000e+04
1.059720000000000000e+05
2.441050000000000000e+05
4.424790000000000000e+05
4.431500000000000000e+05
2.064520000000000000e+05
6.422600000000000000e+04
5.245600000000000000e+04
3.494700000000000000e+04
4.651200000000000000e+04
7.193900000000000000e+04
1.663630000000000000e+05
3.313020000000000000e+05
4.297700000000000000e+05
3.140920000000000000e+05
1.060730000000000000e+05
4.723700000000000000e+04
3.962800000000000000e+04
2.835300000000000000e+04
5.032200000000000000e+04
9.995300000000000000e+04
2.243120000000000000e+05
3.393580000000000000e+05
3.022050000000000000e+05
1.799750000000000000e+05
6.144600000000000000e+04
5.138000000000000000e+04
4.175000000000000000e+04
4.254800000000000000e+04
6.626400000000000000e+04
1.187510000000000000e+05
2.309650000000000000e+05
2.258790000000000000e+05
1.901190000000000000e+05
1.128580000000000000e+05
4.835000000000000000e+04
5.806100000000000000e+04
3.456000000000000000e+04
4.688000000000000000e+04
5.649800000000000000e+04
1.166830000000000000e+05
1.306950000000000000e+05
9.330500000000000000e+04
1.294580000000000000e+05
8.216500000000000000e+04
4.167200000000000000e+04
3.357100000000000000e+04
1.788600000000000000e+04
2.104400000000000000e+04
3.026000000000000000e+04
5.964700000000000000e+04
9.935600000000000000e+04
1.414320000000000000e+05
1.119960000000000000e+05
4.033000000000000000e+04
2.168100000000000000e+04
2.294500000000000000e+04
3.590400000000000000e+04
6.245000000000000000e+04
1.260090000000000000e+05
2.972530000000000000e+05
4.235000000000000000e+05
2.637210000000000000e+05
7.569000000000000000e+04
4.769800000000000000e+04
3.021800000000000000e+04
3.519400000000000000e+04
5.070100000000000000e+04
8.917300000000000000e+04
1.807530000000000000e+05
3.069210000000000000e+05
3.348600000000000000e+05
1.618280000000000000e+05
5.619000000000000000e+04
4.085700000000000000e+04
2.749700000000000000e+04
3.569200000000000000e+04
5.869300000000000000e+04
1.280800000000000000e+05
2.551220000000000000e+05
3.458760000000000000e+05
2.749100000000000000e+05
1.109770000000000000e+05
4.974700000000000000e+04
4.332200000000000000e+04
3.706800000000000000e+04
6.368600000000000000e+04
9.853300000000000000e+04
2.011520000000000000e+05
2.772920000000000000e+05
2.554900000000000000e+05
1.470640000000000000e+05
4.927000000000000000e+04
4.136900000000000000e+04
3.171900000000000000e+04
3.371400000000000000e+04
5.938100000000000000e+04
1.112030000000000000e+05
2.077780000000000000e+05
2.101070000000000000e+05
1.818700000000000000e+05
1.278000000000000000e+05
4.949800000000000000e+04
4.908600000000000000e+04
3.503700000000000000e+04
6.548200000000000000e+04
9.356400000000000000e+04
1.985660000000000000e+05
2.949700000000000000e+05
2.389020000000000000e+05
1.862030000000000000e+05
8.559600000000000000e+04
4.475500000000000000e+04
3.934500000000000000e+04
3.881100000000000000e+04
7.444200000000000000e+04
1.209770000000000000e+05
2.568730000000000000e+05
3.208380000000000000e+05
2.685170000000000000e+05
1.411820000000000000e+05
4.703000000000000000e+04
3.805500000000000000e+04
2.484500000000000000e+04
4.107400000000000000e+04
6.863600000000000000e+04
1.476020000000000000e+05
2.768740000000000000e+05
3.824190000000000000e+05
2.838770000000000000e+05
9.387900000000000000e+04
4.131900000000000000e+04
3.771000000000000000e+04
3.445000000000000000e+04
6.371900000000000000e+04
1.004970000000000000e+05
2.046780000000000000e+05
2.640730000000000000e+05
2.285800000000000000e+05
1.496490000000000000e+05
5.375200000000000000e+04
2.996700000000000000e+04
2.026900000000000000e+04
1.773600000000000000e+04
2.272600000000000000e+04
4.545000000000000000e+04
9.021900000000000000e+04
1.014820000000000000e+05
7.966100000000000000e+04
4.746200000000000000e+04
2.159600000000000000e+04
1.970600000000000000e+04
2.363900000000000000e+04
2.875800000000000000e+04
4.207800000000000000e+04
8.477400000000000000e+04
1.381670000000000000e+05
1.603000000000000000e+05
1.821520000000000000e+05
9.254400000000000000e+04
5.379900000000000000e+04
4.387300000000000000e+04
4.140000000000000000e+04
5.586600000000000000e+04
7.720100000000000000e+04
1.492140000000000000e+05
1.424910000000000000e+05
1.531710000000000000e+05
1.194430000000000000e+05
4.615300000000000000e+04
3.357300000000000000e+04
2.436900000000000000e+04
3.770100000000000000e+04
4.255700000000000000e+04
8.062400000000000000e+04
9.919400000000000000e+04
8.832100000000000000e+04
1.448520000000000000e+05
8.950000000000000000e+04
4.273000000000000000e+04
3.328500000000000000e+04
3.488400000000000000e+04
5.097900000000000000e+04
8.274300000000000000e+04
1.900370000000000000e+05
3.300190000000000000e+05
3.734200000000000000e+05
1.790320000000000000e+05
5.967300000000000000e+04
3.761700000000000000e+04
2.470400000000000000e+04
3.158300000000000000e+04
5.430000000000000000e+04
1.204490000000000000e+05
2.604050000000000000e+05
4.433320000000000000e+05
3.496480000000000000e+05
1.168570000000000000e+05
5.016100000000000000e+04
2.957800000000000000e+04
2.974900000000000000e+04
3.971700000000000000e+04
7.613500000000000000e+04
1.670340000000000000e+05
2.933110000000000000e+05
3.373700000000000000e+05
1.793290000000000000e+05
5.296600000000000000e+04
3.632600000000000000e+04
2.674200000000000000e+04
3.777600000000000000e+04
6.560900000000000000e+04
1.263410000000000000e+05
2.436700000000000000e+05
3.062880000000000000e+05
2.479220000000000000e+05
1.091420000000000000e+05
4.106700000000000000e+04
3.810800000000000000e+04
2.836700000000000000e+04
5.270100000000000000e+04
7.803300000000000000e+04
1.698750000000000000e+05
2.761960000000000000e+05
2.794950000000000000e+05
1.998900000000000000e+05
7.679000000000000000e+04
4.684500000000000000e+04
4.034700000000000000e+04
3.109800000000000000e+04
4.574200000000000000e+04
6.138500000000000000e+04
1.096760000000000000e+05
1.098430000000000000e+05
1.828030000000000000e+05
1.794900000000000000e+05
7.349100000000000000e+04
4.013600000000000000e+04
2.193200000000000000e+04
2.179500000000000000e+04
2.485100000000000000e+04
4.867800000000000000e+04
8.551300000000000000e+04
8.252100000000000000e+04
6.573100000000000000e+04
4.655100000000000000e+04
2.446600000000000000e+04
1.964600000000000000e+04
3.183100000000000000e+04
5.438500000000000000e+04
1.035720000000000000e+05
1.860680000000000000e+05
3.027380000000000000e+05
2.805320000000000000e+05
1.456030000000000000e+05
4.737200000000000000e+04
3.885500000000000000e+04
3.114400000000000000e+04
4.915100000000000000e+04
6.686900000000000000e+04
1.107580000000000000e+05
1.987660000000000000e+05
2.221150000000000000e+05
1.928420000000000000e+05
8.711600000000000000e+04
3.562900000000000000e+04
2.938300000000000000e+04
2.524700000000000000e+04
4.530700000000000000e+04
6.965900000000000000e+04
1.259640000000000000e+05
1.767600000000000000e+05
1.878240000000000000e+05
1.520090000000000000e+05
6.538400000000000000e+04
4.067600000000000000e+04
3.452200000000000000e+04
4.008600000000000000e+04
6.114700000000000000e+04
8.621400000000000000e+04
1.474210000000000000e+05
1.337170000000000000e+05
1.521390000000000000e+05
1.165640000000000000e+05
5.097200000000000000e+04
4.794600000000000000e+04
2.881500000000000000e+04
4.314900000000000000e+04
4.844400000000000000e+04
8.416000000000000000e+04
1.055160000000000000e+05
1.174720000000000000e+05
1.655450000000000000e+05
9.953600000000000000e+04
4.621700000000000000e+04
3.910700000000000000e+04
2.710200000000000000e+04
4.150100000000000000e+04
3.825800000000000000e+04
7.441400000000000000e+04
7.237700000000000000e+04
1.303510000000000000e+05
1.651130000000000000e+05
7.490800000000000000e+04
5.086900000000000000e+04
3.141400000000000000e+04
4.135100000000000000e+04
5.318900000000000000e+04
9.934200000000000000e+04
1.936710000000000000e+05
2.451350000000000000e+05
2.118520000000000000e+05
8.890700000000000000e+04
3.476400000000000000e+04
2.603800000000000000e+04
2.743800000000000000e+04
3.875200000000000000e+04
5.581700000000000000e+04
1.183750000000000000e+05
2.053440000000000000e+05
2.254750000000000000e+05
1.241130000000000000e+05
4.436400000000000000e+04
3.629900000000000000e+04
2.675100000000000000e+04
3.820900000000000000e+04
4.848100000000000000e+04
8.614900000000000000e+04
1.477950000000000000e+05
1.746120000000000000e+05
1.755250000000000000e+05
9.777300000000000000e+04
3.553400000000000000e+04
2.404600000000000000e+04
1.468900000000000000e+04
1.509100000000000000e+04
1.756700000000000000e+04
3.975200000000000000e+04
8.212000000000000000e+04
1.026200000000000000e+05
8.307800000000000000e+04
4.397100000000000000e+04
1.847400000000000000e+04
1.650300000000000000e+04
1.923600000000000000e+04
2.903200000000000000e+04
6.180200000000000000e+04
1.125040000000000000e+05
1.192210000000000000e+05
1.295230000000000000e+05
1.209970000000000000e+05
4.836500000000000000e+04
4.141200000000000000e+04
2.903200000000000000e+04
4.225500000000000000e+04
4.547900000000000000e+04
9.057600000000000000e+04
1.160650000000000000e+05
1.015280000000000000e+05
1.340130000000000000e+05
7.831600000000000000e+04
4.241900000000000000e+04
3.214700000000000000e+04
2.295700000000000000e+04
3.227800000000000000e+04
4.710600000000000000e+04
9.209000000000000000e+04
8.074000000000000000e+04
1.004080000000000000e+05
1.241920000000000000e+05
5.712100000000000000e+04
4.281700000000000000e+04
3.251400000000000000e+04
3.602500000000000000e+04
5.121900000000000000e+04
8.393400000000000000e+04
1.416670000000000000e+05
1.447180000000000000e+05
1.445870000000000000e+05
7.702600000000000000e+04
3.700500000000000000e+04
2.818300000000000000e+04
2.553100000000000000e+04
3.925800000000000000e+04
6.206000000000000000e+04
1.201080000000000000e+05
1.518470000000000000e+05
1.632580000000000000e+05
1.096530000000000000e+05
3.844000000000000000e+04
2.756600000000000000e+04
2.292300000000000000e+04
3.021700000000000000e+04
4.645600000000000000e+04
7.590100000000000000e+04
1.368180000000000000e+05
1.409600000000000000e+05
1.437540000000000000e+05
9.487000000000000000e+04
4.203000000000000000e+04
3.876500000000000000e+04
2.690000000000000000e+04
4.331600000000000000e+04
5.247100000000000000e+04
1.073760000000000000e+05
1.140990000000000000e+05
1.137240000000000000e+05
1.167100000000000000e+05
5.534000000000000000e+04
3.168000000000000000e+04
2.553700000000000000e+04
2.316600000000000000e+04
3.646500000000000000e+04
4.862700000000000000e+04
7.734800000000000000e+04
6.483000000000000000e+04
1.117750000000000000e+05
1.327840000000000000e+05
6.774500000000000000e+04
5.501600000000000000e+04
3.214200000000000000e+04
4.777900000000000000e+04
3.676100000000000000e+04
5.938500000000000000e+04
5.306300000000000000e+04
7.727800000000000000e+04
1.431320000000000000e+05
9.807400000000000000e+04
3.934200000000000000e+04
2.007900000000000000e+04
1.368200000000000000e+04
1.438900000000000000e+04
2.649600000000000000e+04
5.878600000000000000e+04
7.815600000000000000e+04
6.133400000000000000e+04
4.290100000000000000e+04
3.305900000000000000e+04
1.943800000000000000e+04
2.583400000000000000e+04
3.325800000000000000e+04
5.661400000000000000e+04
1.042220000000000000e+05
1.879400000000000000e+05
2.362920000000000000e+05
1.693240000000000000e+05
6.747400000000000000e+04
3.471200000000000000e+04
3.483600000000000000e+04
3.145900000000000000e+04
5.205500000000000000e+04
6.732700000000000000e+04
1.322450000000000000e+05
1.732510000000000000e+05
1.667880000000000000e+05
1.056230000000000000e+05
3.971800000000000000e+04
2.883900000000000000e+04
2.123500000000000000e+04
2.540800000000000000e+04
3.503300000000000000e+04
6.225700000000000000e+04
1.073180000000000000e+05
1.232320000000000000e+05
1.276010000000000000e+05
8.508100000000000000e+04
3.831300000000000000e+04
4.021800000000000000e+04
3.003500000000000000e+04
4.962000000000000000e+04
5.564200000000000000e+04
1.011640000000000000e+05
1.193110000000000000e+05
9.714000000000000000e+04
1.000630000000000000e+05
5.330600000000000000e+04
3.641400000000000000e+04
2.722300000000000000e+04
3.234700000000000000e+04
4.429900000000000000e+04
5.541700000000000000e+04
8.303700000000000000e+04
7.261800000000000000e+04
8.403000000000000000e+04
8.410800000000000000e+04
4.143200000000000000e+04
3.204800000000000000e+04
2.240400000000000000e+04
2.636200000000000000e+04
2.659700000000000000e+04
4.136700000000000000e+04
5.636200000000000000e+04
7.567500000000000000e+04
1.399520000000000000e+05
9.511800000000000000e+04
4.936000000000000000e+04
3.781100000000000000e+04
3.138800000000000000e+04
4.499100000000000000e+04
5.750200000000000000e+04
1.108600000000000000e+05
1.385860000000000000e+05
1.572390000000000000e+05
1.123640000000000000e+05
4.245300000000000000e+04
3.455900000000000000e+04
2.917500000000000000e+04
3.640600000000000000e+04
4.967700000000000000e+04
8.502400000000000000e+04
1.485640000000000000e+05
1.865030000000000000e+05
1.400470000000000000e+05
5.486400000000000000e+04
3.902000000000000000e+04
3.581800000000000000e+04
3.185000000000000000e+04
4.451400000000000000e+04
6.095800000000000000e+04
1.009240000000000000e+05
1.096030000000000000e+05
1.120620000000000000e+05
8.248500000000000000e+04
3.214500000000000000e+04
1.866500000000000000e+04
1.391600000000000000e+04
1.285600000000000000e+04
1.391900000000000000e+04
2.209700000000000000e+04
4.284400000000000000e+04
5.815000000000000000e+04
5.567000000000000000e+04
4.240200000000000000e+04
2.367600000000000000e+04
1.732200000000000000e+04
2.428500000000000000e+04
2.945300000000000000e+04
3.865800000000000000e+04
6.283300000000000000e+04
7.943900000000000000e+04
7.968400000000000000e+04
1.054780000000000000e+05
6.883100000000000000e+04
4.409100000000000000e+04
4.174700000000000000e+04
3.559600000000000000e+04
5.506000000000000000e+04
5.555100000000000000e+04
9.738300000000000000e+04
8.764900000000000000e+04
9.074500000000000000e+04
9.009800000000000000e+04
4.980600000000000000e+04
4.086100000000000000e+04
2.306500000000000000e+04
2.887200000000000000e+04
2.986000000000000000e+04
5.159600000000000000e+04
6.358900000000000000e+04
5.360100000000000000e+04
8.830700000000000000e+04
6.474900000000000000e+04
3.475400000000000000e+04
3.997000000000000000e+04
2.957500000000000000e+04
4.323800000000000000e+04
6.677300000000000000e+04
1.115560000000000000e+05
1.603730000000000000e+05
1.593070000000000000e+05
9.097400000000000000e+04
3.636900000000000000e+04
2.963400000000000000e+04
2.427200000000000000e+04
3.242900000000000000e+04
4.489900000000000000e+04
8.032900000000000000e+04
1.299130000000000000e+05
1.676530000000000000e+05
1.383460000000000000e+05
5.793800000000000000e+04
3.541900000000000000e+04
3.203500000000000000e+04
2.879400000000000000e+04
3.925700000000000000e+04
5.768000000000000000e+04
1.016560000000000000e+05
1.369110000000000000e+05
1.324110000000000000e+05
8.122300000000000000e+04
3.494800000000000000e+04
3.660600000000000000e+04
3.009200000000000000e+04
2.778000000000000000e+04
4.022900000000000000e+04
5.683900000000000000e+04
8.730900000000000000e+04
8.441500000000000000e+04
7.648200000000000000e+04
5.599500000000000000e+04
3.287100000000000000e+04
3.510800000000000000e+04
2.300600000000000000e+04
3.021800000000000000e+04
3.304300000000000000e+04
6.159600000000000000e+04
6.823200000000000000e+04
6.928100000000000000e+04
1.021230000000000000e+05
6.173700000000000000e+04
4.431900000000000000e+04
3.212100000000000000e+04
2.959900000000000000e+04
3.292800000000000000e+04
3.861700000000000000e+04
6.219300000000000000e+04
4.622900000000000000e+04
7.101900000000000000e+04
7.809500000000000000e+04
4.112100000000000000e+04
1.982900000000000000e+04
1.296800000000000000e+04
1.114600000000000000e+04
1.405500000000000000e+04
2.408500000000000000e+04
4.329800000000000000e+04
5.192200000000000000e+04
4.341400000000000000e+04
3.204400000000000000e+04
1.946900000000000000e+04
2.096400000000000000e+04
2.993300000000000000e+04
3.033700000000000000e+04
5.012000000000000000e+04
8.067600000000000000e+04
1.111280000000000000e+05
1.184140000000000000e+05
7.279100000000000000e+04
3.002500000000000000e+04
3.245200000000000000e+04
2.724300000000000000e+04
3.330800000000000000e+04
4.379500000000000000e+04
5.972700000000000000e+04
9.488000000000000000e+04
8.377600000000000000e+04
7.752900000000000000e+04
5.332700000000000000e+04
3.200900000000000000e+04
3.081700000000000000e+04
2.292700000000000000e+04
3.609200000000000000e+04
3.855900000000000000e+04
6.991700000000000000e+04
7.813500000000000000e+04
6.710800000000000000e+04
6.843100000000000000e+04
3.621200000000000000e+04
3.304100000000000000e+04
2.754300000000000000e+04
2.982000000000000000e+04
3.926100000000000000e+04
5.169600000000000000e+04
7.836500000000000000e+04
6.072800000000000000e+04
7.155600000000000000e+04
6.854600000000000000e+04
3.968400000000000000e+04
3.606800000000000000e+04
2.336800000000000000e+04
3.488500000000000000e+04
3.445800000000000000e+04
5.959600000000000000e+04
6.495900000000000000e+04
6.255000000000000000e+04
1.039310000000000000e+05
7.150300000000000000e+04
4.810700000000000000e+04
3.291400000000000000e+04
2.254500000000000000e+04
2.742600000000000000e+04
3.289200000000000000e+04
5.895200000000000000e+04
4.608100000000000000e+04
8.249200000000000000e+04
1.009000000000000000e+05
5.033300000000000000e+04
3.818800000000000000e+04
2.788600000000000000e+04
2.888000000000000000e+04
3.704000000000000000e+04
6.407800000000000000e+04
1.053610000000000000e+05
1.081040000000000000e+05
9.123900000000000000e+04
4.528700000000000000e+04
3.099100000000000000e+04
3.307000000000000000e+04
2.361200000000000000e+04
3.500500000000000000e+04
4.950500000000000000e+04
8.767000000000000000e+04
1.103810000000000000e+05
1.070350000000000000e+05
6.191000000000000000e+04
3.080900000000000000e+04
3.188900000000000000e+04
2.355900000000000000e+04
3.613300000000000000e+04
4.872600000000000000e+04
7.754700000000000000e+04
1.073700000000000000e+05
1.188480000000000000e+05
1.018610000000000000e+05
4.725700000000000000e+04
2.397600000000000000e+04
2.166900000000000000e+04
1.469100000000000000e+04
1.188000000000000000e+04
1.152600000000000000e+04
1.560500000000000000e+04
3.107800000000000000e+04
6.221300000000000000e+04
7.486000000000000000e+04
4.405300000000000000e+04
1.947600000000000000e+04
2.068300000000000000e+04
2.732200000000000000e+04
3.648100000000000000e+04
5.301100000000000000e+04
7.749000000000000000e+04
7.554400000000000000e+04
6.967400000000000000e+04
5.034000000000000000e+04
2.796200000000000000e+04
3.524000000000000000e+04
2.688900000000000000e+04
3.885100000000000000e+04
4.527000000000000000e+04
6.926400000000000000e+04
8.623300000000000000e+04
7.050100000000000000e+04
6.268900000000000000e+04
3.753400000000000000e+04
3.867600000000000000e+04
3.312900000000000000e+04
3.531300000000000000e+04
4.747300000000000000e+04
5.909200000000000000e+04
9.761100000000000000e+04
9.437600000000000000e+04
8.679800000000000000e+04
6.164000000000000000e+04
2.880500000000000000e+04
3.141900000000000000e+04
2.405400000000000000e+04
3.035700000000000000e+04
4.393500000000000000e+04
6.499500000000000000e+04
9.623700000000000000e+04
1.122750000000000000e+05
8.290700000000000000e+04
4.180000000000000000e+04
3.459400000000000000e+04
2.422100000000000000e+04
2.460100000000000000e+04
3.526300000000000000e+04
5.739300000000000000e+04
9.045900000000000000e+04
1.170010000000000000e+05
1.213280000000000000e+05
6.886700000000000000e+04
3.522200000000000000e+04
3.047700000000000000e+04
2.385900000000000000e+04
3.264900000000000000e+04
4.744300000000000000e+04
7.388100000000000000e+04
1.005490000000000000e+05
1.166050000000000000e+05
9.114800000000000000e+04
4.260000000000000000e+04
3.460600000000000000e+04
2.768200000000000000e+04
2.669400000000000000e+04
3.507800000000000000e+04
5.398500000000000000e+04
9.014600000000000000e+04
1.044500000000000000e+05
1.026870000000000000e+05
6.737100000000000000e+04
3.687000000000000000e+04
3.851800000000000000e+04
2.852300000000000000e+04
3.317200000000000000e+04
3.886200000000000000e+04
5.861500000000000000e+04
9.257000000000000000e+04
8.950400000000000000e+04
6.987100000000000000e+04
4.029600000000000000e+04
2.872200000000000000e+04
2.701100000000000000e+04
2.425300000000000000e+04
3.395700000000000000e+04
3.565000000000000000e+04
6.390000000000000000e+04
8.580800000000000000e+04
8.230000000000000000e+04
7.118400000000000000e+04
3.826900000000000000e+04
2.291400000000000000e+04
1.851000000000000000e+04
1.263700000000000000e+04
1.252900000000000000e+04
1.173900000000000000e+04
1.436600000000000000e+04
2.405700000000000000e+04
4.797400000000000000e+04
4.539700000000000000e+04
2.061200000000000000e+04
1.574300000000000000e+04
2.102000000000000000e+04
2.283600000000000000e+04
3.260600000000000000e+04
5.392700000000000000e+04
8.770700000000000000e+04
1.528410000000000000e+05
1.485500000000000000e+05
7.791800000000000000e+04
4.637700000000000000e+04
2.378600000000000000e+04
2.155200000000000000e+04
2.357000000000000000e+04
3.796200000000000000e+04
5.907800000000000000e+04
9.109800000000000000e+04
1.266750000000000000e+05
8.150400000000000000e+04
4.197100000000000000e+04
3.204300000000000000e+04
2.269900000000000000e+04
3.088200000000000000e+04
4.256300000000000000e+04
6.798600000000000000e+04
9.774300000000000000e+04
1.363560000000000000e+05
1.223770000000000000e+05
5.591100000000000000e+04
3.897900000000000000e+04
3.094100000000000000e+04
2.614400000000000000e+04
3.749300000000000000e+04
5.050700000000000000e+04
8.075800000000000000e+04
1.006620000000000000e+05
9.362600000000000000e+04
5.628300000000000000e+04
2.974000000000000000e+04
3.423800000000000000e+04
2.638300000000000000e+04
2.878200000000000000e+04
3.808200000000000000e+04
5.405400000000000000e+04
7.683200000000000000e+04
8.732600000000000000e+04
8.316900000000000000e+04
4.452400000000000000e+04
3.168900000000000000e+04
3.547600000000000000e+04
2.675300000000000000e+04
3.494100000000000000e+04
4.090400000000000000e+04
5.822200000000000000e+04
7.536400000000000000e+04
6.105000000000000000e+04
4.035200000000000000e+04
2.366600000000000000e+04
2.943300000000000000e+04
2.819500000000000000e+04
2.542100000000000000e+04
3.563500000000000000e+04
4.308200000000000000e+04
7.172500000000000000e+04
7.898500000000000000e+04
5.706200000000000000e+04
3.718800000000000000e+04
3.064700000000000000e+04
3.161800000000000000e+04
2.149100000000000000e+04
2.819500000000000000e+04
3.201000000000000000e+04
4.782900000000000000e+04
6.782500000000000000e+04
6.531400000000000000e+04
5.809400000000000000e+04
3.959500000000000000e+04
3.043900000000000000e+04
2.140600000000000000e+04
1.920300000000000000e+04
2.434700000000000000e+04
3.154200000000000000e+04
5.257300000000000000e+04
5.840400000000000000e+04
6.102600000000000000e+04
5.818000000000000000e+04
3.179400000000000000e+04
1.818700000000000000e+04
1.682500000000000000e+04
1.271000000000000000e+04
1.244200000000000000e+04
1.514700000000000000e+04
1.883700000000000000e+04
2.559500000000000000e+04
3.192100000000000000e+04
2.759300000000000000e+04
1.623600000000000000e+04
1.278300000000000000e+04
1.776900000000000000e+04
2.033300000000000000e+04
1.939800000000000000e+04
3.020500000000000000e+04
3.136300000000000000e+04
3.550800000000000000e+04
5.416400000000000000e+04
4.014100000000000000e+04
3.467500000000000000e+04
2.792200000000000000e+04
2.062300000000000000e+04
2.588900000000000000e+04
2.407000000000000000e+04
4.147500000000000000e+04
3.426400000000000000e+04
4.619100000000000000e+04
5.261700000000000000e+04
3.128700000000000000e+04
3.071300000000000000e+04
2.023900000000000000e+04
2.587800000000000000e+04
2.563500000000000000e+04
3.643800000000000000e+04
4.224200000000000000e+04
5.147700000000000000e+04
9.015900000000000000e+04
5.934500000000000000e+04
3.882700000000000000e+04
4.026200000000000000e+04
2.845100000000000000e+04
3.658100000000000000e+04
4.127200000000000000e+04
6.350700000000000000e+04
6.504000000000000000e+04
4.638100000000000000e+04
2.952000000000000000e+04
2.630600000000000000e+04
2.777600000000000000e+04
2.081600000000000000e+04
3.264700000000000000e+04
3.683800000000000000e+04
5.080700000000000000e+04
6.520400000000000000e+04
6.092400000000000000e+04
5.009900000000000000e+04
3.117500000000000000e+04
3.036100000000000000e+04
2.400000000000000000e+04
2.110900000000000000e+04
3.186600000000000000e+04
3.712100000000000000e+04
5.359800000000000000e+04
5.606900000000000000e+04
4.086000000000000000e+04
2.927900000000000000e+04
2.287400000000000000e+04
2.758000000000000000e+04
1.990600000000000000e+04
2.479400000000000000e+04
3.162200000000000000e+04
3.863700000000000000e+04
5.453100000000000000e+04
4.062800000000000000e+04
4.329500000000000000e+04
4.078100000000000000e+04
3.051500000000000000e+04
2.962000000000000000e+04
2.039000000000000000e+04
2.822500000000000000e+04
2.858300000000000000e+04
4.434600000000000000e+04
4.660800000000000000e+04
3.769200000000000000e+04
4.221200000000000000e+04
3.232700000000000000e+04
3.035700000000000000e+04
1.992100000000000000e+04
1.904900000000000000e+04
2.149500000000000000e+04
2.346600000000000000e+04
3.310400000000000000e+04
3.066500000000000000e+04
4.149600000000000000e+04
4.009100000000000000e+04
2.587900000000000000e+04
2.079300000000000000e+04
1.394700000000000000e+04
1.078900000000000000e+04
1.041800000000000000e+04
1.370700000000000000e+04
2.547900000000000000e+04
4.372800000000000000e+04
5.057300000000000000e+04
3.010500000000000000e+04
1.648900000000000000e+04
2.254400000000000000e+04
2.643900000000000000e+04
2.644400000000000000e+04
3.299900000000000000e+04
4.152100000000000000e+04
4.747700000000000000e+04
4.496700000000000000e+04
3.488400000000000000e+04
3.077500000000000000e+04
2.265100000000000000e+04
1.756900000000000000e+04
2.357600000000000000e+04
2.582600000000000000e+04
3.231900000000000000e+04
4.319000000000000000e+04
4.126800000000000000e+04
3.209300000000000000e+04
2.793500000000000000e+04
2.573500000000000000e+04
1.798200000000000000e+04
1.988500000000000000e+04
2.519900000000000000e+04
2.465100000000000000e+04
3.897200000000000000e+04
4.479900000000000000e+04
3.965300000000000000e+04
4.003300000000000000e+04
3.485500000000000000e+04
2.450100000000000000e+04
1.597300000000000000e+04
1.820100000000000000e+04
1.874400000000000000e+04
2.726800000000000000e+04
4.009900000000000000e+04
3.491000000000000000e+04
3.459400000000000000e+04
3.517700000000000000e+04
2.514400000000000000e+04
1.571800000000000000e+04
1.189300000000000000e+04
1.463500000000000000e+04
1.662200000000000000e+04
2.547900000000000000e+04
3.002600000000000000e+04
2.657300000000000000e+04
2.843600000000000000e+04
2.562900000000000000e+04
1.761100000000000000e+04
1.260600000000000000e+04
1.129400000000000000e+04
1.345000000000000000e+04
1.638300000000000000e+04
2.248600000000000000e+04
2.522900000000000000e+04
2.906600000000000000e+04
2.999500000000000000e+04
2.305900000000000000e+04
1.933000000000000000e+04
1.527300000000000000e+04
1.580500000000000000e+04
2.297600000000000000e+04
2.735300000000000000e+04
4.673100000000000000e+04
7.774600000000000000e+04
7.420200000000000000e+04
4.162600000000000000e+04
1.903600000000000000e+04
1.192100000000000000e+04
1.224300000000000000e+04
1.544800000000000000e+04
1.818900000000000000e+04
2.551900000000000000e+04
4.646200000000000000e+04
7.274900000000000000e+04
6.643500000000000000e+04
3.342200000000000000e+04
1.605100000000000000e+04
1.287600000000000000e+04
1.217600000000000000e+04
1.185900000000000000e+04
1.782400000000000000e+04
3.566000000000000000e+04
6.299600000000000000e+04
8.033000000000000000e+04
5.890800000000000000e+04
2.448700000000000000e+04
1.800400000000000000e+04
1.552100000000000000e+04
1.133200000000000000e+04
1.285000000000000000e+04
1.290200000000000000e+04
2.084200000000000000e+04
2.868400000000000000e+04
2.675100000000000000e+04
2.359000000000000000e+04
1.942000000000000000e+04
1.346700000000000000e+04
1.124200000000000000e+04
1.287200000000000000e+04
1.629800000000000000e+04
2.143500000000000000e+04
2.840400000000000000e+04
3.602100000000000000e+04
3.658500000000000000e+04
2.475400000000000000e+04
1.341900000000000000e+04
1.306500000000000000e+04
1.448900000000000000e+04
1.353700000000000000e+04
1.725500000000000000e+04
2.638100000000000000e+04
3.252800000000000000e+04
3.196200000000000000e+04
2.648100000000000000e+04
1.762100000000000000e+04
1.352400000000000000e+04
1.552200000000000000e+04
1.611900000000000000e+04
1.912000000000000000e+04
2.551900000000000000e+04
3.280900000000000000e+04
3.556700000000000000e+04
3.072400000000000000e+04
2.581400000000000000e+04
2.062700000000000000e+04
1.531100000000000000e+04
1.738700000000000000e+04
2.018900000000000000e+04
2.270000000000000000e+04
4.536800000000000000e+04
7.317400000000000000e+04
7.367400000000000000e+04
4.904900000000000000e+04
2.316000000000000000e+04
1.301300000000000000e+04
1.455700000000000000e+04
1.671300000000000000e+04
1.819000000000000000e+04
2.765000000000000000e+04
4.836800000000000000e+04
6.108500000000000000e+04
5.221600000000000000e+04
2.951200000000000000e+04
1.440700000000000000e+04
1.097600000000000000e+04
1.209600000000000000e+04
1.209400000000000000e+04
1.524400000000000000e+04
2.690600000000000000e+04
4.184600000000000000e+04
4.558300000000000000e+04
3.484800000000000000e+04
1.870700000000000000e+04
1.095300000000000000e+04
1.102300000000000000e+04
1.236000000000000000e+04
1.209100000000000000e+04
1.587500000000000000e+04
2.463900000000000000e+04
3.142200000000000000e+04
3.059000000000000000e+04
2.367100000000000000e+04
1.494200000000000000e+04
1.074100000000000000e+04
1.202200000000000000e+04
1.506500000000000000e+04
1.705600000000000000e+04
2.329300000000000000e+04
3.436700000000000000e+04
3.810200000000000000e+04
3.081100000000000000e+04
2.036100000000000000e+04
1.296000000000000000e+04
1.087200000000000000e+04
1.346900000000000000e+04
1.867100000000000000e+04
2.342300000000000000e+04
2.852500000000000000e+04
3.548400000000000000e+04
3.513200000000000000e+04
2.466300000000000000e+04
1.381000000000000000e+04
1.065200000000000000e+04
1.042500000000000000e+04
9.997000000000000000e+03
1.099200000000000000e+04
1.503100000000000000e+04
2.059000000000000000e+04
2.246400000000000000e+04
1.990500000000000000e+04
1.766700000000000000e+04
1.416300000000000000e+04
1.066800000000000000e+04
1.116400000000000000e+04
1.402700000000000000e+04
1.648800000000000000e+04
2.399700000000000000e+04
3.684900000000000000e+04
4.307700000000000000e+04
3.569400000000000000e+04
2.098900000000000000e+04
1.269300000000000000e+04
1.296200000000000000e+04
1.367000000000000000e+04
1.360900000000000000e+04
1.981400000000000000e+04
3.397100000000000000e+04
4.558300000000000000e+04
4.067900000000000000e+04
2.397300000000000000e+04
1.298100000000000000e+04
1.234700000000000000e+04
1.392200000000000000e+04
1.313600000000000000e+04
1.491200000000000000e+04
2.476000000000000000e+04
3.686500000000000000e+04
4.131900000000000000e+04
3.121200000000000000e+04
1.797400000000000000e+04
1.212500000000000000e+04
1.376100000000000000e+04
1.537600000000000000e+04
1.555300000000000000e+04
1.854000000000000000e+04
2.565200000000000000e+04
3.046100000000000000e+04
2.882700000000000000e+04
2.165900000000000000e+04
1.395200000000000000e+04
1.018300000000000000e+04
1.060500000000000000e+04
1.221000000000000000e+04
1.284900000000000000e+04
1.545700000000000000e+04
2.242900000000000000e+04
2.924700000000000000e+04
2.721800000000000000e+04
1.892200000000000000e+04
1.178100000000000000e+04
9.505000000000000000e+03
1.022500000000000000e+04
1.152800000000000000e+04
1.288100000000000000e+04
1.625000000000000000e+04
2.150800000000000000e+04
2.539300000000000000e+04
2.366200000000000000e+04
1.619300000000000000e+04
1.112200000000000000e+04
1.234800000000000000e+04
1.424400000000000000e+04
1.460300000000000000e+04
1.704200000000000000e+04
2.497900000000000000e+04
3.426100000000000000e+04
3.269100000000000000e+04
