1.005780000000000000e+05
1.127540000000000000e+05
8.359300000000000000e+04
4.189300000000000000e+04
1.772100000000000000e+04
1.036600000000000000e+04
1.076700000000000000e+04
1.460200000000000000e+04
2.631200000000000000e+04
3.688100000000000000e+04
2.791000000000000000e+04
2.828000000000000000e+04
5.384900000000000000e+04
5.190100000000000000e+04
2.376600000000000000e+04
2.199200000000000000e+04
2.593600000000000000e+04
1.817700000000000000e+04
2.310600000000000000e+04
2.705200000000000000e+04
1.776900000000000000e+04
2.371900000000000000e+04
3.887500000000000000e+04
3.249700000000000000e+04
1.843100000000000000e+04
2.055000000000000000e+04
1.978000000000000000e+04
1.576600000000000000e+04
2.317100000000000000e+04
2.164800000000000000e+04
2.134300000000000000e+04
4.643200000000000000e+04
5.974000000000000000e+04
3.712800000000000000e+04
2.854500000000000000e+04
4.502900000000000000e+04
4.600500000000000000e+04
6.218500000000000000e+04
1.510790000000000000e+05
2.238560000000000000e+05
1.725320000000000000e+05
7.037900000000000000e+04
2.361300000000000000e+04
2.070500000000000000e+04
2.702500000000000000e+04
3.160100000000000000e+04
4.487300000000000000e+04
8.760900000000000000e+04
1.333450000000000000e+05
1.358690000000000000e+05
9.139400000000000000e+04
4.024900000000000000e+04
2.022200000000000000e+04
2.949200000000000000e+04
3.436800000000000000e+04
3.874000000000000000e+04
7.537000000000000000e+04
1.302920000000000000e+05
1.535660000000000000e+05
1.240200000000000000e+05
6.695800000000000000e+04
2.704800000000000000e+04
2.135500000000000000e+04
2.572000000000000000e+04
2.102200000000000000e+04
2.977100000000000000e+04
6.464800000000000000e+04
8.740100000000000000e+04
7.650700000000000000e+04
5.514900000000000000e+04
3.451700000000000000e+04
1.838100000000000000e+04
1.973800000000000000e+04
2.508400000000000000e+04
3.042300000000000000e+04
5.511500000000000000e+04
7.803100000000000000e+04
7.210900000000000000e+04
5.522200000000000000e+04
4.315900000000000000e+04
2.795100000000000000e+04
1.663600000000000000e+04
2.352400000000000000e+04
2.867000000000000000e+04
3.451500000000000000e+04
6.477300000000000000e+04
7.834400000000000000e+04
5.591400000000000000e+04
4.351700000000000000e+04
3.664800000000000000e+04
2.015500000000000000e+04
1.120600000000000000e+04
9.399000000000000000e+03
9.737000000000000000e+03
1.498300000000000000e+04
3.539300000000000000e+04
6.681700000000000000e+04
8.058400000000000000e+04
7.629200000000000000e+04
6.089600000000000000e+04
3.297700000000000000e+04
1.855800000000000000e+04
2.503400000000000000e+04
3.416600000000000000e+04
6.581300000000000000e+04
1.281410000000000000e+05
1.726230000000000000e+05
1.490300000000000000e+05
7.749900000000000000e+04
3.062800000000000000e+04
2.645000000000000000e+04
2.371900000000000000e+04
2.218800000000000000e+04
4.556800000000000000e+04
7.724400000000000000e+04
1.071530000000000000e+05
1.282530000000000000e+05
1.021080000000000000e+05
4.415400000000000000e+04
2.350100000000000000e+04
2.513600000000000000e+04
1.869900000000000000e+04
2.854100000000000000e+04
5.181000000000000000e+04
7.430500000000000000e+04
1.008680000000000000e+05
1.052180000000000000e+05
6.562100000000000000e+04
2.489300000000000000e+04
1.606800000000000000e+04
1.671400000000000000e+04
2.016600000000000000e+04
3.426200000000000000e+04
5.059600000000000000e+04
6.057200000000000000e+04
6.000700000000000000e+04
4.519100000000000000e+04
2.577700000000000000e+04
1.481700000000000000e+04
1.662100000000000000e+04
2.422200000000000000e+04
2.545000000000000000e+04
3.392900000000000000e+04
5.382100000000000000e+04
5.325500000000000000e+04
3.539600000000000000e+04
2.682500000000000000e+04
2.180500000000000000e+04
1.518100000000000000e+04
1.668100000000000000e+04
2.038000000000000000e+04
2.455000000000000000e+04
4.347200000000000000e+04
5.434700000000000000e+04
4.117900000000000000e+04
2.935600000000000000e+04
2.362600000000000000e+04
1.461000000000000000e+04
9.851000000000000000e+03
1.034100000000000000e+04
1.287000000000000000e+04
2.254700000000000000e+04
4.691100000000000000e+04
7.531200000000000000e+04
8.013700000000000000e+04
5.122400000000000000e+04
2.096800000000000000e+04
1.331500000000000000e+04
1.182100000000000000e+04
1.048400000000000000e+04
1.493600000000000000e+04
2.208800000000000000e+04
3.298000000000000000e+04
5.364200000000000000e+04
6.119900000000000000e+04
3.507700000000000000e+04
1.607400000000000000e+04
1.637300000000000000e+04
1.287000000000000000e+04
1.136400000000000000e+04
1.465900000000000000e+04
2.024200000000000000e+04
3.254800000000000000e+04
4.538100000000000000e+04
3.754700000000000000e+04
1.761500000000000000e+04
1.197800000000000000e+04
1.160800000000000000e+04
9.105000000000000000e+03
9.366000000000000000e+03
9.833000000000000000e+03
1.455500000000000000e+04
1.880400000000000000e+04
1.544300000000000000e+04
1.523900000000000000e+04
1.635200000000000000e+04
1.160900000000000000e+04
1.270100000000000000e+04
1.550500000000000000e+04
1.586900000000000000e+04
1.898100000000000000e+04
1.915800000000000000e+04
1.630100000000000000e+04
1.490500000000000000e+04
1.375300000000000000e+04
1.057500000000000000e+04
1.040300000000000000e+04
1.334400000000000000e+04
1.278200000000000000e+04
1.385700000000000000e+04
1.628800000000000000e+04
1.299900000000000000e+04
1.048400000000000000e+04
1.153000000000000000e+04
1.265700000000000000e+04
1.078700000000000000e+04
1.265100000000000000e+04
1.577000000000000000e+04
1.860400000000000000e+04
2.951200000000000000e+04
2.885500000000000000e+04
1.846800000000000000e+04
1.248700000000000000e+04
1.183900000000000000e+04
1.170100000000000000e+04
1.056200000000000000e+04
1.327400000000000000e+04
1.669400000000000000e+04
2.713600000000000000e+04
4.095300000000000000e+04
4.232600000000000000e+04
3.202500000000000000e+04
2.200600000000000000e+04
1.559400000000000000e+04
1.032400000000000000e+04
1.219700000000000000e+04
1.466400000000000000e+04
2.306000000000000000e+04
4.035600000000000000e+04
4.928500000000000000e+04
4.605000000000000000e+04
3.119800000000000000e+04
2.101400000000000000e+04
1.405000000000000000e+04
1.167200000000000000e+04
1.781600000000000000e+04
2.141700000000000000e+04
3.316800000000000000e+04
5.000500000000000000e+04
5.235400000000000000e+04
3.964300000000000000e+04
2.500000000000000000e+04
1.646700000000000000e+04
1.124600000000000000e+04
1.479000000000000000e+04
1.935000000000000000e+04
1.984000000000000000e+04
3.117200000000000000e+04
3.982900000000000000e+04
3.180400000000000000e+04
2.054600000000000000e+04
1.635200000000000000e+04
1.441300000000000000e+04
1.112400000000000000e+04
1.323000000000000000e+04
1.723500000000000000e+04
2.603100000000000000e+04
3.982000000000000000e+04
3.698800000000000000e+04
2.192300000000000000e+04
1.749900000000000000e+04
1.897500000000000000e+04
1.650100000000000000e+04
1.213700000000000000e+04
1.623900000000000000e+04
1.771400000000000000e+04
2.317600000000000000e+04
3.593400000000000000e+04
2.803600000000000000e+04
2.129800000000000000e+04
2.770600000000000000e+04
2.281700000000000000e+04
1.413500000000000000e+04
1.156400000000000000e+04
1.127000000000000000e+04
1.553700000000000000e+04
1.929300000000000000e+04
2.607500000000000000e+04
3.564600000000000000e+04
3.393800000000000000e+04
2.506500000000000000e+04
1.594200000000000000e+04
1.102800000000000000e+04
1.227400000000000000e+04
1.750300000000000000e+04
3.134700000000000000e+04
5.610800000000000000e+04
7.950000000000000000e+04
7.699600000000000000e+04
4.345000000000000000e+04
1.674500000000000000e+04
1.105500000000000000e+04
1.087900000000000000e+04
1.062100000000000000e+04
1.654900000000000000e+04
3.748000000000000000e+04
6.563700000000000000e+04
8.119500000000000000e+04
6.829700000000000000e+04
3.529200000000000000e+04
1.546100000000000000e+04
1.250300000000000000e+04
1.255100000000000000e+04
1.511100000000000000e+04
2.698600000000000000e+04
4.434700000000000000e+04
5.962500000000000000e+04
6.125700000000000000e+04
4.287400000000000000e+04
2.246500000000000000e+04
1.305300000000000000e+04
1.467700000000000000e+04
1.896000000000000000e+04
2.293300000000000000e+04
4.288300000000000000e+04
6.142200000000000000e+04
5.851600000000000000e+04
4.601600000000000000e+04
3.008600000000000000e+04
1.647100000000000000e+04
1.173800000000000000e+04
1.400700000000000000e+04
1.366200000000000000e+04
1.560800000000000000e+04
2.785800000000000000e+04
3.277900000000000000e+04
2.659800000000000000e+04
2.801700000000000000e+04
3.076100000000000000e+04
1.920000000000000000e+04
1.364000000000000000e+04
1.669700000000000000e+04
1.606500000000000000e+04
2.542700000000000000e+04
4.503700000000000000e+04
4.300600000000000000e+04
3.518700000000000000e+04
3.731100000000000000e+04
2.540000000000000000e+04
1.371600000000000000e+04
1.265900000000000000e+04
1.585400000000000000e+04
2.266600000000000000e+04
5.004900000000000000e+04
9.060500000000000000e+04
9.365400000000000000e+04
6.346300000000000000e+04
3.355300000000000000e+04
1.553300000000000000e+04
1.336900000000000000e+04
1.472900000000000000e+04
1.435100000000000000e+04
2.489100000000000000e+04
4.822300000000000000e+04
6.386300000000000000e+04
6.782100000000000000e+04
5.047800000000000000e+04
2.269800000000000000e+04
1.432200000000000000e+04
1.506600000000000000e+04
1.275000000000000000e+04
1.454200000000000000e+04
2.757000000000000000e+04
5.184400000000000000e+04
6.564400000000000000e+04
5.752000000000000000e+04
3.954100000000000000e+04
1.913500000000000000e+04
1.507000000000000000e+04
1.474900000000000000e+04
1.972300000000000000e+04
3.402100000000000000e+04
5.376000000000000000e+04
7.049800000000000000e+04
4.848100000000000000e+04
2.434000000000000000e+04
1.848500000000000000e+04
1.614400000000000000e+04
1.449000000000000000e+04
1.410200000000000000e+04
1.958600000000000000e+04
2.399400000000000000e+04
3.154200000000000000e+04
3.460800000000000000e+04
3.136700000000000000e+04
3.821300000000000000e+04
3.479700000000000000e+04
2.014600000000000000e+04
1.928300000000000000e+04
1.855400000000000000e+04
1.698800000000000000e+04
2.760800000000000000e+04
2.919500000000000000e+04
2.201500000000000000e+04
2.749900000000000000e+04
2.981900000000000000e+04
1.802100000000000000e+04
1.329300000000000000e+04
1.811500000000000000e+04
1.526800000000000000e+04
1.590100000000000000e+04
2.451500000000000000e+04
2.178900000000000000e+04
2.307000000000000000e+04
4.603600000000000000e+04
4.598000000000000000e+04
2.421000000000000000e+04
2.530700000000000000e+04
2.342400000000000000e+04
2.663500000000000000e+04
5.228200000000000000e+04
6.540900000000000000e+04
7.407400000000000000e+04
7.377200000000000000e+04
4.393400000000000000e+04
1.924600000000000000e+04
2.017800000000000000e+04
1.778000000000000000e+04
2.123900000000000000e+04
4.119100000000000000e+04
5.959200000000000000e+04
8.130000000000000000e+04
9.840900000000000000e+04
8.199000000000000000e+04
4.012900000000000000e+04
2.119600000000000000e+04
2.366600000000000000e+04
1.978900000000000000e+04
3.240800000000000000e+04
5.849400000000000000e+04
8.217200000000000000e+04
1.042270000000000000e+05
9.271600000000000000e+04
5.210800000000000000e+04
2.075200000000000000e+04
1.482500000000000000e+04
1.771300000000000000e+04
1.795700000000000000e+04
3.244100000000000000e+04
5.151000000000000000e+04
5.763300000000000000e+04
5.953900000000000000e+04
5.167100000000000000e+04
2.976700000000000000e+04
1.406100000000000000e+04
1.626100000000000000e+04
1.955000000000000000e+04
2.117500000000000000e+04
3.622900000000000000e+04
5.609000000000000000e+04
5.665800000000000000e+04
5.013800000000000000e+04
4.188400000000000000e+04
2.251100000000000000e+04
1.219300000000000000e+04
1.356900000000000000e+04
1.177100000000000000e+04
1.107000000000000000e+04
1.698800000000000000e+04
2.327900000000000000e+04
3.302700000000000000e+04
5.890200000000000000e+04
5.982600000000000000e+04
2.990700000000000000e+04
2.256200000000000000e+04
1.927300000000000000e+04
1.821300000000000000e+04
2.329100000000000000e+04
4.783700000000000000e+04
7.656500000000000000e+04
4.984900000000000000e+04
1.915700000000000000e+04
1.407500000000000000e+04
2.115500000000000000e+04
1.932200000000000000e+04
2.270300000000000000e+04
3.609500000000000000e+04
4.627500000000000000e+04
6.843800000000000000e+04
6.609800000000000000e+04
4.544400000000000000e+04
2.971200000000000000e+04
1.687900000000000000e+04
1.249000000000000000e+04
1.777500000000000000e+04
1.897500000000000000e+04
3.144800000000000000e+04
5.515700000000000000e+04
5.695000000000000000e+04
5.118100000000000000e+04
4.176700000000000000e+04
2.412900000000000000e+04
1.310000000000000000e+04
1.581900000000000000e+04
2.104100000000000000e+04
1.994700000000000000e+04
3.284900000000000000e+04
4.473600000000000000e+04
3.719400000000000000e+04
3.857300000000000000e+04
3.426300000000000000e+04
1.807400000000000000e+04
1.304400000000000000e+04
1.850800000000000000e+04
1.898300000000000000e+04
2.065600000000000000e+04
3.627800000000000000e+04
3.727400000000000000e+04
3.089400000000000000e+04
3.867700000000000000e+04
3.485000000000000000e+04
2.003700000000000000e+04
1.785000000000000000e+04
2.049700000000000000e+04
1.709200000000000000e+04
2.566400000000000000e+04
3.492300000000000000e+04
3.124800000000000000e+04
4.292600000000000000e+04
5.201300000000000000e+04
3.515300000000000000e+04
1.901400000000000000e+04
1.723800000000000000e+04
1.523500000000000000e+04
1.181700000000000000e+04
1.566800000000000000e+04
1.868500000000000000e+04
2.669600000000000000e+04
4.534500000000000000e+04
4.958000000000000000e+04
3.257100000000000000e+04
1.863400000000000000e+04
2.032200000000000000e+04
2.000700000000000000e+04
3.267100000000000000e+04
6.631800000000000000e+04
7.604800000000000000e+04
7.026300000000000000e+04
5.055800000000000000e+04
2.297500000000000000e+04
1.248800000000000000e+04
1.444100000000000000e+04
1.545200000000000000e+04
2.197200000000000000e+04
4.855100000000000000e+04
7.775500000000000000e+04
8.852600000000000000e+04
7.611900000000000000e+04
4.143400000000000000e+04
1.730000000000000000e+04
1.600700000000000000e+04
1.563200000000000000e+04
1.351200000000000000e+04
2.373100000000000000e+04
4.227600000000000000e+04
5.832700000000000000e+04
6.556700000000000000e+04
5.227400000000000000e+04
2.805600000000000000e+04
1.754400000000000000e+04
2.220700000000000000e+04
1.731100000000000000e+04
2.664100000000000000e+04
3.297100000000000000e+04
5.807700000000000000e+04
6.730400000000000000e+04
3.432600000000000000e+04
1.621800000000000000e+04
1.571700000000000000e+04
2.041900000000000000e+04
1.629600000000000000e+04
2.096400000000000000e+04
2.540100000000000000e+04
2.616500000000000000e+04
3.183200000000000000e+04
2.317100000000000000e+04
2.771600000000000000e+04
4.292600000000000000e+04
3.137800000000000000e+04
2.286700000000000000e+04
2.258100000000000000e+04
1.641400000000000000e+04
2.296800000000000000e+04
2.671800000000000000e+04
2.187900000000000000e+04
2.204200000000000000e+04
3.275200000000000000e+04
3.381900000000000000e+04
1.946700000000000000e+04
2.073900000000000000e+04
2.158500000000000000e+04
1.834600000000000000e+04
2.715500000000000000e+04
2.394300000000000000e+04
1.828500000000000000e+04
2.871300000000000000e+04
3.859000000000000000e+04
2.917400000000000000e+04
1.823400000000000000e+04
2.367500000000000000e+04
2.257000000000000000e+04
2.946700000000000000e+04
5.313100000000000000e+04
4.744100000000000000e+04
4.144400000000000000e+04
4.402600000000000000e+04
2.890400000000000000e+04
1.606100000000000000e+04
1.727400000000000000e+04
1.986800000000000000e+04
2.070900000000000000e+04
3.717800000000000000e+04
5.512500000000000000e+04
4.692200000000000000e+04
4.079300000000000000e+04
3.551300000000000000e+04
1.902700000000000000e+04
1.551500000000000000e+04
1.769200000000000000e+04
1.731800000000000000e+04
2.020300000000000000e+04
3.605400000000000000e+04
4.567000000000000000e+04
3.804600000000000000e+04
4.253100000000000000e+04
3.390500000000000000e+04
1.885700000000000000e+04
2.182500000000000000e+04
1.749900000000000000e+04
1.518000000000000000e+04
2.060300000000000000e+04
2.975000000000000000e+04
2.764600000000000000e+04
2.855900000000000000e+04
4.378200000000000000e+04
3.238800000000000000e+04
1.823600000000000000e+04
1.954400000000000000e+04
1.381900000000000000e+04
1.212400000000000000e+04
1.539500000000000000e+04
1.849600000000000000e+04
3.019300000000000000e+04
5.868900000000000000e+04
6.471400000000000000e+04
3.899600000000000000e+04
2.789000000000000000e+04
2.149800000000000000e+04
1.504400000000000000e+04
1.340000000000000000e+04
1.572400000000000000e+04
1.808900000000000000e+04
4.128500000000000000e+04
7.606900000000000000e+04
6.026800000000000000e+04
3.147100000000000000e+04
2.818300000000000000e+04
2.006300000000000000e+04
3.287400000000000000e+04
4.537900000000000000e+04
6.061800000000000000e+04
5.918700000000000000e+04
2.815800000000000000e+04
1.644400000000000000e+04
2.218900000000000000e+04
3.332400000000000000e+04
2.739400000000000000e+04
4.328800000000000000e+04
4.932200000000000000e+04
7.130100000000000000e+04
8.911000000000000000e+04
5.708000000000000000e+04
4.736600000000000000e+04
4.073700000000000000e+04
2.559700000000000000e+04
2.332800000000000000e+04
1.949500000000000000e+04
2.693100000000000000e+04
3.741900000000000000e+04
5.700500000000000000e+04
6.517600000000000000e+04
4.541000000000000000e+04
3.585300000000000000e+04
2.371700000000000000e+04
2.220800000000000000e+04
2.215500000000000000e+04
1.652000000000000000e+04
2.176500000000000000e+04
2.322600000000000000e+04
2.888500000000000000e+04
2.823000000000000000e+04
3.002000000000000000e+04
3.455900000000000000e+04
2.381100000000000000e+04
2.151600000000000000e+04
1.977900000000000000e+04
1.872400000000000000e+04
2.562600000000000000e+04
2.636000000000000000e+04
2.520100000000000000e+04
2.034500000000000000e+04
3.018700000000000000e+04
3.130200000000000000e+04
2.122500000000000000e+04
2.183300000000000000e+04
1.873000000000000000e+04
2.173100000000000000e+04
2.868300000000000000e+04
2.735500000000000000e+04
2.400500000000000000e+04
3.111300000000000000e+04
4.020700000000000000e+04
3.274100000000000000e+04
2.357200000000000000e+04
1.961400000000000000e+04
1.390000000000000000e+04
1.536400000000000000e+04
1.634400000000000000e+04
1.900400000000000000e+04
3.222900000000000000e+04
4.694600000000000000e+04
4.454700000000000000e+04
2.973000000000000000e+04
2.628900000000000000e+04
2.598300000000000000e+04
2.830300000000000000e+04
4.651000000000000000e+04
4.951900000000000000e+04
5.416500000000000000e+04
4.819700000000000000e+04
3.214400000000000000e+04
2.035200000000000000e+04
1.716000000000000000e+04
2.275200000000000000e+04
2.183600000000000000e+04
3.598000000000000000e+04
5.649800000000000000e+04
6.682000000000000000e+04
6.320000000000000000e+04
3.571500000000000000e+04
1.654000000000000000e+04
1.145200000000000000e+04
1.333700000000000000e+04
1.734600000000000000e+04
2.250500000000000000e+04
4.188200000000000000e+04
6.005600000000000000e+04
6.175000000000000000e+04
4.578700000000000000e+04
2.405600000000000000e+04
1.279800000000000000e+04
1.483500000000000000e+04
1.394100000000000000e+04
1.731600000000000000e+04
2.195900000000000000e+04
2.929200000000000000e+04
5.154300000000000000e+04
4.354500000000000000e+04
2.074400000000000000e+04
1.260500000000000000e+04
1.603700000000000000e+04
1.678900000000000000e+04
1.495300000000000000e+04
2.312000000000000000e+04
2.556800000000000000e+04
3.251800000000000000e+04
2.818800000000000000e+04
2.812000000000000000e+04
3.865800000000000000e+04
3.619200000000000000e+04
2.610100000000000000e+04
2.125400000000000000e+04
2.324100000000000000e+04
2.416200000000000000e+04
3.537400000000000000e+04
3.687700000000000000e+04
3.372000000000000000e+04
3.305900000000000000e+04
2.899900000000000000e+04
2.317700000000000000e+04
1.875700000000000000e+04
2.130200000000000000e+04
1.967300000000000000e+04
2.190500000000000000e+04
2.799900000000000000e+04
2.474900000000000000e+04
3.478400000000000000e+04
3.622800000000000000e+04
2.747400000000000000e+04
2.731100000000000000e+04
2.180900000000000000e+04
2.987000000000000000e+04
3.314300000000000000e+04
4.931600000000000000e+04
6.638200000000000000e+04
5.575800000000000000e+04
4.688400000000000000e+04
2.950400000000000000e+04
1.966200000000000000e+04
1.306600000000000000e+04
1.540000000000000000e+04
2.435200000000000000e+04
3.853700000000000000e+04
6.258300000000000000e+04
7.510500000000000000e+04
6.206100000000000000e+04
3.845500000000000000e+04
2.287400000000000000e+04
1.626100000000000000e+04
1.224400000000000000e+04
1.558400000000000000e+04
2.368000000000000000e+04
3.975600000000000000e+04
5.950000000000000000e+04
6.326400000000000000e+04
4.592400000000000000e+04
2.515400000000000000e+04
1.682500000000000000e+04
1.354700000000000000e+04
1.179800000000000000e+04
1.568800000000000000e+04
2.292400000000000000e+04
3.972600000000000000e+04
4.815500000000000000e+04
4.167500000000000000e+04
2.998900000000000000e+04
1.817300000000000000e+04
1.538000000000000000e+04
1.424000000000000000e+04
1.255700000000000000e+04
1.403500000000000000e+04
2.155800000000000000e+04
3.063800000000000000e+04
3.360500000000000000e+04
4.476000000000000000e+04
4.267000000000000000e+04
2.736400000000000000e+04
2.738500000000000000e+04
1.736800000000000000e+04
1.859000000000000000e+04
1.800000000000000000e+04
3.090700000000000000e+04
3.528700000000000000e+04
4.095500000000000000e+04
5.302600000000000000e+04
3.445200000000000000e+04
2.378800000000000000e+04
2.715400000000000000e+04
1.736600000000000000e+04
2.291200000000000000e+04
1.959900000000000000e+04
1.933500000000000000e+04
4.325400000000000000e+04
5.013600000000000000e+04
2.709700000000000000e+04
2.122200000000000000e+04
2.035100000000000000e+04
2.638500000000000000e+04
2.399900000000000000e+04
4.032100000000000000e+04
4.854800000000000000e+04
7.632200000000000000e+04
6.086900000000000000e+04
3.700900000000000000e+04
2.516000000000000000e+04
2.438100000000000000e+04
1.549700000000000000e+04
1.637000000000000000e+04
2.196200000000000000e+04
3.216200000000000000e+04
4.663600000000000000e+04
5.590200000000000000e+04
4.397000000000000000e+04
3.492500000000000000e+04
2.437800000000000000e+04
2.620300000000000000e+04
1.665100000000000000e+04
2.142100000000000000e+04
2.578300000000000000e+04
3.839500000000000000e+04
5.404800000000000000e+04
5.370200000000000000e+04
4.140800000000000000e+04
2.767700000000000000e+04
2.237300000000000000e+04
2.047100000000000000e+04
1.690900000000000000e+04
2.490400000000000000e+04
2.741400000000000000e+04
3.909700000000000000e+04
4.299100000000000000e+04
3.943600000000000000e+04
3.526600000000000000e+04
2.285000000000000000e+04
2.425400000000000000e+04
1.909800000000000000e+04
1.998700000000000000e+04
2.346300000000000000e+04
2.812700000000000000e+04
3.779400000000000000e+04
3.779800000000000000e+04
4.498700000000000000e+04
3.994100000000000000e+04
2.943600000000000000e+04
3.163500000000000000e+04
2.236900000000000000e+04
2.923700000000000000e+04
2.742500000000000000e+04
3.871400000000000000e+04
4.166800000000000000e+04
4.976300000000000000e+04
6.365100000000000000e+04
4.038700000000000000e+04
4.003000000000000000e+04
3.954600000000000000e+04
3.585300000000000000e+04
5.436600000000000000e+04
5.821400000000000000e+04
8.613500000000000000e+04
7.064700000000000000e+04
4.482600000000000000e+04
2.349700000000000000e+04
2.408100000000000000e+04
2.185900000000000000e+04
1.969600000000000000e+04
3.368300000000000000e+04
4.709300000000000000e+04
6.746600000000000000e+04
8.107000000000000000e+04
6.254400000000000000e+04
3.569000000000000000e+04
2.434400000000000000e+04
2.658700000000000000e+04
1.800600000000000000e+04
2.453200000000000000e+04
3.583800000000000000e+04
5.179500000000000000e+04
6.638100000000000000e+04
6.573100000000000000e+04
4.333300000000000000e+04
2.063800000000000000e+04
1.752300000000000000e+04
1.879400000000000000e+04
1.237700000000000000e+04
1.321300000000000000e+04
1.127900000000000000e+04
1.144200000000000000e+04
1.904400000000000000e+04
4.416300000000000000e+04
5.013600000000000000e+04
2.989600000000000000e+04
1.798600000000000000e+04
2.759900000000000000e+04
2.832100000000000000e+04
3.375800000000000000e+04
4.689500000000000000e+04
5.102200000000000000e+04
5.615300000000000000e+04
3.147200000000000000e+04
2.129200000000000000e+04
2.386300000000000000e+04
3.263900000000000000e+04
2.225400000000000000e+04
3.172600000000000000e+04
3.561900000000000000e+04
4.437800000000000000e+04
5.374200000000000000e+04
4.963300000000000000e+04
2.872400000000000000e+04
1.650000000000000000e+04
2.337200000000000000e+04
2.778100000000000000e+04
2.435500000000000000e+04
3.852000000000000000e+04
3.981200000000000000e+04
5.240200000000000000e+04
5.269300000000000000e+04
3.813900000000000000e+04
2.181400000000000000e+04
1.622700000000000000e+04
2.631500000000000000e+04
2.394700000000000000e+04
3.213800000000000000e+04
4.238600000000000000e+04
4.626700000000000000e+04
6.294200000000000000e+04
5.484700000000000000e+04
4.557500000000000000e+04
3.880200000000000000e+04
3.463500000000000000e+04
2.024600000000000000e+04
2.147600000000000000e+04
2.931000000000000000e+04
3.619400000000000000e+04
4.960100000000000000e+04
6.015200000000000000e+04
5.300600000000000000e+04
3.541600000000000000e+04
2.628900000000000000e+04
2.286800000000000000e+04
1.641100000000000000e+04
2.077100000000000000e+04
2.761100000000000000e+04
3.695800000000000000e+04
5.482100000000000000e+04
5.562500000000000000e+04
3.885100000000000000e+04
2.524800000000000000e+04
2.297300000000000000e+04
1.787600000000000000e+04
1.499000000000000000e+04
2.039000000000000000e+04
2.754500000000000000e+04
4.275200000000000000e+04
5.872100000000000000e+04
5.263400000000000000e+04
3.335600000000000000e+04
2.066100000000000000e+04
2.021100000000000000e+04
1.587100000000000000e+04
1.757200000000000000e+04
2.288500000000000000e+04
3.231000000000000000e+04
4.784400000000000000e+04
5.602700000000000000e+04
4.078300000000000000e+04
2.103900000000000000e+04
1.331000000000000000e+04
1.618500000000000000e+04
1.482500000000000000e+04
1.898000000000000000e+04
2.388900000000000000e+04
3.424200000000000000e+04
4.621600000000000000e+04
4.314500000000000000e+04
3.246800000000000000e+04
2.231500000000000000e+04
1.675900000000000000e+04
2.160400000000000000e+04
1.649300000000000000e+04
1.502200000000000000e+04
1.205900000000000000e+04
1.172300000000000000e+04
2.246200000000000000e+04
4.925900000000000000e+04
4.267600000000000000e+04
1.941000000000000000e+04
1.416400000000000000e+04
1.830900000000000000e+04
1.685100000000000000e+04
2.824000000000000000e+04
3.669200000000000000e+04
5.290400000000000000e+04
6.507400000000000000e+04
6.143600000000000000e+04
4.927600000000000000e+04
4.628100000000000000e+04
2.917800000000000000e+04
2.077400000000000000e+04
2.554500000000000000e+04
3.554300000000000000e+04
5.018400000000000000e+04
5.913500000000000000e+04
6.930600000000000000e+04
5.253100000000000000e+04
3.590600000000000000e+04
3.271700000000000000e+04
1.906900000000000000e+04
2.323400000000000000e+04
3.009500000000000000e+04
4.490700000000000000e+04
5.854300000000000000e+04
6.670300000000000000e+04
5.750500000000000000e+04
3.142900000000000000e+04
2.589900000000000000e+04
2.334400000000000000e+04
1.723400000000000000e+04
2.763000000000000000e+04
3.178700000000000000e+04
4.811300000000000000e+04
5.637500000000000000e+04
5.176000000000000000e+04
3.304100000000000000e+04
1.871800000000000000e+04
2.025100000000000000e+04
1.710100000000000000e+04
1.671200000000000000e+04
2.567100000000000000e+04
3.077700000000000000e+04
4.609100000000000000e+04
4.818300000000000000e+04
3.870700000000000000e+04
2.387100000000000000e+04
1.805700000000000000e+04
2.195500000000000000e+04
1.744500000000000000e+04
2.580500000000000000e+04
3.478100000000000000e+04
4.004600000000000000e+04
5.536500000000000000e+04
4.526400000000000000e+04
2.801000000000000000e+04
1.705100000000000000e+04
1.919300000000000000e+04
2.001100000000000000e+04
1.846200000000000000e+04
3.311100000000000000e+04
3.713700000000000000e+04
4.646100000000000000e+04
5.515300000000000000e+04
3.724500000000000000e+04
2.255200000000000000e+04
1.933700000000000000e+04
2.443300000000000000e+04
1.824000000000000000e+04
2.177600000000000000e+04
3.258000000000000000e+04
3.595800000000000000e+04
4.722300000000000000e+04
4.632000000000000000e+04
2.564400000000000000e+04
1.446100000000000000e+04
1.714600000000000000e+04
1.844500000000000000e+04
1.440700000000000000e+04
2.164200000000000000e+04
2.415200000000000000e+04
2.958900000000000000e+04
3.473400000000000000e+04
2.948900000000000000e+04
1.841200000000000000e+04
1.317500000000000000e+04
1.429500000000000000e+04
1.700700000000000000e+04
1.266200000000000000e+04
1.090600000000000000e+04
1.202200000000000000e+04
1.580200000000000000e+04
3.252000000000000000e+04
4.102900000000000000e+04
2.352600000000000000e+04
1.744600000000000000e+04
1.432600000000000000e+04
1.842500000000000000e+04
1.418300000000000000e+04
1.771700000000000000e+04
1.746100000000000000e+04
1.932300000000000000e+04
1.914200000000000000e+04
2.356200000000000000e+04
3.043500000000000000e+04
3.132000000000000000e+04
2.627400000000000000e+04
1.622900000000000000e+04
1.770700000000000000e+04
1.491500000000000000e+04
1.712600000000000000e+04
1.806000000000000000e+04
1.875000000000000000e+04
2.493200000000000000e+04
2.229500000000000000e+04
2.397900000000000000e+04
2.031000000000000000e+04
1.512500000000000000e+04
1.734100000000000000e+04
1.433800000000000000e+04
1.966300000000000000e+04
1.994600000000000000e+04
3.074800000000000000e+04
3.277200000000000000e+04
2.694200000000000000e+04
3.172100000000000000e+04
2.185500000000000000e+04
2.650800000000000000e+04
3.199000000000000000e+04
3.734100000000000000e+04
4.741600000000000000e+04
3.018000000000000000e+04
1.857800000000000000e+04
1.719700000000000000e+04
2.236400000000000000e+04
1.789700000000000000e+04
2.156400000000000000e+04
3.054200000000000000e+04
3.732900000000000000e+04
4.958100000000000000e+04
4.738600000000000000e+04
2.926900000000000000e+04
1.744600000000000000e+04
2.155600000000000000e+04
2.372200000000000000e+04
1.741000000000000000e+04
2.588300000000000000e+04
2.979300000000000000e+04
3.555800000000000000e+04
4.001800000000000000e+04
2.944400000000000000e+04
1.824400000000000000e+04
1.438700000000000000e+04
1.863500000000000000e+04
1.904000000000000000e+04
1.646800000000000000e+04
2.447800000000000000e+04
2.220900000000000000e+04
2.960000000000000000e+04
2.818700000000000000e+04
2.274300000000000000e+04
2.305400000000000000e+04
2.091500000000000000e+04
2.661500000000000000e+04
1.784900000000000000e+04
1.965700000000000000e+04
2.479100000000000000e+04
2.256300000000000000e+04
3.094300000000000000e+04
2.280900000000000000e+04
1.766500000000000000e+04
2.058800000000000000e+04
2.392700000000000000e+04
1.873100000000000000e+04
1.235200000000000000e+04
1.311000000000000000e+04
1.237800000000000000e+04
1.629200000000000000e+04
1.824700000000000000e+04
1.949800000000000000e+04
2.872100000000000000e+04
3.078500000000000000e+04
2.396500000000000000e+04
1.722400000000000000e+04
1.195200000000000000e+04
1.050700000000000000e+04
1.362800000000000000e+04
1.817900000000000000e+04
3.143800000000000000e+04
2.980300000000000000e+04
1.572000000000000000e+04
1.092000000000000000e+04
1.411000000000000000e+04
1.897400000000000000e+04
1.648500000000000000e+04
2.354900000000000000e+04
2.817000000000000000e+04
3.392800000000000000e+04
3.178300000000000000e+04
2.002800000000000000e+04
1.530400000000000000e+04
1.616300000000000000e+04
1.232000000000000000e+04
1.506600000000000000e+04
2.171500000000000000e+04
2.840700000000000000e+04
4.239900000000000000e+04
4.430000000000000000e+04
3.176200000000000000e+04
1.815100000000000000e+04
1.600100000000000000e+04
1.614100000000000000e+04
1.288900000000000000e+04
1.940600000000000000e+04
2.491600000000000000e+04
2.982700000000000000e+04
3.794300000000000000e+04
2.986500000000000000e+04
2.061000000000000000e+04
1.651600000000000000e+04
1.931900000000000000e+04
2.194900000000000000e+04
1.670900000000000000e+04
2.670600000000000000e+04
2.783700000000000000e+04
3.922900000000000000e+04
3.889100000000000000e+04
2.188400000000000000e+04
1.604700000000000000e+04
1.766000000000000000e+04
2.275400000000000000e+04
1.607400000000000000e+04
2.148700000000000000e+04
2.739300000000000000e+04
3.050200000000000000e+04
3.781300000000000000e+04
2.591600000000000000e+04
1.514700000000000000e+04
1.443800000000000000e+04
2.154100000000000000e+04
2.065400000000000000e+04
1.399100000000000000e+04
2.054200000000000000e+04
2.243000000000000000e+04
2.781400000000000000e+04
2.939300000000000000e+04
1.944500000000000000e+04
1.569200000000000000e+04
1.654000000000000000e+04
1.963600000000000000e+04
1.497000000000000000e+04
1.482900000000000000e+04
1.896600000000000000e+04
1.979300000000000000e+04
2.781900000000000000e+04
2.934900000000000000e+04
2.876400000000000000e+04
2.878300000000000000e+04
2.652900000000000000e+04
1.840900000000000000e+04
1.281200000000000000e+04
1.441800000000000000e+04
1.859100000000000000e+04
2.864700000000000000e+04
3.109400000000000000e+04
3.297600000000000000e+04
3.345000000000000000e+04
2.969100000000000000e+04
2.684600000000000000e+04
1.635000000000000000e+04
1.632700000000000000e+04
1.783000000000000000e+04
2.364400000000000000e+04
3.622800000000000000e+04
3.881000000000000000e+04
3.796100000000000000e+04
2.954600000000000000e+04
2.439600000000000000e+04
1.849500000000000000e+04
1.097000000000000000e+04
1.085400000000000000e+04
9.186000000000000000e+03
9.131000000000000000e+03
9.900000000000000000e+03
1.665800000000000000e+04
2.339100000000000000e+04
1.834700000000000000e+04
1.428900000000000000e+04
2.009700000000000000e+04
1.831700000000000000e+04
2.174400000000000000e+04
2.868900000000000000e+04
3.086100000000000000e+04
3.050900000000000000e+04
1.966400000000000000e+04
1.408900000000000000e+04
1.695700000000000000e+04
1.979900000000000000e+04
1.384500000000000000e+04
2.102300000000000000e+04
2.641300000000000000e+04
3.062500000000000000e+04
3.612900000000000000e+04
2.661200000000000000e+04
1.888900000000000000e+04
1.790000000000000000e+04
1.965300000000000000e+04
1.440900000000000000e+04
1.209400000000000000e+04
1.836100000000000000e+04
2.203200000000000000e+04
2.711500000000000000e+04
3.073900000000000000e+04
2.430900000000000000e+04
1.652800000000000000e+04
1.418900000000000000e+04
1.540700000000000000e+04
1.211200000000000000e+04
1.332000000000000000e+04
1.789500000000000000e+04
2.219000000000000000e+04
3.053700000000000000e+04
3.015400000000000000e+04
2.984500000000000000e+04
2.853800000000000000e+04
2.891100000000000000e+04
1.889800000000000000e+04
1.461500000000000000e+04
1.934700000000000000e+04
2.195300000000000000e+04
3.094000000000000000e+04
3.278500000000000000e+04
3.019400000000000000e+04
2.707500000000000000e+04
2.743700000000000000e+04
2.631300000000000000e+04
1.553100000000000000e+04
1.888700000000000000e+04
2.434900000000000000e+04
3.065100000000000000e+04
3.965800000000000000e+04
3.321900000000000000e+04
2.570200000000000000e+04
2.291700000000000000e+04
2.620200000000000000e+04
2.009200000000000000e+04
1.363900000000000000e+04
2.158100000000000000e+04
2.490700000000000000e+04
2.848500000000000000e+04
3.161100000000000000e+04
2.654200000000000000e+04
1.955500000000000000e+04
1.677300000000000000e+04
1.726000000000000000e+04
1.244700000000000000e+04
1.318200000000000000e+04
2.045600000000000000e+04
2.306900000000000000e+04
2.773100000000000000e+04
2.803000000000000000e+04
1.934200000000000000e+04
1.388200000000000000e+04
1.393600000000000000e+04
1.567500000000000000e+04
1.155200000000000000e+04
1.245400000000000000e+04
1.823600000000000000e+04
2.215800000000000000e+04
3.053800000000000000e+04
2.711900000000000000e+04
1.645900000000000000e+04
1.373500000000000000e+04
1.386700000000000000e+04
1.640000000000000000e+04
1.203100000000000000e+04
8.864000000000000000e+03
8.682000000000000000e+03
9.492000000000000000e+03
1.372600000000000000e+04
2.237400000000000000e+04
2.539200000000000000e+04
1.597100000000000000e+04
1.586900000000000000e+04
2.123100000000000000e+04
1.777000000000000000e+04
2.002100000000000000e+04
2.459000000000000000e+04
2.349500000000000000e+04
2.138100000000000000e+04
1.978700000000000000e+04
2.657900000000000000e+04
3.328700000000000000e+04
2.120800000000000000e+04
1.841300000000000000e+04
2.413700000000000000e+04
2.377200000000000000e+04
3.118700000000000000e+04
2.695600000000000000e+04
2.298600000000000000e+04
2.958500000000000000e+04
3.818300000000000000e+04
2.821200000000000000e+04
1.505800000000000000e+04
1.757100000000000000e+04
1.850700000000000000e+04
1.848000000000000000e+04
2.235900000000000000e+04
1.980100000000000000e+04
1.656200000000000000e+04
1.794700000000000000e+04
2.050100000000000000e+04
1.643800000000000000e+04
1.117100000000000000e+04
1.303400000000000000e+04
1.438700000000000000e+04
1.631200000000000000e+04
1.873900000000000000e+04
1.485000000000000000e+04
1.193600000000000000e+04
1.353400000000000000e+04
1.988800000000000000e+04
1.858100000000000000e+04
1.228300000000000000e+04
1.623800000000000000e+04
1.592900000000000000e+04
1.972100000000000000e+04
2.107900000000000000e+04
1.525300000000000000e+04
1.331400000000000000e+04
1.669700000000000000e+04
1.901200000000000000e+04
1.338700000000000000e+04
1.467800000000000000e+04
1.919000000000000000e+04
1.916100000000000000e+04
2.423500000000000000e+04
2.056500000000000000e+04
1.321100000000000000e+04
1.395800000000000000e+04
1.939700000000000000e+04
1.752700000000000000e+04
1.162400000000000000e+04
1.540100000000000000e+04
1.773800000000000000e+04
1.924200000000000000e+04
2.250700000000000000e+04
2.056600000000000000e+04
1.636000000000000000e+04
1.513400000000000000e+04
1.349100000000000000e+04
1.019900000000000000e+04
1.034000000000000000e+04
1.215800000000000000e+04
1.302100000000000000e+04
1.848900000000000000e+04
2.222500000000000000e+04
2.237800000000000000e+04
2.013400000000000000e+04
1.429700000000000000e+04
1.041700000000000000e+04
8.722000000000000000e+03
1.016300000000000000e+04
1.259700000000000000e+04
1.434400000000000000e+04
2.103200000000000000e+04
2.344900000000000000e+04
2.144500000000000000e+04
2.024000000000000000e+04
1.480000000000000000e+04
1.655200000000000000e+04
1.406800000000000000e+04
1.041500000000000000e+04
1.252800000000000000e+04
1.278400000000000000e+04
1.668900000000000000e+04
1.588900000000000000e+04
1.015500000000000000e+04
9.122000000000000000e+03
1.091700000000000000e+04
1.334100000000000000e+04
1.010300000000000000e+04
9.725000000000000000e+03
1.017900000000000000e+04
1.030100000000000000e+04
1.044800000000000000e+04
1.136000000000000000e+04
1.843500000000000000e+04
2.305500000000000000e+04
1.758900000000000000e+04
1.380300000000000000e+04
1.235500000000000000e+04
9.421000000000000000e+03
1.016700000000000000e+04
1.115000000000000000e+04
1.028800000000000000e+04
1.567400000000000000e+04
2.125600000000000000e+04
1.701800000000000000e+04
1.164000000000000000e+04
9.852000000000000000e+03
8.992000000000000000e+03
8.292000000000000000e+03
9.145000000000000000e+03
9.295000000000000000e+03
1.311900000000000000e+04
2.112000000000000000e+04
2.454700000000000000e+04
2.128700000000000000e+04
1.292200000000000000e+04
1.118300000000000000e+04
1.093600000000000000e+04
1.156800000000000000e+04
1.479700000000000000e+04
1.294700000000000000e+04
1.229500000000000000e+04
1.422800000000000000e+04
1.302700000000000000e+04
1.013000000000000000e+04
1.034600000000000000e+04
1.198600000000000000e+04
1.131500000000000000e+04
1.228700000000000000e+04
1.395100000000000000e+04
1.271100000000000000e+04
1.304200000000000000e+04
1.376000000000000000e+04
1.145000000000000000e+04
9.258000000000000000e+03
9.389000000000000000e+03
9.474000000000000000e+03
9.719000000000000000e+03
1.308100000000000000e+04
1.425100000000000000e+04
1.361000000000000000e+04
1.573400000000000000e+04
1.413600000000000000e+04
1.037800000000000000e+04
9.437000000000000000e+03
9.787000000000000000e+03
9.258000000000000000e+03
1.011400000000000000e+04
1.238600000000000000e+04
1.168600000000000000e+04
1.249600000000000000e+04
1.509200000000000000e+04
1.337100000000000000e+04
9.162000000000000000e+03
9.122000000000000000e+03
9.502000000000000000e+03
9.704000000000000000e+03
1.112000000000000000e+04
1.125700000000000000e+04
1.158700000000000000e+04
1.301000000000000000e+04
1.388900000000000000e+04
1.174100000000000000e+04
9.514000000000000000e+03
9.217000000000000000e+03
8.269000000000000000e+03
8.698000000000000000e+03
1.158100000000000000e+04
1.110600000000000000e+04
1.261200000000000000e+04
1.736400000000000000e+04
1.323600000000000000e+04
1.094500000000000000e+04
1.096200000000000000e+04
1.075700000000000000e+04
1.313300000000000000e+04
1.450100000000000000e+04
1.639300000000000000e+04
1.412500000000000000e+04
9.913000000000000000e+03
8.804000000000000000e+03
1.010900000000000000e+04
1.147500000000000000e+04
1.015600000000000000e+04
1.134500000000000000e+04
1.340100000000000000e+04
1.359500000000000000e+04
1.471700000000000000e+04
1.608700000000000000e+04
1.570900000000000000e+04
1.310200000000000000e+04
9.604000000000000000e+03
9.755000000000000000e+03
1.146500000000000000e+04
1.081200000000000000e+04
1.183400000000000000e+04
1.432700000000000000e+04
1.519600000000000000e+04
1.663800000000000000e+04
1.627800000000000000e+04
1.146900000000000000e+04
8.664000000000000000e+03
9.108000000000000000e+03
9.297000000000000000e+03
9.877000000000000000e+03
1.303700000000000000e+04
1.478700000000000000e+04
1.449400000000000000e+04
1.419900000000000000e+04
1.159800000000000000e+04
9.280000000000000000e+03
8.557000000000000000e+03
8.800000000000000000e+03
8.401000000000000000e+03
1.000200000000000000e+04
1.344800000000000000e+04
1.420200000000000000e+04
1.452300000000000000e+04
1.382800000000000000e+04
1.054600000000000000e+04
8.836000000000000000e+03
9.289000000000000000e+03
8.377000000000000000e+03
8.502000000000000000e+03
9.580000000000000000e+03
9.523000000000000000e+03
1.032400000000000000e+04
1.264900000000000000e+04
1.403400000000000000e+04
1.184800000000000000e+04
9.644000000000000000e+03
1.056300000000000000e+04
9.962000000000000000e+03
9.304000000000000000e+03
1.237800000000000000e+04
1.451000000000000000e+04
1.354700000000000000e+04
1.443300000000000000e+04
1.230200000000000000e+04
9.493000000000000000e+03
1.027500000000000000e+04
1.045600000000000000e+04
1.057200000000000000e+04
1.407100000000000000e+04
1.710900000000000000e+04
1.906600000000000000e+04
2.156200000000000000e+04
1.883200000000000000e+04
1.248900000000000000e+04
1.021100000000000000e+04
1.101000000000000000e+04
1.119700000000000000e+04
1.278400000000000000e+04
1.398700000000000000e+04
1.655600000000000000e+04
2.313400000000000000e+04
2.625900000000000000e+04
1.859500000000000000e+04
1.232000000000000000e+04
1.212000000000000000e+04
1.010900000000000000e+04
1.010000000000000000e+04
1.351700000000000000e+04
1.442400000000000000e+04
1.777200000000000000e+04
2.314500000000000000e+04
1.822600000000000000e+04
1.256000000000000000e+04
1.026700000000000000e+04
7.931000000000000000e+03
7.246000000000000000e+03
6.954000000000000000e+03
7.113000000000000000e+03
7.557000000000000000e+03
9.333000000000000000e+03
1.209600000000000000e+04
1.352500000000000000e+04
1.310800000000000000e+04
9.991000000000000000e+03
8.341000000000000000e+03
9.399000000000000000e+03
9.669000000000000000e+03
1.201100000000000000e+04
1.440900000000000000e+04
1.405500000000000000e+04
1.227000000000000000e+04
9.491000000000000000e+03
8.165000000000000000e+03
8.753000000000000000e+03
8.227000000000000000e+03
7.981000000000000000e+03
9.255000000000000000e+03
1.139900000000000000e+04
1.411200000000000000e+04
1.633500000000000000e+04
1.354800000000000000e+04
9.036000000000000000e+03
8.705000000000000000e+03
9.175000000000000000e+03
8.625000000000000000e+03
9.520000000000000000e+03
1.286400000000000000e+04
1.528000000000000000e+04
1.521900000000000000e+04
1.462200000000000000e+04
1.139700000000000000e+04
8.597000000000000000e+03
9.048000000000000000e+03
9.780000000000000000e+03
9.720000000000000000e+03
1.206500000000000000e+04
1.433500000000000000e+04
1.737800000000000000e+04
2.079200000000000000e+04
1.799000000000000000e+04
1.148800000000000000e+04
1.084800000000000000e+04
1.102800000000000000e+04
9.432000000000000000e+03
1.104700000000000000e+04
1.317700000000000000e+04
1.453000000000000000e+04
1.898000000000000000e+04
1.925200000000000000e+04
1.349800000000000000e+04
1.019100000000000000e+04
9.091000000000000000e+03
8.113000000000000000e+03
8.631000000000000000e+03
1.105100000000000000e+04
1.250500000000000000e+04
1.472400000000000000e+04
1.628800000000000000e+04
1.395400000000000000e+04
1.051100000000000000e+04
8.380000000000000000e+03
7.663000000000000000e+03
7.558000000000000000e+03
8.262000000000000000e+03
9.181000000000000000e+03
9.608000000000000000e+03
1.071800000000000000e+04
1.156300000000000000e+04
1.063300000000000000e+04
8.932000000000000000e+03
8.579000000000000000e+03
8.678000000000000000e+03
8.637000000000000000e+03
9.414000000000000000e+03
1.140700000000000000e+04
1.285300000000000000e+04
1.332900000000000000e+04
1.283800000000000000e+04
1.011800000000000000e+04
8.228000000000000000e+03
8.591000000000000000e+03
8.622000000000000000e+03
7.884000000000000000e+03
8.726000000000000000e+03
1.022300000000000000e+04
1.045700000000000000e+04
1.179300000000000000e+04
1.256200000000000000e+04
1.099900000000000000e+04
9.042000000000000000e+03
7.935000000000000000e+03
7.119000000000000000e+03
7.272000000000000000e+03
7.696000000000000000e+03
8.432000000000000000e+03
1.011800000000000000e+04
1.221600000000000000e+04
1.401400000000000000e+04
1.174800000000000000e+04
8.519000000000000000e+03
8.157000000000000000e+03
9.270000000000000000e+03
9.695000000000000000e+03
1.193600000000000000e+04
1.603600000000000000e+04
1.808100000000000000e+04
1.579400000000000000e+04
1.179200000000000000e+04
9.517000000000000000e+03
9.059000000000000000e+03
8.008000000000000000e+03
8.600000000000000000e+03
1.057800000000000000e+04
1.228700000000000000e+04
1.698600000000000000e+04
2.146600000000000000e+04
1.728500000000000000e+04
1.174200000000000000e+04
1.096300000000000000e+04
9.237000000000000000e+03
8.308000000000000000e+03
1.079900000000000000e+04
1.206600000000000000e+04
1.308900000000000000e+04
1.560400000000000000e+04
1.383300000000000000e+04
9.408000000000000000e+03
8.109000000000000000e+03
8.154000000000000000e+03
8.056000000000000000e+03
9.251000000000000000e+03
1.137700000000000000e+04
1.387400000000000000e+04
1.501600000000000000e+04
1.388200000000000000e+04
1.127000000000000000e+04
8.935000000000000000e+03
8.126000000000000000e+03
8.543000000000000000e+03
8.041000000000000000e+03
8.054000000000000000e+03
9.611000000000000000e+03
1.002000000000000000e+04
9.986000000000000000e+03
1.176200000000000000e+04
1.136300000000000000e+04
8.828000000000000000e+03
8.547000000000000000e+03
8.464000000000000000e+03
7.899000000000000000e+03
9.379000000000000000e+03
1.071100000000000000e+04
1.039900000000000000e+04
9.939000000000000000e+03
8.990000000000000000e+03
7.622000000000000000e+03
7.352000000000000000e+03
8.122000000000000000e+03
8.319000000000000000e+03
9.000000000000000000e+03
1.041000000000000000e+04
1.135300000000000000e+04
1.205900000000000000e+04
1.182500000000000000e+04
9.786000000000000000e+03
8.091000000000000000e+03
8.126000000000000000e+03
7.891000000000000000e+03
7.560000000000000000e+03
8.795000000000000000e+03
1.068800000000000000e+04
1.226500000000000000e+04
1.311300000000000000e+04
1.154900000000000000e+04
8.888000000000000000e+03
8.098000000000000000e+03
8.186000000000000000e+03
7.506000000000000000e+03
8.220000000000000000e+03
9.502000000000000000e+03
9.357000000000000000e+03
9.177000000000000000e+03
9.229000000000000000e+03
8.689000000000000000e+03
7.959000000000000000e+03
7.340000000000000000e+03
7.032000000000000000e+03
7.429000000000000000e+03
7.890000000000000000e+03
7.950000000000000000e+03
8.409000000000000000e+03
8.805000000000000000e+03
9.207000000000000000e+03
9.198000000000000000e+03
8.208000000000000000e+03
7.334000000000000000e+03
7.501000000000000000e+03
8.759000000000000000e+03
1.007900000000000000e+04
1.074600000000000000e+04
1.144900000000000000e+04
1.174000000000000000e+04
1.033100000000000000e+04
8.315000000000000000e+03
7.903000000000000000e+03
8.061000000000000000e+03
7.526000000000000000e+03
7.678000000000000000e+03
8.697000000000000000e+03
8.504000000000000000e+03
8.617000000000000000e+03
9.406000000000000000e+03
8.740000000000000000e+03
7.481000000000000000e+03
7.947000000000000000e+03
8.130000000000000000e+03
8.031000000000000000e+03
9.203000000000000000e+03
9.940000000000000000e+03
9.732000000000000000e+03
1.021700000000000000e+04
9.776000000000000000e+03
8.011000000000000000e+03
7.384000000000000000e+03
7.853000000000000000e+03
8.081000000000000000e+03
8.467000000000000000e+03
1.016800000000000000e+04
1.171000000000000000e+04
1.275100000000000000e+04
1.254000000000000000e+04
9.939000000000000000e+03
7.538000000000000000e+03
7.941000000000000000e+03
8.376000000000000000e+03
8.443000000000000000e+03
9.795000000000000000e+03
1.193500000000000000e+04
1.436100000000000000e+04
1.500200000000000000e+04
1.247000000000000000e+04
9.138000000000000000e+03
8.053000000000000000e+03
8.179000000000000000e+03
8.004000000000000000e+03
7.909000000000000000e+03
9.397000000000000000e+03
1.055200000000000000e+04
1.065400000000000000e+04
9.784000000000000000e+03
8.634000000000000000e+03
7.295000000000000000e+03
7.672000000000000000e+03
7.915000000000000000e+03
7.527000000000000000e+03
8.367000000000000000e+03
9.400000000000000000e+03
9.199000000000000000e+03
8.525000000000000000e+03
7.965000000000000000e+03
7.334000000000000000e+03
6.987000000000000000e+03
7.019000000000000000e+03
6.975000000000000000e+03
7.003000000000000000e+03
7.757000000000000000e+03
8.258000000000000000e+03
8.268000000000000000e+03
8.443000000000000000e+03
8.546000000000000000e+03
7.534000000000000000e+03
7.216000000000000000e+03
7.657000000000000000e+03
7.929000000000000000e+03
8.033000000000000000e+03
8.728000000000000000e+03
8.739000000000000000e+03
8.561000000000000000e+03
8.313000000000000000e+03
8.146000000000000000e+03
8.389000000000000000e+03
8.464000000000000000e+03
7.945000000000000000e+03
8.552000000000000000e+03
1.027100000000000000e+04
1.066900000000000000e+04
1.028000000000000000e+04
9.702000000000000000e+03
9.188000000000000000e+03
8.788000000000000000e+03
7.975000000000000000e+03
7.208000000000000000e+03
7.839000000000000000e+03
9.359000000000000000e+03
9.960000000000000000e+03
1.122800000000000000e+04
1.243600000000000000e+04
1.169900000000000000e+04
8.918000000000000000e+03
7.807000000000000000e+03
8.299000000000000000e+03
8.038000000000000000e+03
7.344000000000000000e+03
7.702000000000000000e+03
8.809000000000000000e+03
9.167000000000000000e+03
8.445000000000000000e+03
7.337000000000000000e+03
6.680000000000000000e+03
6.707000000000000000e+03
7.081000000000000000e+03
7.234000000000000000e+03
7.304000000000000000e+03
8.004000000000000000e+03
9.214000000000000000e+03
9.617000000000000000e+03
8.780000000000000000e+03
7.515000000000000000e+03
6.871000000000000000e+03
7.183000000000000000e+03
7.582000000000000000e+03
7.475000000000000000e+03
