8.162759999999999127e+04
1.561856000000000058e+05
2.138220000000000582e+05
1.925273999999999942e+05
1.105164999999999854e+05
4.689239999999997963e+04
4.824229999999999563e+04
6.540349999999998545e+04
5.881899999999999272e+04
7.400189999999997963e+04
1.460179000000000233e+05
2.197460000000000291e+05
2.126568999999999069e+05
1.370855000000000000e+05
6.208250000000002183e+04
3.218389999999999418e+04
3.747899999999998545e+04
4.526050000000000000e+04
5.075670000000001164e+04
8.296750000000001455e+04
1.443387999999999302e+05
1.844284000000000524e+05
1.523068999999999942e+05
8.489939999999999418e+04
3.902839999999998690e+04
3.419789999999999418e+04
4.523810000000001310e+04
5.827430000000001019e+04
7.593570000000002619e+04
1.060317999999999884e+05
1.405289999999999418e+05
1.485104000000000233e+05
1.079463000000000175e+05
5.318529999999999563e+04
2.689710000000000218e+04
2.190789999999999054e+04
2.240279999999998836e+04
2.581390000000001237e+04
4.177889999999997963e+04
9.959130000000000291e+04
1.797968999999999942e+05
2.048125000000000291e+05
1.577361999999999825e+05
9.984489999999995052e+04
5.768450000000000728e+04
3.407240000000000873e+04
4.413820000000001892e+04
7.239939999999999418e+04
1.146013999999999942e+05
2.023323999999999651e+05
2.823087999999998719e+05
2.441111999999999825e+05
1.211298000000000029e+05
4.960620000000000437e+04
5.114390000000002328e+04
5.328449999999999272e+04
4.170650000000000728e+04
6.323599999999994907e+04
1.307258000000000320e+05
1.953033999999999942e+05
2.001697999999999010e+05
1.366472999999999884e+05
6.269219999999998981e+04
3.653420000000000437e+04
4.958299999999997817e+04
5.658919999999998254e+04
6.057579999999998836e+04
1.047995000000000146e+05
1.777067000000000116e+05
2.120569000000000233e+05
1.663833999999999360e+05
8.246879999999995925e+04
3.635860000000000582e+04
3.589900000000002183e+04
4.138469999999998981e+04
4.181290000000002328e+04
6.648300000000000000e+04
1.183753999999999360e+05
1.550326000000000058e+05
1.437596000000000640e+05
1.011046000000000058e+05
5.582159999999999854e+04
3.244179999999999927e+04
3.506769999999998981e+04
4.424079999999998836e+04
5.751670000000002619e+04
9.195060000000000582e+04
1.314755999999999185e+05
1.344472999999999884e+05
9.991679999999997381e+04
6.119950000000001455e+04
3.781209999999999127e+04
2.974369999999999345e+04
3.516009999999999854e+04
4.449629999999998108e+04
5.846179999999997381e+04
9.177870000000005530e+04
1.253453999999999942e+05
1.122732999999999302e+05
6.899170000000005530e+04
4.273850000000001455e+04
3.346639999999998690e+04
3.408320000000000437e+04
5.387360000000000582e+04
7.007260000000003492e+04
8.477950000000000000e+04
1.659914999999999418e+05
2.837710000000000000e+05
2.956923999999998487e+05
1.786598000000000175e+05
7.096599999999998545e+04
4.506329999999999563e+04
4.975279999999997381e+04
4.248070000000000437e+04
4.892469999999999709e+04
9.897409999999996217e+04
1.913210999999999767e+05
2.714409000000000815e+05
2.540105000000000873e+05
1.464077999999999884e+05
6.427969999999999709e+04
5.155329999999998836e+04
5.172820000000002619e+04
4.318250000000001455e+04
7.175619999999999709e+04
1.425242000000000116e+05
2.094038999999999942e+05
2.242901999999998079e+05
1.658810999999999767e+05
8.061699999999998545e+04
4.169519999999998981e+04
4.093500000000001455e+04
3.638470000000001164e+04
2.840319999999999709e+04
4.005419999999999709e+04
7.099250000000002910e+04
9.224129999999997381e+04
1.220996000000000058e+05
1.669821999999999825e+05
1.464736999999999534e+05
7.367010000000000582e+04
6.632750000000001455e+04
8.786210000000002037e+04
7.960340000000000873e+04
1.128656000000000058e+05
1.887662000000000407e+05
1.980287000000000407e+05
1.219821999999999825e+05
5.421739999999998690e+04
3.415610000000001310e+04
3.731440000000001601e+04
4.874599999999997090e+04
6.259889999999999418e+04
9.218469999999996799e+04
1.531872000000000116e+05
2.058095000000000000e+05
1.864324000000000815e+05
1.084592999999999593e+05
4.752959999999997672e+04
3.463440000000000146e+04
4.601709999999999127e+04
6.059809999999996944e+04
7.862940000000000873e+04
1.117788000000000029e+05
1.467107999999999884e+05
1.439048999999999942e+05
1.006359000000000087e+05
5.383409999999998399e+04
3.301609999999999854e+04
3.298650000000000000e+04
4.593120000000001164e+04
6.740069999999998254e+04
1.007025000000000582e+05
1.750300000000000582e+05
2.581453000000001339e+05
2.524471000000001222e+05
1.577365999999999476e+05
6.617959999999999127e+04
3.762119999999998981e+04
4.874129999999999563e+04
5.120279999999997381e+04
6.952969999999996799e+04
1.299833000000000029e+05
1.907344999999999709e+05
2.059308000000001048e+05
1.615517000000000990e+05
9.168349999999998545e+04
4.327250000000000000e+04
4.076130000000000291e+04
5.898109999999999127e+04
6.651459999999997672e+04
1.131322999999999884e+05
2.045950000000000291e+05
2.351636999999999825e+05
1.812803000000000175e+05
1.057865000000000291e+05
5.175580000000001019e+04
3.040439999999999054e+04
3.813249999999999272e+04
5.202900000000002183e+04
6.576279999999998836e+04
1.181354000000000087e+05
1.684488000000001048e+05
1.377560000000000582e+05
8.223089999999999418e+04
5.123559999999999854e+04
3.423350000000000728e+04
2.774839999999999418e+04
3.655919999999998254e+04
5.869939999999996508e+04
9.577739999999999418e+04
1.726413999999998778e+05
1.989383000000000175e+05
1.273448999999999942e+05
6.712120000000002619e+04
4.000799999999999272e+04
3.306120000000000437e+04
3.289700000000000000e+04
4.585930000000000291e+04
7.840800000000004366e+04
1.098198000000000175e+05
1.477165000000000291e+05
1.257088999999999796e+05
7.507300000000004366e+04
6.015659999999999854e+04
4.054000000000000728e+04
4.364210000000000582e+04
4.529630000000001019e+04
4.022689999999999418e+04
6.030530000000003929e+04
7.518049999999997090e+04
1.078343000000000029e+05
1.764543000000000175e+05
2.027033999999999360e+05
1.328823000000000175e+05
8.435430000000000291e+04
6.111989999999996508e+04
5.587009999999998399e+04
1.073591000000000058e+05
1.479045999999999185e+05
2.613271999999999534e+05
3.439842000000000698e+05
2.217895000000001164e+05
8.187059999999999127e+04
3.565039999999998690e+04
2.888150000000000364e+04
3.581630000000000291e+04
6.077140000000001601e+04
1.018985000000000291e+05
2.160242000000000407e+05
3.559041000000000349e+05
3.123818000000001630e+05
1.542193000000000466e+05
5.715900000000000000e+04
4.110919999999998981e+04
3.580160000000000582e+04
4.474210000000000582e+04
7.280649999999998545e+04
1.081196999999999971e+05
2.049644999999999418e+05
2.215362000000000116e+05
1.532665000000000291e+05
1.072407999999999593e+05
5.643789999999998690e+04
5.269550000000001455e+04
4.631129999999998836e+04
6.137409999999999127e+04
9.896740000000006694e+04
1.724485999999999767e+05
2.759809000000000233e+05
2.059177999999999593e+05
9.731699999999998545e+04
5.334700000000000728e+04
4.155710000000000582e+04
5.119969999999998254e+04
4.935919999999999709e+04
9.213029999999998836e+04
1.251809000000000815e+05
2.047485000000000000e+05
2.301501000000000931e+05
1.296445999999999913e+05
7.725730000000003201e+04
4.834870000000001892e+04
5.147000000000001455e+04
4.806159999999999127e+04
5.703720000000000437e+04
8.926299999999998545e+04
1.259066999999999971e+05
1.968271999999999243e+05
1.449764999999999709e+05
8.129960000000000582e+04
6.398370000000000437e+04
5.030699999999998545e+04
6.414350000000001455e+04
5.655769999999998254e+04
1.139258000000000029e+05
1.563030000000000291e+05
2.567953999999999942e+05
3.517455999999999767e+05
2.235942000000000990e+05
8.887530000000000291e+04
4.095820000000001164e+04
4.428469999999998981e+04
4.209239999999999418e+04
6.063710000000002037e+04
1.005302999999999738e+05
1.621968000000000757e+05
2.991349000000001979e+05
2.858948999999999651e+05
1.497852000000000407e+05
6.071399999999997817e+04
4.207730000000001019e+04
4.592529999999999563e+04
4.270340000000000146e+04
7.822070000000001164e+04
1.196051999999999389e+05
2.409171000000000058e+05
3.300212000000001281e+05
2.370123000000000466e+05
1.176212000000000262e+05
5.047099999999998545e+04
4.540889999999999418e+04
4.914240000000002328e+04
4.018690000000001601e+04
4.987259999999999127e+04
5.490780000000002474e+04
6.640999999999998545e+04
1.225473999999999796e+05
2.090112000000000116e+05
1.830702000000000116e+05
8.746610000000000582e+04
6.600729999999998836e+04
4.778579999999998836e+04
4.838309999999999854e+04
7.771400000000000000e+04
1.181579000000000087e+05
1.676972000000000407e+05
1.297308999999999505e+05
9.118489999999997963e+04
6.723109999999999127e+04
5.617440000000000146e+04
6.293240000000002328e+04
5.062409999999999854e+04
8.782350000000004366e+04
1.149426999999999680e+05
2.171052999999999593e+05
2.326201000000000931e+05
1.240142000000000116e+05
1.179411000000000204e+05
7.978559999999999127e+04
7.620199999999998545e+04
6.223110000000000582e+04
5.950390000000003783e+04
8.549929999999997381e+04
1.069675999999999913e+05
1.573526000000000058e+05
1.113787000000000116e+05
9.907690000000000873e+04
8.809149999999997090e+04
6.523219999999998981e+04
6.308400000000000728e+04
4.462960000000000582e+04
7.487230000000000291e+04
1.204760000000000146e+05
2.529827999999999884e+05
3.913215999999999185e+05
3.645626999999999534e+05
1.972163999999999651e+05
9.652600000000001455e+04
7.128920000000005530e+04
4.538149999999998545e+04
5.709830000000001019e+04
6.819789999999999418e+04
1.486417999999999010e+05
2.442926000000000349e+05
3.168545000000000582e+05
2.716365000000001746e+05
1.294337000000000116e+05
7.954949999999998545e+04
4.833280000000000291e+04
4.247369999999998981e+04
5.375189999999996508e+04
9.710920000000002619e+04
1.888322999999999884e+05
2.716037000000000698e+05
2.921405999999999767e+05
1.705187000000000698e+05
7.245379999999998836e+04
6.048390000000001601e+04
4.373169999999999709e+04
5.542919999999999709e+04
8.884829999999997381e+04
1.490434000000000815e+05
2.621217000000000116e+05
2.812071999999999534e+05
1.727778000000000466e+05
6.984380000000003201e+04
3.970740000000000146e+04
4.092179999999998836e+04
3.440059999999999127e+04
5.275689999999998690e+04
7.832519999999998254e+04
1.459602999999999884e+05
2.098298999999999360e+05
1.647792000000000407e+05
8.379999999999995634e+04
3.904690000000000873e+04
3.833230000000001019e+04
3.962209999999996944e+04
4.358220000000001164e+04
7.931459999999996217e+04
1.190981999999999825e+05
2.126871000000000349e+05
2.424891000000000931e+05
1.465208000000000175e+05
7.691190000000002328e+04
4.109339999999999418e+04
4.284160000000001310e+04
4.000190000000000873e+04
3.603419999999999709e+04
4.701890000000000146e+04
4.105870000000000437e+04
4.957500000000000000e+04
9.973430000000003201e+04
1.678130000000000291e+05
1.263916999999999534e+05
6.827959999999994761e+04
5.172089999999999418e+04
3.410390000000000146e+04
4.818529999999998836e+04
7.618599999999998545e+04
1.459202999999999884e+05
2.173338999999999942e+05
2.099704999999999418e+05
1.154302999999999884e+05
5.736280000000000291e+04
4.625939999999997963e+04
3.445180000000000291e+04
4.762539999999999418e+04
6.571089999999999418e+04
1.278671000000000058e+05
2.078256000000000349e+05
2.368092999999999884e+05
1.589332999999999593e+05
6.352180000000001746e+04
4.285210000000001310e+04
3.470569999999999709e+04
3.188819999999999709e+04
4.620599999999999272e+04
6.676069999999998254e+04
1.184847000000000262e+05
1.633847000000000407e+05
1.396387000000000116e+05
7.259839999999997963e+04
3.548100000000000728e+04
3.472630000000000291e+04
3.107249999999998909e+04
3.602249999999998545e+04
5.125190000000000146e+04
7.554819999999998254e+04
1.180663000000000466e+05
1.178615000000000000e+05
7.233070000000002619e+04
3.842459999999999854e+04
2.824009999999999127e+04
3.473249999999998545e+04
2.949019999999998981e+04
3.481859999999999127e+04
4.122499999999998545e+04
5.475780000000000291e+04
7.511719999999996799e+04
5.739130000000000291e+04
4.234840000000000873e+04
3.235910000000001310e+04
3.097979999999999200e+04
3.068009999999999491e+04
2.599169999999999345e+04
3.140750000000000728e+04
3.312339999999998690e+04
4.570370000000001164e+04
4.590469999999999709e+04
3.802840000000000873e+04
3.844799999999999272e+04
2.935019999999999709e+04
3.145720000000000073e+04
2.923300000000000000e+04
2.892910000000000218e+04
3.695679999999998836e+04
4.380739999999999418e+04
6.610999999999998545e+04
6.271499999999999272e+04
3.820879999999999563e+04
2.530660000000000946e+04
2.470430000000000655e+04
2.354260000000000218e+04
2.282829999999999563e+04
2.481880000000000291e+04
2.686430000000000655e+04
3.583889999999997963e+04
4.394709999999999127e+04
4.326829999999998836e+04
3.099559999999999127e+04
2.411469999999999345e+04
2.297589999999999782e+04
2.122920000000000073e+04
2.314390000000000146e+04
2.827520000000000437e+04
3.732050000000000728e+04
5.406959999999998399e+04
5.962720000000000437e+04
4.446760000000001310e+04
2.879389999999999418e+04
2.472859999999999127e+04
2.571619999999999709e+04
2.313620000000000073e+04
2.507450000000000364e+04
2.469600000000000364e+04
2.585729999999999200e+04
3.150019999999999709e+04
4.028419999999999709e+04
3.743530000000001019e+04
2.621809999999999491e+04
2.258800000000000364e+04
2.301520000000000073e+04
2.130930000000000655e+04
2.312720000000000437e+04
2.683499999999999636e+04
3.638500000000000000e+04
4.055860000000001310e+04
3.349400000000000000e+04
3.243379999999998836e+04
2.742600000000000364e+04
3.098119999999999709e+04
2.756930000000000291e+04
2.778020000000000437e+04
3.264619999999999709e+04
4.186550000000000000e+04
5.840809999999999854e+04
4.520560000000001310e+04
3.930150000000000000e+04
3.301329999999999563e+04
3.112609999999999854e+04
3.377880000000000291e+04
2.713400000000000000e+04
3.377780000000001019e+04
3.595579999999999563e+04
5.590769999999998254e+04
5.809810000000001310e+04
4.625769999999999709e+04
4.511150000000001455e+04
3.255779999999999927e+04
3.761760000000000582e+04
3.369109999999999854e+04
3.715999999999998545e+04
5.028180000000000291e+04
7.290150000000001455e+04
1.238283999999999360e+05
1.156906000000000058e+05
6.752189999999997963e+04
3.518000000000000728e+04
3.068440000000000146e+04
2.995980000000001019e+04
2.616210000000000218e+04
3.310840000000000146e+04
4.415970000000002619e+04
7.793869999999999709e+04
1.004085000000000291e+05
8.018439999999997963e+04
4.650780000000000291e+04
3.036269999999999345e+04
3.125330000000000291e+04
2.921699999999999636e+04
3.021690000000000873e+04
4.276259999999998399e+04
6.298100000000000728e+04
1.104438999999999942e+05
1.105942000000000116e+05
7.578529999999998836e+04
4.920209999999997672e+04
3.732200000000000000e+04
4.094220000000001892e+04
3.328609999999999127e+04
3.919820000000001164e+04
4.916579999999998836e+04
6.706930000000001746e+04
8.353639999999997963e+04
5.765309999999999854e+04
5.045879999999998836e+04
4.215669999999998981e+04
4.164549999999999272e+04
3.956259999999999854e+04
3.196350000000000728e+04
4.091710000000002037e+04
4.084789999999999418e+04
6.068549999999999272e+04
4.632639999999999418e+04
4.484350000000001455e+04
4.982240000000000146e+04
3.619470000000001892e+04
3.655009999999999854e+04
2.947819999999999345e+04
2.863909999999999127e+04
3.221259999999999127e+04
3.656820000000000437e+04
4.831069999999998254e+04
4.742240000000002328e+04
9.004189999999997963e+04
8.862289999999996508e+04
5.569380000000001019e+04
5.171510000000002037e+04
3.297419999999998981e+04
3.429670000000001164e+04
3.892579999999999563e+04
4.539529999999999563e+04
7.364109999999994761e+04
8.221370000000002619e+04
4.501390000000002328e+04
2.624929999999999563e+04
2.474929999999999563e+04
2.778600000000000000e+04
2.760510000000000218e+04
4.340090000000003056e+04
6.679809999999996217e+04
1.212715000000000291e+05
1.458274000000000233e+05
8.635189999999996508e+04
4.054300000000000728e+04
3.239210000000000218e+04
3.241350000000000000e+04
2.941570000000001528e+04
4.163409999999999854e+04
5.648299999999999272e+04
1.119855999999999476e+05
1.525455000000000291e+05
1.307101999999999389e+05
7.432479999999995925e+04
3.846309999999999854e+04
3.534080000000001019e+04
3.065770000000000800e+04
3.744450000000000728e+04
5.297059999999999127e+04
7.825200000000002910e+04
1.312520999999999767e+05
1.229018000000000902e+05
7.590150000000001455e+04
4.368380000000000291e+04
3.565269999999998981e+04
3.722609999999999854e+04
3.324469999999999709e+04
4.687460000000001310e+04
6.038330000000004657e+04
1.017915000000000291e+05
1.333040999999999767e+05
9.176050000000005821e+04
5.598320000000001164e+04
3.785090000000001601e+04
3.928349999999999272e+04
3.752219999999998981e+04
3.682950000000000000e+04
5.483390000000000146e+04
7.387900000000001455e+04
1.230312000000000262e+05
1.094068000000000029e+05
7.683179999999995925e+04
5.614650000000000728e+04
3.716350000000001455e+04
4.310570000000002619e+04
3.292080000000000291e+04
4.118600000000002910e+04
5.130549999999998545e+04
7.864960000000000582e+04
1.040024000000000233e+05
7.144120000000001164e+04
6.985079999999998836e+04
5.243290000000001601e+04
4.757979999999999563e+04
5.056240000000000873e+04
4.030690000000000873e+04
6.264140000000001601e+04
8.842549999999995634e+04
1.553155000000000873e+05
1.849179000000000233e+05
1.293125999999999767e+05
6.423919999999999709e+04
3.948759999999999854e+04
4.158519999999998981e+04
3.336519999999999709e+04
4.873689999999998690e+04
6.949280000000000291e+04
1.285096000000000640e+05
1.999954000000000524e+05
1.916457999999998428e+05
1.196795999999999767e+05
5.431039999999999418e+04
4.500420000000000437e+04
3.591440000000000146e+04
3.263690000000000873e+04
4.639989999999997963e+04
7.312719999999999709e+04
1.221924999999999418e+05
1.543151000000000349e+05
1.119203999999999796e+05
6.294790000000000873e+04
3.580479999999999563e+04
3.822369999999998981e+04
3.184840000000000509e+04
3.208040000000000146e+04
3.408970000000001164e+04
3.157869999999999709e+04
4.508030000000001746e+04
7.618849999999998545e+04
8.928430000000003201e+04
5.501729999999999563e+04
3.196619999999999345e+04
3.594059999999999854e+04
3.528079999999999563e+04
3.757709999999999854e+04
5.728829999999999563e+04
7.977210000000002037e+04
1.082662000000000553e+05
8.189719999999999709e+04
6.431349999999997817e+04
4.848240000000000873e+04
4.232969999999998254e+04
3.665600000000001455e+04
2.743749999999999636e+04
2.842000000000001091e+04
2.804440000000000146e+04
4.108990000000000146e+04
5.204949999999999272e+04
1.118307000000000262e+05
1.497626000000000931e+05
8.615829999999995925e+04
8.144160000000002037e+04
6.937700000000001455e+04
5.265729999999999563e+04
7.434919999999999709e+04
8.296890000000003783e+04
1.302407000000000553e+05
9.358789999999999418e+04
7.779460000000000582e+04
6.187470000000001892e+04
5.630720000000000437e+04
5.007019999999999709e+04
4.026350000000000000e+04
5.219729999999998836e+04
7.733930000000003201e+04
1.517495000000000000e+05
2.015134000000000233e+05
2.119122000000000116e+05
1.227379999999999854e+05
7.213400000000000000e+04
5.292000000000000728e+04
3.362499999999999272e+04
4.181860000000000582e+04
5.262859999999999127e+04
9.551550000000001455e+04
1.542390000000000291e+05
2.162360999999999185e+05
1.781307000000000116e+05
8.396100000000001455e+04
5.933460000000000582e+04
3.894480000000001019e+04
3.801309999999999854e+04
4.651340000000001601e+04
7.598579999999997381e+04
1.463318999999999942e+05
2.147626000000000058e+05
2.335388999999999360e+05
1.355278000000000175e+05
6.431189999999997235e+04
5.694250000000002183e+04
3.689580000000000291e+04
4.399109999999999854e+04
6.117790000000003056e+04
1.079618999999999942e+05
1.743259000000000815e+05
1.944591999999999825e+05
1.471796999999999825e+05
6.839480000000001746e+04
4.603039999999999418e+04
3.794970000000000437e+04
3.377509999999999854e+04
4.735740000000000146e+04
6.501240000000000146e+04
1.193035999999999767e+05
1.664653999999999942e+05
1.666367999999999302e+05
1.103852999999999738e+05
5.477650000000001455e+04
4.887700000000000728e+04
3.727730000000000291e+04
3.860229999999999563e+04
5.717209999999997672e+04
8.593630000000003201e+04
1.489184000000000524e+05
1.768670000000000000e+05
1.400670000000000291e+05
7.474369999999996799e+04
3.785520000000001164e+04
3.855619999999998981e+04
3.109889999999999418e+04
3.301500000000001455e+04
3.885939999999999418e+04
4.449399999999997817e+04
4.746260000000001310e+04
5.542100000000002910e+04
8.982389999999997963e+04
6.978869999999999709e+04
4.473970000000000437e+04
4.437950000000000000e+04
3.216989999999999418e+04
4.322939999999999418e+04
6.644669999999999709e+04
1.160346999999999971e+05
1.740773000000000466e+05
1.895773999999999360e+05
1.177585999999999622e+05
6.477859999999999127e+04
4.821600000000000000e+04
3.163800000000001455e+04
4.085120000000001892e+04
5.250420000000001164e+04
1.027888999999999942e+05
1.623516999999998952e+05
2.230691999999999825e+05
1.832788999999999360e+05
8.386389999999999418e+04
5.918310000000000582e+04
4.105950000000000728e+04
3.839869999999999709e+04
5.520259999999996944e+04
8.140070000000001164e+04
1.379299000000000233e+05
1.896019999999999418e+05
1.930802000000000116e+05
1.101861000000000058e+05
5.509390000000000146e+04
4.939139999999998690e+04
3.555909999999998399e+04
4.421209999999999127e+04
6.206700000000002183e+04
1.017026999999999534e+05
1.634933000000000175e+05
1.791716999999999534e+05
1.246553000000000175e+05
5.855709999999999127e+04
4.327760000000002037e+04
4.341250000000000728e+04
3.530680000000000291e+04
5.608970000000001164e+04
7.562229999999998836e+04
1.281801000000000058e+05
1.755820999999999476e+05
1.592417999999999302e+05
9.630109999999999127e+04
4.444790000000000146e+04
3.913460000000000582e+04
3.386320000000000437e+04
3.794740000000000873e+04
5.889379999999997381e+04
8.230889999999996508e+04
1.400984000000000524e+05
1.551637000000000407e+05
1.074609000000000087e+05
5.928699999999997817e+04
3.795849999999999272e+04
4.183330000000000291e+04
3.293349999999999272e+04
4.674550000000001455e+04
6.375349999999997817e+04
9.965649999999998545e+04
1.537102999999999884e+05
1.884743999999999942e+05
1.509538999999999360e+05
8.652620000000001164e+04
6.311370000000000437e+04
3.935119999999998981e+04
4.323989999999998690e+04
4.512920000000002619e+04
7.218349999999998545e+04
1.170720999999999622e+05
1.904235999999999767e+05
2.391836999999999534e+05
1.568674000000000233e+05
9.455130000000001746e+04
5.988190000000000873e+04
3.643870000000000437e+04
4.379820000000000437e+04
5.708750000000000000e+04
1.030241999999999825e+05
1.466942000000000116e+05
1.999627000000000407e+05
1.691527000000000116e+05
8.196150000000001455e+04
5.470530000000001019e+04
3.665990000000000146e+04
3.461149999999998545e+04
3.907459999999998399e+04
4.242500000000002183e+04
5.345180000000000291e+04
4.387579999999998836e+04
5.896849999999998545e+04
9.450599999999997090e+04
6.202400000000003638e+04
4.681800000000000728e+04
4.916079999999999563e+04
4.684630000000000291e+04
7.449990000000003783e+04
1.096179999999999854e+05
1.845732999999999884e+05
1.936459999999999418e+05
1.244453000000000029e+05
5.680200000000000000e+04
4.204079999999999563e+04
4.068020000000001892e+04
3.862039999999998690e+04
6.227429999999998108e+04
8.381369999999998254e+04
1.414591000000000058e+05
1.843873999999999942e+05
1.699831000000000640e+05
1.006721999999999680e+05
4.687359999999999127e+04
4.276960000000001310e+04
3.490600000000000728e+04
4.237850000000001455e+04
6.565199999999997090e+04
9.197139999999999418e+04
1.441310000000000000e+05
1.514458999999999942e+05
1.140837000000000407e+05
6.323609999999999854e+04
3.830390000000000146e+04
3.737489999999998690e+04
3.041689999999999782e+04
4.126540000000000873e+04
4.913899999999999272e+04
7.984579999999998836e+04
1.226125999999999622e+05
1.594983000000000175e+05
1.363560999999999767e+05
7.947860000000003492e+04
5.757249999999998545e+04
3.713219999999999709e+04
3.974559999999999854e+04
4.468510000000000582e+04
6.774450000000000000e+04
1.071558000000000175e+05
1.625212999999999884e+05
1.895250999999999767e+05
1.161053999999999942e+05
6.511890000000003056e+04
5.191859999999999127e+04
3.351779999999998108e+04
4.222919999999998981e+04
5.735569999999999709e+04
1.047963999999999796e+05
1.574951999999999243e+05
2.018151999999999534e+05
1.583232000000000698e+05
7.461959999999994761e+04
6.141020000000002619e+04
4.150770000000001164e+04
4.346370000000002619e+04
5.853160000000003492e+04
8.625410000000004948e+04
1.389286999999999825e+05
1.624540000000000582e+05
1.385033000000000175e+05
7.193319999999999709e+04
4.647579999999998836e+04
4.422600000000000728e+04
3.463919999999999709e+04
4.915240000000000146e+04
6.770770000000001164e+04
1.089441999999999825e+05
1.543601000000000058e+05
1.509013999999999942e+05
1.027831000000000058e+05
5.204590000000000873e+04
4.049850000000000000e+04
3.982170000000000437e+04
3.340429999999999563e+04
4.686219999999999709e+04
6.045679999999999563e+04
9.823730000000003201e+04
1.217344999999999563e+05
9.650600000000002910e+04
6.904810000000000582e+04
4.231290000000002328e+04
3.697350000000000728e+04
3.280650000000000000e+04
2.437669999999999709e+04
2.387020000000000073e+04
2.495329999999999927e+04
3.476450000000001455e+04
6.068490000000000873e+04
8.077490000000000873e+04
5.891409999999999854e+04
3.162620000000000073e+04
2.531770000000000073e+04
2.510719999999999709e+04
2.950130000000000291e+04
4.554779999999997381e+04
7.421059999999996217e+04
1.192718999999999796e+05
1.722436999999999534e+05
1.520102999999999884e+05
9.037490000000003783e+04
6.788369999999999709e+04
4.017110000000000582e+04
3.693609999999999854e+04
3.978479999999998108e+04
6.405449999999998545e+04
1.048763000000000175e+05
1.505350999999999767e+05
1.824373999999999942e+05
1.209315000000000437e+05
7.683900000000001455e+04
5.150090000000002328e+04
3.376609999999999127e+04
4.353199999999998545e+04
5.450149999999998545e+04
9.303009999999999127e+04
1.281528999999999796e+05
1.469998999999999360e+05
1.106875000000000437e+05
6.068909999999999127e+04
4.829059999999999127e+04
3.266970000000001164e+04
3.516489999999999418e+04
4.533470000000001164e+04
6.443969999999996799e+04
1.019123000000000029e+05
1.229693000000000320e+05
1.084842999999999884e+05
6.375400000000000000e+04
4.294459999999999854e+04
3.820879999999999563e+04
2.937669999999998618e+04
3.953569999999999709e+04
5.348980000000002474e+04
7.711309999999999127e+04
1.082759000000000378e+05
1.158344999999999563e+05
8.607530000000001746e+04
4.857720000000001164e+04
3.701000000000000000e+04
3.274180000000001019e+04
3.394009999999999854e+04
4.828679999999999563e+04
6.497989999999997963e+04
9.841089999999997963e+04
1.286721000000000204e+05
1.108068000000000175e+05
6.488720000000000437e+04
3.856530000000000291e+04
3.726009999999999127e+04
2.988030000000000291e+04
3.449360000000002037e+04
4.702229999999998836e+04
6.511720000000000437e+04
9.774039999999999418e+04
1.143035999999999767e+05
1.062068000000000320e+05
6.896640000000000873e+04
5.059049999999999272e+04
3.500660000000000582e+04
3.022200000000000364e+04
3.512379999999998836e+04
4.236530000000000291e+04
6.460589999999999418e+04
8.248739999999999418e+04
9.113360000000000582e+04
6.441439999999997235e+04
4.072270000000000437e+04
3.318430000000000291e+04
2.692089999999999782e+04
3.227930000000000655e+04
4.249469999999998981e+04
6.082320000000001164e+04
9.415930000000003201e+04
1.162481999999999680e+05
1.126396999999999825e+05
7.978210000000002037e+04
5.280160000000001310e+04
4.139869999999998981e+04
2.732550000000000364e+04
2.674269999999998981e+04
2.342939999999999418e+04
2.318229999999999563e+04
2.830800000000000000e+04
5.199439999999998690e+04
7.455330000000000291e+04
5.435479999999998836e+04
3.363440000000000146e+04
3.676830000000001746e+04
3.434659999999999127e+04
4.635649999999999272e+04
6.894710000000000582e+04
9.291269999999996799e+04
1.096511999999999825e+05
9.951970000000001164e+04
6.486580000000001019e+04
4.507319999999999709e+04
4.374100000000000000e+04
3.318670000000001164e+04
4.546010000000000582e+04
5.660829999999998836e+04
7.732830000000001746e+04
1.049712000000000116e+05
9.943840000000000873e+04
7.423380000000000291e+04
4.513630000000001746e+04
3.872959999999999854e+04
3.678009999999999854e+04
3.165439999999999418e+04
4.704320000000000437e+04
6.164139999999999418e+04
9.526719999999998254e+04
1.123440999999999913e+05
8.939300000000000000e+04
6.590019999999999709e+04
4.388569999999998981e+04
4.353179999999999563e+04
3.394759999999999854e+04
3.543920000000000437e+04
4.707890000000000873e+04
6.096929999999998836e+04
8.952970000000005530e+04
1.028931999999999971e+05
9.612250000000000000e+04
7.006729999999998836e+04
5.585229999999999563e+04
3.666459999999999854e+04
3.098390000000000509e+04
3.884580000000000291e+04
5.068890000000002328e+04
8.453939999999995052e+04
1.118685000000000146e+05
1.297298000000000175e+05
1.026092000000000262e+05
6.259719999999996799e+04
4.623329999999999563e+04
3.065040000000000873e+04
3.464230000000000291e+04
4.538630000000001746e+04
6.012179999999999563e+04
8.790370000000004075e+04
1.039652999999999738e+05
9.320369999999998254e+04
6.012030000000000291e+04
4.480250000000002183e+04
4.322740000000001601e+04
3.366350000000000000e+04
4.804880000000001019e+04
5.651949999999997817e+04
7.882149999999998545e+04
1.054310000000000146e+05
9.337650000000000000e+04
6.229070000000001892e+04
3.956220000000000437e+04
4.027080000000000291e+04
3.251050000000001091e+04
3.154789999999999418e+04
4.151360000000000582e+04
5.108700000000001455e+04
6.997519999999999709e+04
7.462739999999999418e+04
5.504940000000000146e+04
3.898210000000000582e+04
3.565109999999999127e+04
3.774270000000001164e+04
2.892030000000000291e+04
3.476900000000000000e+04
3.872350000000000000e+04
4.299289999999999418e+04
5.641449999999999272e+04
4.784810000000000582e+04
5.387079999999999563e+04
5.757519999999999709e+04
4.638129999999997381e+04
3.588399999999999272e+04
2.515429999999999563e+04
2.121650000000000364e+04
2.099809999999999127e+04
2.346950000000000364e+04
3.751580000000000291e+04
6.250170000000004802e+04
6.592000000000000000e+04
4.112450000000002183e+04
2.960330000000000291e+04
3.552830000000001746e+04
3.921259999999999854e+04
4.970070000000001164e+04
7.241220000000002619e+04
9.638780000000003201e+04
1.172155999999999913e+05
9.743520000000001164e+04
5.737279999999998108e+04
4.243890000000001601e+04
3.423190000000000146e+04
3.130100000000000000e+04
4.487480000000000291e+04
4.919749999999999272e+04
6.679780000000000291e+04
8.378119999999996799e+04
7.891630000000000291e+04
6.425289999999998690e+04
4.734090000000000873e+04
4.438400000000000000e+04
3.471000000000000000e+04
3.616820000000000437e+04
5.167260000000001310e+04
6.122939999999997963e+04
7.980070000000001164e+04
7.800500000000001455e+04
5.948060000000000582e+04
4.617549999999999272e+04
3.827600000000001455e+04
3.700360000000000582e+04
2.904080000000000655e+04
3.745489999999998690e+04
4.268050000000000728e+04
4.994809999999999127e+04
6.256410000000001310e+04
5.020680000000000291e+04
5.223169999999999709e+04
4.619159999999997672e+04
4.223039999999997963e+04
3.661230000000000291e+04
2.982080000000000291e+04
4.024710000000000582e+04
4.143580000000000291e+04
5.813750000000001455e+04
5.588859999999999127e+04
4.317779999999995925e+04
4.482370000000000437e+04
4.055659999999998399e+04
4.082449999999998545e+04
3.037359999999999127e+04
3.373019999999999709e+04
3.781240000000000146e+04
3.984890000000000146e+04
5.297090000000000146e+04
4.296130000000001019e+04
5.407000000000000728e+04
5.841550000000001455e+04
4.636289999999998690e+04
4.050930000000001019e+04
3.137980000000000291e+04
4.442749999999999272e+04
5.211720000000000437e+04
7.306599999999997090e+04
1.001920000000000291e+05
9.508359999999997672e+04
6.612010000000000582e+04
4.347410000000002037e+04
4.121270000000001164e+04
3.340630000000000291e+04
4.055940000000000873e+04
5.971369999999999709e+04
8.113169999999998254e+04
1.131856000000000058e+05
1.300416000000000058e+05
1.014256999999999971e+05
6.077900000000000000e+04
5.092930000000001019e+04
3.986869999999998981e+04
3.317040000000000873e+04
4.830520000000001164e+04
5.551569999999999709e+04
7.706450000000002910e+04
9.096619999999998254e+04
8.163420000000002619e+04
6.589109999999999127e+04
4.653740000000001601e+04
3.427959999999999854e+04
2.549470000000000437e+04
2.092590000000000509e+04
1.957530000000001382e+04
2.110440000000000146e+04
2.691960000000001673e+04
4.192600000000001455e+04
5.378790000000000146e+04
4.960289999999997235e+04
3.284869999999998981e+04
2.807510000000000582e+04
3.152360000000000218e+04
3.123610000000000218e+04
3.939120000000000437e+04
5.031450000000002183e+04
5.866089999999999418e+04
5.541739999999998690e+04
5.060029999999999563e+04
4.086909999999999854e+04
3.815970000000000437e+04
4.049519999999998981e+04
3.583729999999998836e+04
5.330690000000000873e+04
6.057150000000002910e+04
7.999990000000002328e+04
8.602140000000003783e+04
6.004499999999999272e+04
4.519960000000000582e+04
3.712960000000001310e+04
4.369309999999999127e+04
3.474069999999998981e+04
3.884179999999999563e+04
4.727630000000001019e+04
5.544629999999999563e+04
7.255230000000001746e+04
5.968049999999997817e+04
5.371520000000002619e+04
4.434350000000000000e+04
3.774700000000000000e+04
3.714770000000001164e+04
2.952650000000000364e+04
4.015400000000000000e+04
4.986990000000000873e+04
6.901760000000003492e+04
8.647129999999998836e+04
7.825800000000001455e+04
5.529150000000000728e+04
4.325700000000001455e+04
4.107900000000000728e+04
3.098890000000000873e+04
4.109349999999999272e+04
5.299740000000000146e+04
7.224389999999999418e+04
9.650450000000001455e+04
1.007125999999999622e+05
7.759510000000000582e+04
5.130940000000000873e+04
5.079479999999999563e+04
4.090220000000001892e+04
3.846010000000001310e+04
5.383030000000001019e+04
6.461720000000000437e+04
8.511920000000001164e+04
9.976719999999999709e+04
8.900459999999994761e+04
5.961860000000000582e+04
4.627839999999998690e+04
4.537869999999998254e+04
3.204200000000000000e+04
3.354039999999999418e+04
4.120020000000000437e+04
4.695249999999998545e+04
6.137560000000002765e+04
5.771469999999998981e+04
5.008790000000001601e+04
4.762779999999999563e+04
4.544379999999998836e+04
4.282100000000000728e+04
3.522280000000001019e+04
3.981049999999999272e+04
4.705609999999999854e+04
5.797630000000001019e+04
6.877710000000000582e+04
5.341400000000000728e+04
3.646600000000000728e+04
3.127079999999999200e+04
3.770559999999999854e+04
3.319140000000000146e+04
3.335019999999998981e+04
4.523249999999998545e+04
4.710719999999998981e+04
6.582090000000000873e+04
6.354150000000000000e+04
4.457290000000000146e+04
3.927220000000000437e+04
3.305670000000000437e+04
2.821550000000000728e+04
2.343459999999999127e+04
2.020699999999999636e+04
2.016240000000000146e+04
2.315660000000000582e+04
3.106369999999999345e+04
4.425229999999998836e+04
5.051790000000000873e+04
3.763280000000001019e+04
2.537219999999998981e+04
2.682510000000000582e+04
3.050179999999999563e+04
3.047060000000000218e+04
4.317530000000000291e+04
5.730200000000000728e+04
7.452240000000000873e+04
9.682829999999997381e+04
8.392860000000002037e+04
6.508169999999999709e+04
4.658619999999999709e+04
2.961430000000001019e+04
3.685949999999998545e+04
4.233419999999998981e+04
5.842950000000000000e+04
7.376539999999999418e+04
8.999409999999999127e+04
9.437689999999999418e+04
7.241839999999999418e+04
6.415700000000000728e+04
4.181480000000003201e+04
3.252110000000000582e+04
3.925559999999999854e+04
4.682600000000000000e+04
6.757179999999998836e+04
7.670210000000000582e+04
8.425499999999997090e+04
7.210039999999999418e+04
5.534290000000000873e+04
4.514320000000000437e+04
3.022579999999999200e+04
3.420670000000001164e+04
4.201790000000000873e+04
5.746849999999999272e+04
8.104689999999997963e+04
9.142309999999997672e+04
8.264340000000002328e+04
5.674560000000000582e+04
4.802369999999998254e+04
3.828849999999999272e+04
3.088180000000001019e+04
4.089540000000000146e+04
4.747460000000000582e+04
6.193119999999999709e+04
7.389829999999995925e+04
6.947570000000002619e+04
5.013579999999997381e+04
3.838469999999999709e+04
3.888029999999999563e+04
3.093810000000000582e+04
3.357659999999999127e+04
4.282810000000001310e+04
5.251270000000000437e+04
7.483470000000002619e+04
8.831299999999998545e+04
7.921539999999999418e+04
5.445699999999996362e+04
4.028850000000000728e+04
3.696159999999999854e+04
2.629389999999999782e+04
3.007099999999999272e+04
3.771199999999997090e+04
4.791690000000000873e+04
6.306310000000000582e+04
7.020580000000000291e+04
6.651210000000000582e+04
5.574679999999999563e+04
5.255260000000000582e+04
3.690319999999998981e+04
3.088600000000001091e+04
3.814000000000001455e+04
4.587290000000000146e+04
6.197619999999999709e+04
7.055370000000001164e+04
8.942520000000002619e+04
8.680000000000000000e+04
7.424640000000000873e+04
5.194100000000002183e+04
3.110650000000000728e+04
3.418940000000000146e+04
3.799199999999997817e+04
5.303899999999999272e+04
6.450330000000001746e+04
7.831269999999999709e+04
8.559400000000001455e+04
6.361699999999999272e+04
4.325230000000001019e+04
2.877780000000001019e+04
2.137069999999999709e+04
2.162049999999999636e+04
2.108060000000000582e+04
2.140750000000000000e+04
2.251990000000000509e+04
3.616559999999999854e+04
5.583869999999998981e+04
4.501309999999999127e+04
3.206879999999998836e+04
3.460110000000001310e+04
3.111449999999999272e+04
3.809040000000001601e+04
4.796479999999999563e+04
5.883809999999999854e+04
6.264540000000000146e+04
4.674460000000000582e+04
3.204980000000000655e+04
3.126500000000000728e+04
3.352280000000001019e+04
2.856099999999999636e+04
3.597320000000000437e+04
4.248290000000000873e+04
5.136340000000000146e+04
6.439320000000000437e+04
5.987419999999999709e+04
5.012330000000000291e+04
4.328489999999998690e+04
4.414249999999999272e+04
3.396450000000000728e+04
2.902770000000001528e+04
3.508069999999998981e+04
4.031260000000000582e+04
5.746200000000000000e+04
5.698390000000001601e+04
4.905320000000000437e+04
4.047979999999998836e+04
3.319899999999999272e+04
3.621720000000001892e+04
3.030690000000001237e+04
3.210230000000000291e+04
4.258559999999999854e+04
5.196619999999999709e+04
6.657489999999999418e+04
7.567259999999999127e+04
6.755800000000000000e+04
5.582340000000000873e+04
4.888210000000000582e+04
3.206850000000000364e+04
3.156289999999999418e+04
3.768980000000000291e+04
4.307390000000000146e+04
5.789239999999999418e+04
6.490070000000000437e+04
6.661889999999997963e+04
5.371140000000000146e+04
4.926609999999998399e+04
4.225169999999999709e+04
3.048439999999999782e+04
3.951829999999999563e+04
4.720089999999999418e+04
5.816739999999998690e+04
6.713300000000000000e+04
6.806089999999999418e+04
5.768889999999997963e+04
4.333570000000001164e+04
3.976649999999999272e+04
3.230230000000000291e+04
2.769560000000000946e+04
3.523699999999999272e+04
4.211460000000002037e+04
4.963049999999997817e+04
5.224640000000000146e+04
4.321790000000001601e+04
3.274269999999999709e+04
3.245489999999999054e+04
3.740769999999998981e+04
3.007280000000001382e+04
3.063429999999999563e+04
3.972710000000002765e+04
4.288769999999998981e+04
5.746760000000000582e+04
5.468749999999997090e+04
3.732010000000000582e+04
3.174139999999999782e+04
3.121009999999998763e+04
3.099249999999999636e+04
2.561080000000000655e+04
3.115240000000000873e+04
3.349509999999999854e+04
3.763010000000001310e+04
4.411890000000000873e+04
3.571879999999999563e+04
3.706030000000001019e+04
3.566450000000000728e+04
2.849089999999999782e+04
2.495670000000000437e+04
2.072090000000000509e+04
1.938390000000000509e+04
1.987779999999999927e+04
2.395510000000001673e+04
3.371749999999999272e+04
4.820990000000000873e+04
4.578129999999997381e+04
2.939529999999999563e+04
2.610060000000001310e+04
3.316650000000000728e+04
3.703340000000000146e+04
4.076829999999999563e+04
5.364239999999999418e+04
6.247259999999999127e+04
5.825789999999997235e+04
4.576089999999999418e+04
3.673709999999999854e+04
3.611010000000000582e+04
2.938610000000000582e+04
2.649380000000000291e+04
3.339429999999998836e+04
3.746659999999999854e+04
4.761040000000000146e+04
4.946720000000000437e+04
3.571519999999999709e+04
2.866839999999998690e+04
2.916630000000000655e+04
3.359709999999999854e+04
2.806579999999999563e+04
3.057089999999999054e+04
3.849239999999999418e+04
4.027250000000002183e+04
4.847070000000000437e+04
4.340929999999999563e+04
3.329850000000000000e+04
2.918660000000001310e+04
3.486350000000000000e+04
3.543119999999999709e+04
2.903260000000000582e+04
3.963920000000000437e+04
4.240009999999999127e+04
4.847790000000000146e+04
5.296160000000000582e+04
3.949679999999999563e+04
3.246469999999998981e+04
3.043769999999999709e+04
3.521910000000000582e+04
3.111320000000000437e+04
2.606269999999998618e+04
3.051590000000000146e+04
2.957530000000000655e+04
3.643770000000000437e+04
3.287500000000000728e+04
3.008450000000001091e+04
3.071530000000000291e+04
3.157539999999999418e+04
3.658639999999996508e+04
2.870160000000000218e+04
3.432630000000000291e+04
3.846120000000001164e+04
4.311209999999996944e+04
5.078989999999999418e+04
4.139829999999999563e+04
3.776169999999998981e+04
3.198680000000000291e+04
3.976100000000000000e+04
4.188250000000001455e+04
3.490970000000000437e+04
4.933180000000002474e+04
5.383260000000000582e+04
6.490980000000001746e+04
6.696640000000000873e+04
4.760839999999999418e+04
3.485119999999999709e+04
3.893929999999998836e+04
3.810509999999999127e+04
2.769129999999999200e+04
3.609419999999998254e+04
3.914869999999998981e+04
4.490209999999998399e+04
5.277059999999999854e+04
4.412030000000001019e+04
3.510169999999999709e+04
3.551950000000001455e+04
3.987589999999999418e+04
2.942820000000001164e+04
3.215179999999999927e+04
3.889480000000001019e+04
4.182500000000000728e+04
5.511779999999998836e+04
6.267730000000001019e+04
5.972390000000000873e+04
4.495750000000000728e+04
3.504660000000000582e+04
3.074019999999998254e+04
2.224740000000000146e+04
1.882470000000000800e+04
1.868370000000000800e+04
1.902280000000001382e+04
2.405830000000001019e+04
3.840980000000000291e+04
5.211790000000000146e+04
4.199439999999999418e+04
2.730340000000001601e+04
3.134610000000000218e+04
3.137590000000000509e+04
3.137729999999998472e+04
3.849140000000000146e+04
4.280339999999999418e+04
4.004469999999999709e+04
3.006849999999999636e+04
2.390479999999999563e+04
2.706450000000000000e+04
3.178650000000000000e+04
2.575729999999999927e+04
2.972900000000000000e+04
3.714499999999999272e+04
3.669610000000000582e+04
4.220370000000000437e+04
3.754309999999998399e+04
2.821640000000001965e+04
2.529559999999999491e+04
2.997639999999999418e+04
3.195109999999999854e+04
2.877860000000000582e+04
3.620769999999998981e+04
3.966290000000002328e+04
4.445339999999997963e+04
4.907730000000001746e+04
3.875950000000000000e+04
2.777770000000001164e+04
2.654720000000000800e+04
3.037190000000001237e+04
2.630970000000000073e+04
2.609219999999999345e+04
3.431560000000001310e+04
3.784699999999999272e+04
4.732949999999999272e+04
5.850529999999998836e+04
5.773380000000003201e+04
5.041239999999999418e+04
4.149800000000001455e+04
2.937810000000000218e+04
2.415350000000001091e+04
2.690159999999999491e+04
2.739769999999999345e+04
3.583720000000001164e+04
4.511469999999999709e+04
4.099939999999998690e+04
3.631170000000000437e+04
3.536279999999999563e+04
3.175109999999999491e+04
2.363900000000000364e+04
2.445919999999999345e+04
2.807290000000000509e+04
3.120020000000000073e+04
4.365429999999999563e+04
4.907530000000001019e+04
4.605130000000000291e+04
4.297749999999997817e+04
3.973320000000000437e+04
3.047629999999999927e+04
2.433800000000000000e+04
3.012560000000001673e+04
2.997200000000000364e+04
3.551190000000002328e+04
4.563740000000000146e+04
4.419119999999998254e+04
4.308809999999997672e+04
3.900450000000000728e+04
3.374680000000000291e+04
2.672750000000000364e+04
2.249420000000000437e+04
2.565179999999999200e+04
2.653770000000000800e+04
3.332139999999998690e+04
4.164730000000000291e+04
4.113550000000000728e+04
3.756409999999998399e+04
3.160629999999999563e+04
2.708839999999999782e+04
2.304849999999999636e+04
2.021499999999999272e+04
2.252099999999998909e+04
2.362129999999999200e+04
2.817470000000000437e+04
3.271050000000001091e+04
3.143439999999998690e+04
2.786740000000000509e+04
2.228030000000001382e+04
2.004839999999999418e+04
2.070619999999998981e+04
1.935400000000000000e+04
1.914310000000000946e+04
2.219469999999999345e+04
2.522030000000001382e+04
2.679970000000001164e+04
2.622979999999999563e+04
2.347510000000000582e+04
2.162380000000000291e+04
2.165259999999999854e+04
2.072389999999999782e+04
2.280950000000000364e+04
2.944500000000000364e+04
3.563630000000000291e+04
4.214589999999998690e+04
4.682620000000000437e+04
4.099559999999999854e+04
2.969430000000000655e+04
2.152540000000000509e+04
1.914840000000000146e+04
2.081239999999999782e+04
2.298640000000000509e+04
2.974540000000000509e+04
4.139389999999999418e+04
5.109260000000001310e+04
5.254649999999998545e+04
4.105870000000001892e+04
2.810549999999998545e+04
2.130309999999999491e+04
1.994509999999999854e+04
2.077729999999999200e+04
2.225369999999999345e+04
2.889970000000000800e+04
3.922499999999999272e+04
4.297820000000000437e+04
3.829660000000000582e+04
2.811489999999999782e+04
2.081000000000000000e+04
1.950129999999999927e+04
1.917270000000000437e+04
1.896479999999999927e+04
1.893350000000000000e+04
2.052539999999999418e+04
2.409939999999998690e+04
2.728660000000000218e+04
2.786009999999999854e+04
2.459119999999999709e+04
2.015779999999999927e+04
1.927979999999999927e+04
1.941180000000001382e+04
1.855570000000000073e+04
1.782570000000001164e+04
1.891900000000000728e+04
2.235820000000000437e+04
2.758650000000000364e+04
3.023139999999999782e+04
2.580619999999999345e+04
2.045800000000000000e+04
2.181179999999999563e+04
2.303760000000000218e+04
2.043639999999999418e+04
1.929719999999999709e+04
2.083069999999999709e+04
2.317250000000000728e+04
2.622379999999999200e+04
2.821719999999999345e+04
2.518800000000000364e+04
2.046930000000000655e+04
2.283390000000001237e+04
2.731100000000000000e+04
2.539100000000000000e+04
2.480899999999998909e+04
3.122369999999998981e+04
3.566960000000001310e+04
3.018010000000001673e+04
2.255890000000000146e+04
1.962450000000000728e+04
1.980240000000001601e+04
2.147489999999999418e+04
2.387950000000000728e+04
2.534409999999999491e+04
2.697320000000000073e+04
3.070819999999999709e+04
3.187209999999999491e+04
2.693309999999999854e+04
2.085690000000000509e+04
1.857979999999998836e+04
1.926850000000000000e+04
2.017050000000000728e+04
2.206740000000000509e+04
2.537680000000000291e+04
2.911899999999998545e+04
3.262589999999999782e+04
3.136950000000001455e+04
2.440100000000000000e+04
2.213109999999999491e+04
2.406469999999999345e+04
2.183060000000001310e+04
2.346939999999999054e+04
3.033689999999999782e+04
3.008500000000000364e+04
2.374510000000001310e+04
1.987550000000000364e+04
1.902159999999998399e+04
1.936660000000000582e+04
1.974009999999998763e+04
1.844940000000001965e+04
1.826479999999999200e+04
1.886110000000000582e+04
1.896540000000000509e+04
2.098500000000000364e+04
2.413369999999999709e+04
2.471940000000000146e+04
2.335040000000000873e+04
2.162089999999999782e+04
1.960350000000000728e+04
1.903010000000000946e+04
2.057939999999999418e+04
1.951230000000000655e+04
1.934829999999999200e+04
2.306109999999999127e+04
2.547760000000001673e+04
2.359899999999999272e+04
2.061339999999999782e+04
1.881800000000000000e+04
1.847960000000000582e+04
1.944310000000000582e+04
1.927740000000000509e+04
1.875889999999999782e+04
2.166370000000000073e+04
2.812759999999999854e+04
3.230930000000000655e+04
3.045989999999999418e+04
2.503980000000000655e+04
2.035589999999999782e+04
2.255200000000000728e+04
2.753050000000000728e+04
2.838359999999999854e+04
2.890750000000000728e+04
3.457990000000001601e+04
3.889179999999999563e+04
3.461169999999999709e+04
2.604970000000001164e+04
2.048069999999999709e+04
2.120929999999999200e+04
2.357809999999999127e+04
2.468969999999999709e+04
2.702940000000000146e+04
3.339600000000000000e+04
3.936240000000000873e+04
3.710190000000001601e+04
2.795419999999999709e+04
2.098720000000000800e+04
2.052940000000000509e+04
2.206740000000000146e+04
2.263840000000000146e+04
2.283600000000000364e+04
2.468969999999999345e+04
2.973569999999999709e+04
3.482310000000001310e+04
3.273469999999999709e+04
2.510849999999999636e+04
1.990320000000000073e+04
1.985569999999999709e+04
2.048740000000000146e+04
1.985030000000000291e+04
1.912999999999999636e+04
2.019090000000001237e+04
2.262759999999999854e+04
2.480579999999999563e+04
2.394190000000000146e+04
2.017600000000000000e+04
1.809759999999999491e+04
1.935920000000000073e+04
2.048450000000000364e+04
1.977770000000000437e+04
1.866370000000000073e+04
1.898859999999999854e+04
1.956059999999999854e+04
1.957609999999999491e+04
1.885380000000000291e+04
1.795359999999999491e+04
1.726569999999999709e+04
1.797989999999999782e+04
1.909329999999999563e+04
1.942019999999999345e+04
2.010479999999999563e+04
2.205319999999999345e+04
2.285909999999999854e+04
2.061270000000000800e+04
1.846959999999999127e+04
1.876880000000000291e+04
1.929629999999999200e+04
1.925270000000000437e+04
2.061070000000000073e+04
2.388839999999999054e+04
2.454880000000000291e+04
2.200200000000000364e+04
1.967970000000000073e+04
1.915760000000001310e+04
1.937690000000000146e+04
1.853479999999999927e+04
1.868890000000000146e+04
2.076840000000000509e+04
2.452959999999999854e+04
2.836140000000000509e+04
3.106539999999999054e+04
2.991760000000000218e+04
2.554010000000000218e+04
2.084729999999999563e+04
1.884740000000000509e+04
2.027609999999999127e+04
2.237619999999998981e+04
2.258769999999998618e+04
2.260989999999999418e+04
2.510279999999998836e+04
2.892539999999999782e+04
3.001220000000000073e+04
2.575450000000000728e+04
2.048989999999999418e+04
2.009509999999998763e+04
2.316309999999999854e+04
2.528570000000000073e+04
2.600239999999999418e+04
2.878720000000000437e+04
3.254150000000000728e+04
3.238410000000000582e+04
2.740659999999999854e+04
2.134009999999999854e+04
1.820710000000000582e+04
1.918160000000000218e+04
2.142300000000000364e+04
2.262259999999999854e+04
2.243900000000000364e+04
2.308560000000000218e+04
2.543359999999999491e+04
2.700729999999999927e+04
2.597800000000000364e+04
2.222300000000000728e+04
1.920630000000001019e+04
1.994130000000000291e+04
2.343460000000000218e+04
2.485449999999999636e+04
2.372879999999999927e+04
2.548270000000000073e+04
3.139879999999999563e+04
3.349239999999999418e+04
2.816969999999998981e+04
2.151290000000000146e+04
2.049039999999999782e+04
2.266350000000000728e+04
2.325589999999999782e+04
2.137939999999999418e+04
2.133319999999999709e+04
2.564860000000000218e+04
3.201719999999999345e+04
3.181350000000000364e+04
2.502270000000000073e+04
2.038509999999999127e+04
2.243110000000000582e+04
2.722830000000000655e+04
3.002789999999999782e+04
3.465380000000000291e+04
4.254609999999999127e+04
4.770509999999999854e+04
4.310659999999999127e+04
3.103600000000000364e+04
2.164070000000000073e+04
2.083539999999999782e+04
2.507100000000000728e+04
2.716760000000000218e+04
2.832499999999999272e+04
3.458460000000000582e+04
4.309209999999999127e+04
4.407669999999998981e+04
3.554980000000000291e+04
2.418019999999999709e+04
2.056359999999999854e+04
2.427839999999999418e+04
2.740230000000000291e+04
2.754059999999998763e+04
2.856320000000000073e+04
3.345689999999999418e+04
3.626440000000000146e+04
3.092750000000001091e+04
2.344710000000000582e+04
2.043520000000000073e+04
2.012830000000000291e+04
1.849659999999999491e+04
1.718290000000000146e+04
