1.631478309631347656e+00 9.577159347724551708e+02
7.780327081680297852e+00 9.579615197711649444e+02
1.330546426773071289e+01 9.579883296119372744e+02
1.884600806236267090e+01 9.579980454568632240e+02
2.436433124542236328e+01 9.579854129972669625e+02
2.988596558570861816e+01 9.580206414850864576e+02
3.531880807876586914e+01 9.580633049948568214e+02
4.096011972427368164e+01 9.581952058930379508e+02
4.644758033752441406e+01 9.581571288613823754e+02
5.195869851112365723e+01 9.582727389160583016e+02
5.752911210060119629e+01 9.582881183173520867e+02
6.395944690704345703e+01 9.582697913067355557e+02
6.953430509567260742e+01 9.583914680808458115e+02
7.492984771728515625e+01 9.584102277004948292e+02
8.056529617309570312e+01 9.583261028192124513e+02
8.607915663719177246e+01 9.585056306190994064e+02
9.150464701652526855e+01 9.583981423782719276e+02
9.709675669670104980e+01 9.586418355920942531e+02
1.026669373512268066e+02 9.585760222660170484e+02
1.081560363769531250e+02 9.585967490426370432e+02
1.136844463348388672e+02 9.586235929202154011e+02
1.203355042934417725e+02 9.585646896270287698e+02
1.258914895057678223e+02 9.587278078759087521e+02
1.313759210109710693e+02 9.586336763319953889e+02
1.368077483177185059e+02 9.585631859772071266e+02
1.424811244010925293e+02 9.588799371987269069e+02
1.480224881172180176e+02 9.587012205572349330e+02
1.534588439464569092e+02 9.589250582030498435e+02
1.590349345207214355e+02 9.589303216570414179e+02
1.644705920219421387e+02 9.588041629835937556e+02
1.700800709724426270e+02 9.589509969883571330e+02
1.768113815784454346e+02 9.588428551279088197e+02
1.822378687858581543e+02 9.589792600023289424e+02
1.878451657295227051e+02 9.589958853520053026e+02
1.932959866523742676e+02 9.589017660799162286e+02
1.988434853553771973e+02 9.591515753589952737e+02
2.044224793910980225e+02 9.590616508429792475e+02
2.099745335578918457e+02 9.660161775103316586e+02
2.154991159439086914e+02 9.591888568581056234e+02
2.210214736461639404e+02 9.657337974648829686e+02
2.265032598972320557e+02 9.592120788828727882e+02
2.333479819297790527e+02 9.658945900993579698e+02
2.389853830337524414e+02 9.658254787372774217e+02
2.444285082817077637e+02 9.659279565840264468e+02
2.499655535221099854e+02 9.659435822838905779e+02
2.555306489467620850e+02 9.659833725921592986e+02
2.610969948768615723e+02 9.660700235080886387e+02
2.666214921474456787e+02 9.660566661738038192e+02
2.720426352024078369e+02 9.660818179315409679e+02
2.775927844047546387e+02 9.659744626417185600e+02
2.830849637985229492e+02 9.662167049598634776e+02
2.901059865951538086e+02 9.662060653554675582e+02
2.956229181289672852e+02 9.661017744884674130e+02
3.010873844623565674e+02 9.662953173150314115e+02
3.072657530307769775e+02 9.662858831801030419e+02
3.128457930088043213e+02 9.662917438004075166e+02
3.182725231647491455e+02 9.663103430075140068e+02
3.239208681583404541e+02 9.662835004390759650e+02
3.294034693241119385e+02 9.664503480540798819e+02
3.348785414695739746e+02 9.664510526177954262e+02
3.404445023536682129e+02 9.664650165772969785e+02
3.476707623004913330e+02 9.664138686764607655e+02
3.532824914455413818e+02 9.665389290644480980e+02
3.587722811698913574e+02 9.664072201824993726e+02
3.642801568508148193e+02 9.666014839498230913e+02
3.697699873447418213e+02 9.664125639973534589e+02
3.753278903961181641e+02 9.664870180333206235e+02
3.809179790019989014e+02 9.665501160596157888e+02
3.863445932865142822e+02 9.665633410914944079e+02
3.918354458808898926e+02 9.666073131457725367e+02
3.974453442096710205e+02 9.666210921416962947e+02
4.049604272842407227e+02 9.666178364005096455e+02
4.104399056434631348e+02 9.667866688997127085e+02
4.160340285301208496e+02 9.667717410762426198e+02
4.215676424503326416e+02 9.666715748424284129e+02
