1.151900000000000000e+04
1.252500000000000000e+04
2.075900000000000000e+04
3.210800000000000000e+04
2.950800000000000000e+04
2.202400000000000000e+04
2.386100000000000000e+04
2.249700000000000000e+04
1.427900000000000000e+04
1.205600000000000000e+04
1.279900000000000000e+04
1.572900000000000000e+04
3.256000000000000000e+04
7.612600000000000000e+04
1.282520000000000000e+05
1.232340000000000000e+05
6.040400000000000000e+04
2.295100000000000000e+04
1.967900000000000000e+04
1.499900000000000000e+04
1.591200000000000000e+04
2.009200000000000000e+04
4.845100000000000000e+04
1.160140000000000000e+05
1.425730000000000000e+05
8.983300000000000000e+04
3.560300000000000000e+04
2.027300000000000000e+04
1.878300000000000000e+04
1.620000000000000000e+04
1.822300000000000000e+04
2.552700000000000000e+04
4.337600000000000000e+04
7.188900000000000000e+04
7.383400000000000000e+04
4.180000000000000000e+04
2.101600000000000000e+04
1.686600000000000000e+04
1.527100000000000000e+04
1.809800000000000000e+04
2.623700000000000000e+04
5.284400000000000000e+04
9.830500000000000000e+04
1.175930000000000000e+05
7.951900000000000000e+04
3.198900000000000000e+04
1.847100000000000000e+04
1.753300000000000000e+04
1.746900000000000000e+04
2.023300000000000000e+04
3.008300000000000000e+04
6.726200000000000000e+04
9.845800000000000000e+04
8.198800000000000000e+04
4.614500000000000000e+04
2.250600000000000000e+04
1.582400000000000000e+04
1.808400000000000000e+04
1.730700000000000000e+04
2.253200000000000000e+04
4.081400000000000000e+04
6.881400000000000000e+04
8.518300000000000000e+04
6.250100000000000000e+04
2.972100000000000000e+04
1.727600000000000000e+04
1.554200000000000000e+04
1.721500000000000000e+04
1.920900000000000000e+04
3.310000000000000000e+04
4.801900000000000000e+04
5.169900000000000000e+04
7.907300000000000000e+04
9.684800000000000000e+04
5.619000000000000000e+04
2.149000000000000000e+04
1.691600000000000000e+04
1.399900000000000000e+04
1.780600000000000000e+04
3.485500000000000000e+04
9.173100000000000000e+04
1.571670000000000000e+05
1.291480000000000000e+05
5.345000000000000000e+04
2.224000000000000000e+04
1.643700000000000000e+04
1.374000000000000000e+04
1.650200000000000000e+04
2.103900000000000000e+04
5.111300000000000000e+04
1.121530000000000000e+05
1.348670000000000000e+05
8.287100000000000000e+04
2.985500000000000000e+04
1.576500000000000000e+04
1.409800000000000000e+04
1.504000000000000000e+04
1.965800000000000000e+04
3.244400000000000000e+04
8.221700000000000000e+04
1.452370000000000000e+05
1.336170000000000000e+05
6.242100000000000000e+04
2.357800000000000000e+04
1.751100000000000000e+04
1.576500000000000000e+04
1.786200000000000000e+04
2.207100000000000000e+04
4.892600000000000000e+04
9.575200000000000000e+04
1.150230000000000000e+05
8.373200000000000000e+04
3.835100000000000000e+04
1.833100000000000000e+04
1.614800000000000000e+04
1.818900000000000000e+04
2.237500000000000000e+04
3.220700000000000000e+04
7.310100000000000000e+04
1.109270000000000000e+05
9.842900000000000000e+04
5.662000000000000000e+04
2.360800000000000000e+04
1.766800000000000000e+04
1.995900000000000000e+04
2.103300000000000000e+04
2.610800000000000000e+04
4.366500000000000000e+04
8.319900000000000000e+04
9.443400000000000000e+04
6.095700000000000000e+04
3.223500000000000000e+04
1.770500000000000000e+04
1.379000000000000000e+04
1.372500000000000000e+04
1.399200000000000000e+04
2.076000000000000000e+04
5.550600000000000000e+04
1.617620000000000000e+05
2.309740000000000000e+05
1.460930000000000000e+05
4.731400000000000000e+04
2.207900000000000000e+04
1.545800000000000000e+04
1.420900000000000000e+04
1.763500000000000000e+04
3.485700000000000000e+04
1.154820000000000000e+05
2.375710000000000000e+05
2.323910000000000000e+05
1.035580000000000000e+05
3.575500000000000000e+04
2.432500000000000000e+04
1.664000000000000000e+04
2.129100000000000000e+04
2.627500000000000000e+04
7.209500000000000000e+04
1.836330000000000000e+05
2.599970000000000000e+05
1.933530000000000000e+05
6.986900000000000000e+04
3.511500000000000000e+04
2.702100000000000000e+04
1.887900000000000000e+04
2.686800000000000000e+04
3.936500000000000000e+04
7.096800000000000000e+04
5.909100000000000000e+04
7.131000000000000000e+04
1.269490000000000000e+05
8.358700000000000000e+04
3.387900000000000000e+04
2.842600000000000000e+04
1.910500000000000000e+04
2.977100000000000000e+04
5.780000000000000000e+04
1.636620000000000000e+05
2.404130000000000000e+05
1.564890000000000000e+05
5.373200000000000000e+04
2.296300000000000000e+04
2.210900000000000000e+04
2.185700000000000000e+04
2.257600000000000000e+04
3.404100000000000000e+04
8.377000000000000000e+04
1.796540000000000000e+05
1.849730000000000000e+05
8.817700000000000000e+04
3.055300000000000000e+04
2.450800000000000000e+04
2.109900000000000000e+04
1.673400000000000000e+04
1.802900000000000000e+04
3.574300000000000000e+04
9.636100000000000000e+04
1.646940000000000000e+05
1.391840000000000000e+05
6.216100000000000000e+04
2.544900000000000000e+04
1.882800000000000000e+04
1.795300000000000000e+04
1.759500000000000000e+04
2.552500000000000000e+04
6.817000000000000000e+04
1.786610000000000000e+05
2.424930000000000000e+05
1.446110000000000000e+05
4.463700000000000000e+04
2.415600000000000000e+04
1.719800000000000000e+04
1.563400000000000000e+04
1.754700000000000000e+04
3.291500000000000000e+04
8.704300000000000000e+04
1.635990000000000000e+05
1.681790000000000000e+05
8.095600000000000000e+04
2.840900000000000000e+04
2.172300000000000000e+04
1.568700000000000000e+04
1.571200000000000000e+04
1.797700000000000000e+04
4.325800000000000000e+04
1.039230000000000000e+05
1.491090000000000000e+05
1.152420000000000000e+05
4.692400000000000000e+04
2.272900000000000000e+04
1.931700000000000000e+04
1.586100000000000000e+04
1.838700000000000000e+04
2.852000000000000000e+04
7.643800000000000000e+04
1.270390000000000000e+05
1.214550000000000000e+05
6.816700000000000000e+04
2.653100000000000000e+04
1.900100000000000000e+04
1.672400000000000000e+04
1.945200000000000000e+04
2.340100000000000000e+04
4.590200000000000000e+04
9.522200000000000000e+04
1.172810000000000000e+05
9.129900000000000000e+04
4.471300000000000000e+04
2.095400000000000000e+04
1.773100000000000000e+04
1.559000000000000000e+04
1.630500000000000000e+04
2.328500000000000000e+04
5.229500000000000000e+04
8.548600000000000000e+04
8.690400000000000000e+04
5.945500000000000000e+04
2.969800000000000000e+04
1.807600000000000000e+04
1.787100000000000000e+04
1.739100000000000000e+04
2.319900000000000000e+04
3.933600000000000000e+04
4.297600000000000000e+04
3.272400000000000000e+04
5.963400000000000000e+04
8.207100000000000000e+04
4.513900000000000000e+04
2.594000000000000000e+04
2.540700000000000000e+04
1.623400000000000000e+04
2.187100000000000000e+04
4.862300000000000000e+04
1.575980000000000000e+05
2.441010000000000000e+05
1.559930000000000000e+05
4.806800000000000000e+04
2.677900000000000000e+04
1.804500000000000000e+04
1.581000000000000000e+04
1.621100000000000000e+04
2.353600000000000000e+04
6.675400000000000000e+04
1.588660000000000000e+05
1.947170000000000000e+05
1.032820000000000000e+05
3.568100000000000000e+04
2.550700000000000000e+04
1.580800000000000000e+04
1.724700000000000000e+04
1.934400000000000000e+04
4.236900000000000000e+04
1.175290000000000000e+05
2.060820000000000000e+05
1.750470000000000000e+05
6.473600000000000000e+04
3.152300000000000000e+04
2.467100000000000000e+04
1.745800000000000000e+04
2.103600000000000000e+04
2.981700000000000000e+04
8.637400000000000000e+04
1.676380000000000000e+05
1.959480000000000000e+05
1.155840000000000000e+05
3.753700000000000000e+04
2.570900000000000000e+04
1.838400000000000000e+04
2.079100000000000000e+04
2.440700000000000000e+04
5.794700000000000000e+04
1.450950000000000000e+05
2.181160000000000000e+05
1.841530000000000000e+05
7.689500000000000000e+04
3.062100000000000000e+04
2.365300000000000000e+04
1.882400000000000000e+04
2.389700000000000000e+04
3.815300000000000000e+04
9.823700000000000000e+04
1.885690000000000000e+05
2.225630000000000000e+05
1.380820000000000000e+05
4.627800000000000000e+04
2.721500000000000000e+04
2.625800000000000000e+04
2.628200000000000000e+04
2.537400000000000000e+04
5.151000000000000000e+04
1.464960000000000000e+05
3.310290000000000000e+05
3.595510000000000000e+05
1.560200000000000000e+05
4.915300000000000000e+04
3.667600000000000000e+04
2.177100000000000000e+04
2.132300000000000000e+04
2.731800000000000000e+04
8.553600000000000000e+04
2.699030000000000000e+05
4.691910000000000000e+05
3.510660000000000000e+05
1.112700000000000000e+05
5.955300000000000000e+04
3.435400000000000000e+04
2.786800000000000000e+04
2.878600000000000000e+04
5.663100000000000000e+04
1.880000000000000000e+05
4.566970000000000000e+05
5.995640000000000000e+05
3.354550000000000000e+05
1.026730000000000000e+05
7.785900000000000000e+04
3.854300000000000000e+04
4.767900000000000000e+04
5.803300000000000000e+04
1.363230000000000000e+05
1.785470000000000000e+05
1.107020000000000000e+05
2.369880000000000000e+05
2.718680000000000000e+05
1.036390000000000000e+05
7.159700000000000000e+04
4.897400000000000000e+04
4.089800000000000000e+04
7.651600000000000000e+04
2.312400000000000000e+05
4.636240000000000000e+05
4.216030000000000000e+05
2.367370000000000000e+05
9.089100000000000000e+04
5.289400000000000000e+04
5.412200000000000000e+04
3.372300000000000000e+04
4.993200000000000000e+04
1.048620000000000000e+05
3.001950000000000000e+05
4.293400000000000000e+05
3.898890000000000000e+05
2.084250000000000000e+05
7.502900000000000000e+04
8.327600000000000000e+04
4.515900000000000000e+04
5.036100000000000000e+04
6.813700000000000000e+04
1.982870000000000000e+05
3.216590000000000000e+05
2.890490000000000000e+05
2.262100000000000000e+05
1.036400000000000000e+05
4.184000000000000000e+04
3.685500000000000000e+04
2.573800000000000000e+04
2.747000000000000000e+04
6.185500000000000000e+04
2.163430000000000000e+05
5.399730000000000000e+05
6.573650000000000000e+05
3.296940000000000000e+05
1.131700000000000000e+05
7.004400000000000000e+04
3.276800000000000000e+04
3.699200000000000000e+04
3.199300000000000000e+04
8.420000000000000000e+04
2.714860000000000000e+05
5.784570000000000000e+05
5.095710000000000000e+05
1.831210000000000000e+05
9.394500000000000000e+04
5.037300000000000000e+04
3.084600000000000000e+04
2.974000000000000000e+04
4.573100000000000000e+04
1.332530000000000000e+05
3.264420000000000000e+05
4.328440000000000000e+05
2.261950000000000000e+05
6.789800000000000000e+04
4.696900000000000000e+04
2.733000000000000000e+04
2.586000000000000000e+04
3.060600000000000000e+04
8.094100000000000000e+04
2.143250000000000000e+05
3.238810000000000000e+05
2.431950000000000000e+05
9.436200000000000000e+04
4.096400000000000000e+04
3.892200000000000000e+04
2.662900000000000000e+04
2.960800000000000000e+04
4.712100000000000000e+04
1.299040000000000000e+05
2.379040000000000000e+05
2.236370000000000000e+05
1.473700000000000000e+05
6.219100000000000000e+04
3.487700000000000000e+04
3.179900000000000000e+04
2.270700000000000000e+04
3.367600000000000000e+04
7.234800000000000000e+04
1.666080000000000000e+05
1.863110000000000000e+05
1.691990000000000000e+05
1.274900000000000000e+05
4.792600000000000000e+04
3.280100000000000000e+04
2.440000000000000000e+04
3.224100000000000000e+04
5.223500000000000000e+04
7.102200000000000000e+04
8.569300000000000000e+04
1.122770000000000000e+05
1.585430000000000000e+05
1.017870000000000000e+05
3.563700000000000000e+04
2.545000000000000000e+04
1.697100000000000000e+04
1.920600000000000000e+04
4.401200000000000000e+04
1.301690000000000000e+05
2.486960000000000000e+05
2.629550000000000000e+05
1.316700000000000000e+05
4.152100000000000000e+04
3.147100000000000000e+04
2.135900000000000000e+04
2.368200000000000000e+04
3.032000000000000000e+04
7.778000000000000000e+04
1.742990000000000000e+05
2.200760000000000000e+05
1.551250000000000000e+05
5.986100000000000000e+04
3.013500000000000000e+04
2.759000000000000000e+04
1.987400000000000000e+04
2.202500000000000000e+04
3.951900000000000000e+04
1.078900000000000000e+05
1.832260000000000000e+05
1.569350000000000000e+05
8.017400000000000000e+04
3.142800000000000000e+04
2.260200000000000000e+04
1.987300000000000000e+04
1.874300000000000000e+04
2.573500000000000000e+04
5.249900000000000000e+04
1.096330000000000000e+05
1.102790000000000000e+05
1.006700000000000000e+05
7.463200000000000000e+04
3.031700000000000000e+04
2.899400000000000000e+04
2.041200000000000000e+04
2.826000000000000000e+04
3.536600000000000000e+04
7.442500000000000000e+04
9.414000000000000000e+04
7.603600000000000000e+04
9.300600000000000000e+04
5.439100000000000000e+04
2.897700000000000000e+04
2.628600000000000000e+04
1.830500000000000000e+04
2.320100000000000000e+04
3.013400000000000000e+04
5.823200000000000000e+04
4.711800000000000000e+04
7.229000000000000000e+04
9.070200000000000000e+04
3.935000000000000000e+04
3.211300000000000000e+04
2.234800000000000000e+04
2.131900000000000000e+04
2.893100000000000000e+04
7.238000000000000000e+04
1.293540000000000000e+05
1.253250000000000000e+05
9.168000000000000000e+04
3.857500000000000000e+04
2.388000000000000000e+04
2.044600000000000000e+04
1.832700000000000000e+04
2.155000000000000000e+04
3.690800000000000000e+04
8.576700000000000000e+04
1.294010000000000000e+05
1.109670000000000000e+05
5.801500000000000000e+04
2.281000000000000000e+04
2.085900000000000000e+04
1.721700000000000000e+04
1.703800000000000000e+04
2.300500000000000000e+04
5.144700000000000000e+04
9.011900000000000000e+04
8.194200000000000000e+04
7.399400000000000000e+04
4.706000000000000000e+04
1.868700000000000000e+04
1.485600000000000000e+04
1.223200000000000000e+04
1.439500000000000000e+04
1.893100000000000000e+04
3.196800000000000000e+04
4.825800000000000000e+04
5.210600000000000000e+04
4.086000000000000000e+04
2.321500000000000000e+04
1.367600000000000000e+04
1.416900000000000000e+04
1.247900000000000000e+04
1.675000000000000000e+04
2.694500000000000000e+04
4.441200000000000000e+04
3.528800000000000000e+04
5.216200000000000000e+04
6.250700000000000000e+04
3.063400000000000000e+04
2.459400000000000000e+04
1.796100000000000000e+04
2.058000000000000000e+04
2.149600000000000000e+04
4.565300000000000000e+04
5.522700000000000000e+04
6.455700000000000000e+04
8.271800000000000000e+04
4.428200000000000000e+04
2.477200000000000000e+04
2.249200000000000000e+04
1.773000000000000000e+04
2.365200000000000000e+04
2.878700000000000000e+04
4.687600000000000000e+04
3.782200000000000000e+04
7.307400000000000000e+04
8.838500000000000000e+04
3.827900000000000000e+04
3.152400000000000000e+04
2.160300000000000000e+04
2.347200000000000000e+04
2.712400000000000000e+04
6.213100000000000000e+04
9.010700000000000000e+04
7.950200000000000000e+04
8.390300000000000000e+04
4.650700000000000000e+04
2.473400000000000000e+04
2.318600000000000000e+04
1.674200000000000000e+04
2.162100000000000000e+04
3.318900000000000000e+04
7.943400000000000000e+04
1.010540000000000000e+05
9.302300000000000000e+04
7.562300000000000000e+04
3.322700000000000000e+04
2.670600000000000000e+04
2.126400000000000000e+04
2.124700000000000000e+04
2.453600000000000000e+04
4.606900000000000000e+04
7.425900000000000000e+04
7.553300000000000000e+04
1.014340000000000000e+05
6.797800000000000000e+04
3.061800000000000000e+04
2.840200000000000000e+04
1.842900000000000000e+04
2.236500000000000000e+04
3.003600000000000000e+04
6.453400000000000000e+04
6.250200000000000000e+04
7.041500000000000000e+04
1.078840000000000000e+05
5.758700000000000000e+04
3.501100000000000000e+04
2.635500000000000000e+04
2.299800000000000000e+04
2.508600000000000000e+04
4.316800000000000000e+04
5.998600000000000000e+04
4.503300000000000000e+04
8.630600000000000000e+04
7.705000000000000000e+04
3.296400000000000000e+04
3.056300000000000000e+04
1.980300000000000000e+04
2.229800000000000000e+04
2.158700000000000000e+04
3.914900000000000000e+04
4.053700000000000000e+04
5.731100000000000000e+04
1.131620000000000000e+05
7.079200000000000000e+04
3.136900000000000000e+04
2.038500000000000000e+04
1.387800000000000000e+04
1.739700000000000000e+04
2.517400000000000000e+04
5.085800000000000000e+04
7.884500000000000000e+04
6.863400000000000000e+04
4.214600000000000000e+04
2.414000000000000000e+04
1.658100000000000000e+04
1.869600000000000000e+04
1.899300000000000000e+04
3.450600000000000000e+04
7.226100000000000000e+04
1.606960000000000000e+05
1.831930000000000000e+05
1.278150000000000000e+05
5.540000000000000000e+04
2.528500000000000000e+04
2.298900000000000000e+04
2.017300000000000000e+04
2.591300000000000000e+04
4.422100000000000000e+04
1.072310000000000000e+05
1.765370000000000000e+05
1.853130000000000000e+05
1.001300000000000000e+05
3.186100000000000000e+04
2.155800000000000000e+04
2.046400000000000000e+04
2.527900000000000000e+04
3.403100000000000000e+04
7.094000000000000000e+04
1.355660000000000000e+05
1.365130000000000000e+05
1.083310000000000000e+05
5.310000000000000000e+04
2.418600000000000000e+04
2.266500000000000000e+04
1.818700000000000000e+04
2.282800000000000000e+04
3.033100000000000000e+04
6.524700000000000000e+04
8.570600000000000000e+04
7.827400000000000000e+04
7.029900000000000000e+04
3.445700000000000000e+04
2.291200000000000000e+04
1.935100000000000000e+04
1.633000000000000000e+04
2.007300000000000000e+04
3.626000000000000000e+04
6.317800000000000000e+04
6.462400000000000000e+04
6.640000000000000000e+04
4.638400000000000000e+04
2.107100000000000000e+04
2.066900000000000000e+04
1.605600000000000000e+04
1.836200000000000000e+04
2.233100000000000000e+04
4.073300000000000000e+04
5.496600000000000000e+04
4.139500000000000000e+04
5.303000000000000000e+04
3.661200000000000000e+04
2.007300000000000000e+04
1.747400000000000000e+04
1.485700000000000000e+04
1.810600000000000000e+04
2.547400000000000000e+04
4.970100000000000000e+04
6.933800000000000000e+04
6.389800000000000000e+04
4.111200000000000000e+04
1.900900000000000000e+04
1.632800000000000000e+04
1.398400000000000000e+04
1.604500000000000000e+04
2.066400000000000000e+04
4.360400000000000000e+04
8.139400000000000000e+04
9.365200000000000000e+04
7.570800000000000000e+04
3.382400000000000000e+04
1.752900000000000000e+04
1.602400000000000000e+04
1.510200000000000000e+04
1.718400000000000000e+04
2.342900000000000000e+04
4.516300000000000000e+04
6.935300000000000000e+04
6.310900000000000000e+04
5.868400000000000000e+04
3.185600000000000000e+04
1.883000000000000000e+04
1.564800000000000000e+04
1.527000000000000000e+04
1.751700000000000000e+04
2.707200000000000000e+04
4.374300000000000000e+04
4.862500000000000000e+04
3.751700000000000000e+04
2.689100000000000000e+04
1.727600000000000000e+04
1.333700000000000000e+04
1.336200000000000000e+04
1.490800000000000000e+04
1.763900000000000000e+04
3.006300000000000000e+04
4.362300000000000000e+04
5.422700000000000000e+04
8.201900000000000000e+04
5.823300000000000000e+04
2.353300000000000000e+04
1.580800000000000000e+04
1.259700000000000000e+04
1.357200000000000000e+04
1.652700000000000000e+04
3.719800000000000000e+04
7.737500000000000000e+04
1.193130000000000000e+05
1.133620000000000000e+05
5.932200000000000000e+04
2.808000000000000000e+04
2.387300000000000000e+04
2.012300000000000000e+04
2.882900000000000000e+04
3.567100000000000000e+04
6.411600000000000000e+04
5.437400000000000000e+04
1.003460000000000000e+05
8.981600000000000000e+04
3.924800000000000000e+04
3.037600000000000000e+04
2.037300000000000000e+04
2.536800000000000000e+04
3.203200000000000000e+04
7.552200000000000000e+04
1.581020000000000000e+05
2.271780000000000000e+05
1.352060000000000000e+05
4.028200000000000000e+04
2.252200000000000000e+04
1.779900000000000000e+04
1.894900000000000000e+04
2.704900000000000000e+04
5.189500000000000000e+04
1.174850000000000000e+05
2.104840000000000000e+05
2.032380000000000000e+05
8.788600000000000000e+04
3.088000000000000000e+04
2.315300000000000000e+04
1.988900000000000000e+04
2.511500000000000000e+04
3.458500000000000000e+04
8.023000000000000000e+04
1.797670000000000000e+05
2.608620000000000000e+05
1.869140000000000000e+05
6.215700000000000000e+04
2.791600000000000000e+04
2.271700000000000000e+04
2.420200000000000000e+04
3.378400000000000000e+04
6.099200000000000000e+04
1.385360000000000000e+05
2.178020000000000000e+05
2.090770000000000000e+05
1.140340000000000000e+05
3.771300000000000000e+04
3.079400000000000000e+04
2.516000000000000000e+04
3.573000000000000000e+04
4.587100000000000000e+04
9.112200000000000000e+04
1.638210000000000000e+05
1.892490000000000000e+05
1.535790000000000000e+05
6.947500000000000000e+04
2.557000000000000000e+04
2.364000000000000000e+04
2.142500000000000000e+04
3.530000000000000000e+04
4.694100000000000000e+04
1.053490000000000000e+05
1.438850000000000000e+05
1.365280000000000000e+05
1.382590000000000000e+05
6.503100000000000000e+04
3.192400000000000000e+04
2.448200000000000000e+04
2.056000000000000000e+04
2.497200000000000000e+04
3.889800000000000000e+04
6.668300000000000000e+04
7.359600000000000000e+04
7.654600000000000000e+04
5.567400000000000000e+04
2.788500000000000000e+04
1.695000000000000000e+04
2.003600000000000000e+04
2.541600000000000000e+04
4.833300000000000000e+04
1.054330000000000000e+05
2.199570000000000000e+05
2.486810000000000000e+05
1.641920000000000000e+05
6.129700000000000000e+04
3.303600000000000000e+04
3.016700000000000000e+04
2.728000000000000000e+04
3.805700000000000000e+04
7.050400000000000000e+04
1.577940000000000000e+05
2.291160000000000000e+05
2.274030000000000000e+05
1.207150000000000000e+05
3.833900000000000000e+04
3.062900000000000000e+04
2.418200000000000000e+04
3.054400000000000000e+04
4.528500000000000000e+04
9.239900000000000000e+04
1.695430000000000000e+05
1.906020000000000000e+05
1.623290000000000000e+05
7.562200000000000000e+04
3.318200000000000000e+04
3.239400000000000000e+04
2.816500000000000000e+04
4.065000000000000000e+04
5.029100000000000000e+04
1.071590000000000000e+05
1.306360000000000000e+05
1.359270000000000000e+05
1.202650000000000000e+05
4.870200000000000000e+04
3.387100000000000000e+04
2.817500000000000000e+04
3.314400000000000000e+04
4.297600000000000000e+04
7.121700000000000000e+04
1.185630000000000000e+05
1.121680000000000000e+05
1.335250000000000000e+05
9.304900000000000000e+04
3.685600000000000000e+04
3.092100000000000000e+04
2.055100000000000000e+04
3.058800000000000000e+04
3.241400000000000000e+04
6.233200000000000000e+04
7.677800000000000000e+04
1.214440000000000000e+05
1.520340000000000000e+05
6.872800000000000000e+04
3.427800000000000000e+04
2.833200000000000000e+04
3.052500000000000000e+04
4.604200000000000000e+04
7.394000000000000000e+04
1.591350000000000000e+05
2.275950000000000000e+05
2.203070000000000000e+05
1.106490000000000000e+05
3.561900000000000000e+04
2.564600000000000000e+04
2.399300000000000000e+04
3.480400000000000000e+04
4.743800000000000000e+04
9.784400000000000000e+04
1.992350000000000000e+05
2.684120000000000000e+05
1.750600000000000000e+05
5.464800000000000000e+04
2.605300000000000000e+04
2.363500000000000000e+04
2.641900000000000000e+04
3.609200000000000000e+04
5.331300000000000000e+04
1.146270000000000000e+05
1.670360000000000000e+05
1.703550000000000000e+05
1.013120000000000000e+05
3.528900000000000000e+04
2.391500000000000000e+04
1.647000000000000000e+04
1.890100000000000000e+04
1.938300000000000000e+04
3.314700000000000000e+04
4.704200000000000000e+04
5.235600000000000000e+04
5.212100000000000000e+04
3.797700000000000000e+04
1.898200000000000000e+04
1.488800000000000000e+04
1.579500000000000000e+04
2.002400000000000000e+04
3.109800000000000000e+04
5.931200000000000000e+04
7.753400000000000000e+04
9.849100000000000000e+04
1.045060000000000000e+05
4.777000000000000000e+04
3.176200000000000000e+04
2.371600000000000000e+04
2.819400000000000000e+04
3.510800000000000000e+04
5.960700000000000000e+04
8.488500000000000000e+04
8.322600000000000000e+04
9.633000000000000000e+04
6.010300000000000000e+04
2.555500000000000000e+04
2.202300000000000000e+04
1.747300000000000000e+04
2.399900000000000000e+04
3.036000000000000000e+04
5.791300000000000000e+04
6.426400000000000000e+04
6.344600000000000000e+04
8.128400000000000000e+04
4.461300000000000000e+04
2.497900000000000000e+04
2.038900000000000000e+04
2.612500000000000000e+04
3.383700000000000000e+04
5.144500000000000000e+04
1.005620000000000000e+05
1.280630000000000000e+05
1.151570000000000000e+05
5.735200000000000000e+04
2.216800000000000000e+04
1.822700000000000000e+04
1.871600000000000000e+04
2.700300000000000000e+04
3.744500000000000000e+04
7.022600000000000000e+04
1.247630000000000000e+05
1.444660000000000000e+05
1.052540000000000000e+05
4.360200000000000000e+04
2.374900000000000000e+04
2.068600000000000000e+04
2.340800000000000000e+04
3.020900000000000000e+04
4.475800000000000000e+04
7.992600000000000000e+04
1.035280000000000000e+05
1.033970000000000000e+05
6.100400000000000000e+04
2.492900000000000000e+04
2.117500000000000000e+04
1.708600000000000000e+04
2.356400000000000000e+04
2.831700000000000000e+04
5.127700000000000000e+04
7.389300000000000000e+04
7.063500000000000000e+04
7.913500000000000000e+04
4.572300000000000000e+04
2.422400000000000000e+04
2.078000000000000000e+04
1.976800000000000000e+04
2.599800000000000000e+04
3.542700000000000000e+04
6.092400000000000000e+04
6.438800000000000000e+04
7.890300000000000000e+04
7.875600000000000000e+04
3.652800000000000000e+04
2.692400000000000000e+04
2.012800000000000000e+04
2.716300000000000000e+04
2.915400000000000000e+04
4.430800000000000000e+04
5.549100000000000000e+04
4.738200000000000000e+04
9.079000000000000000e+04
7.418500000000000000e+04
2.885300000000000000e+04
1.852200000000000000e+04
1.287800000000000000e+04
1.240700000000000000e+04
1.772200000000000000e+04
3.696900000000000000e+04
5.476100000000000000e+04
4.936400000000000000e+04
3.933000000000000000e+04
3.229700000000000000e+04
1.928100000000000000e+04
1.592600000000000000e+04
1.571100000000000000e+04
2.371700000000000000e+04
4.230900000000000000e+04
1.000560000000000000e+05
1.703550000000000000e+05
1.540980000000000000e+05
7.509200000000000000e+04
2.699700000000000000e+04
2.244100000000000000e+04
2.270800000000000000e+04
3.279200000000000000e+04
4.253200000000000000e+04
8.082500000000000000e+04
1.332600000000000000e+05
1.702350000000000000e+05
1.131380000000000000e+05
3.782300000000000000e+04
1.975300000000000000e+04
1.866200000000000000e+04
2.309900000000000000e+04
3.363600000000000000e+04
4.312100000000000000e+04
7.946500000000000000e+04
9.270100000000000000e+04
1.020050000000000000e+05
8.834400000000000000e+04
3.761200000000000000e+04
2.651000000000000000e+04
1.906000000000000000e+04
2.623200000000000000e+04
2.674000000000000000e+04
4.853000000000000000e+04
7.467500000000000000e+04
9.586800000000000000e+04
1.050350000000000000e+05
5.454500000000000000e+04
2.308800000000000000e+04
1.897100000000000000e+04
1.681400000000000000e+04
2.291800000000000000e+04
2.873800000000000000e+04
5.321100000000000000e+04
7.219700000000000000e+04
1.010960000000000000e+05
1.061020000000000000e+05
5.082800000000000000e+04
2.899400000000000000e+04
2.007900000000000000e+04
2.356800000000000000e+04
2.970300000000000000e+04
4.782400000000000000e+04
6.775900000000000000e+04
6.469800000000000000e+04
8.533800000000000000e+04
6.285800000000000000e+04
2.623700000000000000e+04
2.204200000000000000e+04
1.759900000000000000e+04
2.622800000000000000e+04
3.291200000000000000e+04
6.974900000000000000e+04
1.045530000000000000e+05
1.163560000000000000e+05
8.611900000000000000e+04
3.368700000000000000e+04
2.103900000000000000e+04
1.702000000000000000e+04
2.016100000000000000e+04
2.414000000000000000e+04
4.313400000000000000e+04
7.640900000000000000e+04
1.230440000000000000e+05
1.349950000000000000e+05
7.754900000000000000e+04
3.166000000000000000e+04
2.485800000000000000e+04
2.086200000000000000e+04
3.154000000000000000e+04
3.719600000000000000e+04
6.936400000000000000e+04
9.545900000000000000e+04
9.658600000000000000e+04
8.990100000000000000e+04
4.215000000000000000e+04
1.998600000000000000e+04
1.432900000000000000e+04
1.283700000000000000e+04
1.383000000000000000e+04
2.067600000000000000e+04
3.883700000000000000e+04
4.470700000000000000e+04
3.776300000000000000e+04
3.473100000000000000e+04
2.519300000000000000e+04
1.432500000000000000e+04
1.494000000000000000e+04
1.606700000000000000e+04
2.369700000000000000e+04
3.851800000000000000e+04
5.914200000000000000e+04
6.040800000000000000e+04
8.236200000000000000e+04
5.950300000000000000e+04
2.885300000000000000e+04
2.550900000000000000e+04
2.138300000000000000e+04
3.016900000000000000e+04
3.410600000000000000e+04
6.387200000000000000e+04
6.210400000000000000e+04
7.228600000000000000e+04
6.932300000000000000e+04
3.071900000000000000e+04
2.461300000000000000e+04
1.875900000000000000e+04
2.621500000000000000e+04
3.060500000000000000e+04
4.020200000000000000e+04
6.044700000000000000e+04
4.958700000000000000e+04
7.687200000000000000e+04
6.735700000000000000e+04
3.021000000000000000e+04
2.388800000000000000e+04
1.865700000000000000e+04
2.869800000000000000e+04
3.881300000000000000e+04
8.018900000000000000e+04
1.222530000000000000e+05
1.306820000000000000e+05
8.739400000000000000e+04
3.176700000000000000e+04
2.114700000000000000e+04
1.974700000000000000e+04
2.593100000000000000e+04
3.259400000000000000e+04
5.109800000000000000e+04
9.205100000000000000e+04
1.241000000000000000e+05
1.084800000000000000e+05
5.277500000000000000e+04
2.318800000000000000e+04
2.096500000000000000e+04
1.927800000000000000e+04
2.843100000000000000e+04
3.424300000000000000e+04
5.542300000000000000e+04
8.029800000000000000e+04
8.222200000000000000e+04
6.539600000000000000e+04
3.173400000000000000e+04
1.935100000000000000e+04
1.705400000000000000e+04
1.882300000000000000e+04
2.537600000000000000e+04
3.328600000000000000e+04
5.954200000000000000e+04
6.460100000000000000e+04
7.053600000000000000e+04
6.023100000000000000e+04
2.820600000000000000e+04
2.401800000000000000e+04
1.969400000000000000e+04
2.632100000000000000e+04
3.414000000000000000e+04
5.354900000000000000e+04
8.209100000000000000e+04
7.169200000000000000e+04
6.719600000000000000e+04
4.694000000000000000e+04
2.804400000000000000e+04
2.471600000000000000e+04
1.968100000000000000e+04
2.637300000000000000e+04
2.511400000000000000e+04
4.298600000000000000e+04
3.846000000000000000e+04
4.699100000000000000e+04
6.174900000000000000e+04
3.593700000000000000e+04
1.766300000000000000e+04
1.230500000000000000e+04
1.051000000000000000e+04
1.217700000000000000e+04
1.922000000000000000e+04
3.445500000000000000e+04
4.169600000000000000e+04
3.687500000000000000e+04
3.110300000000000000e+04
2.071700000000000000e+04
1.432500000000000000e+04
1.736400000000000000e+04
1.905000000000000000e+04
3.394400000000000000e+04
5.930800000000000000e+04
1.000180000000000000e+05
1.135920000000000000e+05
7.570700000000000000e+04
3.210800000000000000e+04
2.351200000000000000e+04
2.102800000000000000e+04
2.175600000000000000e+04
3.109800000000000000e+04
4.820500000000000000e+04
8.636400000000000000e+04
9.905400000000000000e+04
9.404000000000000000e+04
5.433300000000000000e+04
2.387600000000000000e+04
2.340800000000000000e+04
2.087100000000000000e+04
2.709200000000000000e+04
3.272100000000000000e+04
5.487900000000000000e+04
8.068800000000000000e+04
7.998800000000000000e+04
6.284500000000000000e+04
3.204000000000000000e+04
2.117000000000000000e+04
2.113200000000000000e+04
2.031000000000000000e+04
2.868200000000000000e+04
3.441800000000000000e+04
5.795500000000000000e+04
5.988000000000000000e+04
6.202600000000000000e+04
5.779500000000000000e+04
3.030700000000000000e+04
2.628800000000000000e+04
2.007400000000000000e+04
2.401800000000000000e+04
2.935100000000000000e+04
4.159600000000000000e+04
5.671300000000000000e+04
5.149400000000000000e+04
6.113200000000000000e+04
4.501200000000000000e+04
2.648300000000000000e+04
2.496200000000000000e+04
1.845900000000000000e+04
2.580400000000000000e+04
2.679400000000000000e+04
4.844700000000000000e+04
4.769000000000000000e+04
5.126400000000000000e+04
6.538000000000000000e+04
3.570400000000000000e+04
2.437800000000000000e+04
1.809800000000000000e+04
2.111800000000000000e+04
2.822400000000000000e+04
4.463300000000000000e+04
7.486900000000000000e+04
1.030140000000000000e+05
1.047360000000000000e+05
5.327600000000000000e+04
2.672200000000000000e+04
2.120700000000000000e+04
2.020400000000000000e+04
2.580200000000000000e+04
3.731700000000000000e+04
6.385800000000000000e+04
1.030320000000000000e+05
1.282190000000000000e+05
8.447200000000000000e+04
3.472900000000000000e+04
2.597200000000000000e+04
1.929700000000000000e+04
2.189900000000000000e+04
2.747700000000000000e+04
4.221700000000000000e+04
6.459400000000000000e+04
8.478300000000000000e+04
8.612300000000000000e+04
4.954900000000000000e+04
2.249400000000000000e+04
1.498200000000000000e+04
1.124800000000000000e+04
1.148500000000000000e+04
1.260600000000000000e+04
1.642200000000000000e+04
2.419100000000000000e+04
3.735500000000000000e+04
4.912300000000000000e+04
3.787800000000000000e+04
1.788900000000000000e+04
1.603200000000000000e+04
1.541800000000000000e+04
1.886200000000000000e+04
2.683000000000000000e+04
4.654300000000000000e+04
5.581100000000000000e+04
5.155200000000000000e+04
4.368200000000000000e+04
2.419600000000000000e+04
2.344800000000000000e+04
1.823600000000000000e+04
2.352600000000000000e+04
2.885600000000000000e+04
4.296900000000000000e+04
5.982900000000000000e+04
5.618600000000000000e+04
5.077300000000000000e+04
2.899200000000000000e+04
2.255700000000000000e+04
2.121000000000000000e+04
1.849500000000000000e+04
2.286300000000000000e+04
2.797200000000000000e+04
4.819300000000000000e+04
4.980800000000000000e+04
4.531000000000000000e+04
4.394600000000000000e+04
2.505000000000000000e+04
2.059000000000000000e+04
1.674200000000000000e+04
1.725000000000000000e+04
2.286900000000000000e+04
3.695300000000000000e+04
6.109700000000000000e+04
7.850500000000000000e+04
8.028000000000000000e+04
4.343600000000000000e+04
2.559000000000000000e+04
2.130500000000000000e+04
1.918000000000000000e+04
2.436700000000000000e+04
3.345400000000000000e+04
5.373500000000000000e+04
7.059500000000000000e+04
8.188400000000000000e+04
5.484500000000000000e+04
2.365500000000000000e+04
2.184100000000000000e+04
1.972300000000000000e+04
1.952500000000000000e+04
2.750900000000000000e+04
3.720400000000000000e+04
6.458200000000000000e+04
7.542300000000000000e+04
6.118900000000000000e+04
3.628500000000000000e+04
2.108700000000000000e+04
2.268700000000000000e+04
1.762600000000000000e+04
2.298800000000000000e+04
2.936700000000000000e+04
4.897300000000000000e+04
6.402400000000000000e+04
6.056800000000000000e+04
5.093800000000000000e+04
2.751800000000000000e+04
2.066700000000000000e+04
2.084900000000000000e+04
1.636800000000000000e+04
2.199600000000000000e+04
2.584000000000000000e+04
4.507400000000000000e+04
4.362200000000000000e+04
4.463900000000000000e+04
4.715100000000000000e+04
2.663600000000000000e+04
2.377800000000000000e+04
1.657200000000000000e+04
1.805400000000000000e+04
1.856000000000000000e+04
2.871800000000000000e+04
3.332200000000000000e+04
2.764100000000000000e+04
4.121900000000000000e+04
3.421300000000000000e+04
1.722300000000000000e+04
1.246900000000000000e+04
1.081300000000000000e+04
1.083200000000000000e+04
1.301500000000000000e+04
2.138800000000000000e+04
3.407400000000000000e+04
3.710500000000000000e+04
3.187400000000000000e+04
2.313400000000000000e+04
1.384600000000000000e+04
1.490500000000000000e+04
1.462100000000000000e+04
1.901500000000000000e+04
3.310300000000000000e+04
5.123700000000000000e+04
8.305700000000000000e+04
8.548800000000000000e+04
4.634300000000000000e+04
2.610700000000000000e+04
2.213000000000000000e+04
1.637300000000000000e+04
1.868700000000000000e+04
2.811000000000000000e+04
4.896400000000000000e+04
7.132100000000000000e+04
9.106800000000000000e+04
6.712000000000000000e+04
3.155500000000000000e+04
2.594300000000000000e+04
2.091200000000000000e+04
2.041700000000000000e+04
2.586400000000000000e+04
4.115500000000000000e+04
5.966100000000000000e+04
7.788500000000000000e+04
7.182000000000000000e+04
3.767700000000000000e+04
2.283200000000000000e+04
2.274100000000000000e+04
1.769200000000000000e+04
2.126500000000000000e+04
2.893300000000000000e+04
4.353700000000000000e+04
5.952500000000000000e+04
6.320800000000000000e+04
4.829400000000000000e+04
2.488100000000000000e+04
2.048300000000000000e+04
1.836800000000000000e+04
1.672100000000000000e+04
2.170900000000000000e+04
2.947600000000000000e+04
4.680200000000000000e+04
5.538400000000000000e+04
5.346100000000000000e+04
3.618600000000000000e+04
1.942600000000000000e+04
1.996800000000000000e+04
1.669800000000000000e+04
1.981900000000000000e+04
2.475000000000000000e+04
3.681100000000000000e+04
5.421400000000000000e+04
5.537600000000000000e+04
5.022600000000000000e+04
2.937900000000000000e+04
2.118200000000000000e+04
2.366700000000000000e+04
1.938600000000000000e+04
2.218000000000000000e+04
2.894600000000000000e+04
4.816400000000000000e+04
6.211000000000000000e+04
6.806400000000000000e+04
4.820500000000000000e+04
2.515400000000000000e+04
2.207400000000000000e+04
1.792100000000000000e+04
2.017700000000000000e+04
2.345300000000000000e+04
3.617000000000000000e+04
5.076100000000000000e+04
6.230100000000000000e+04
6.340400000000000000e+04
3.767100000000000000e+04
2.168500000000000000e+04
1.657200000000000000e+04
1.377400000000000000e+04
1.732700000000000000e+04
2.425400000000000000e+04
3.980500000000000000e+04
5.274800000000000000e+04
6.121400000000000000e+04
5.199900000000000000e+04
2.701200000000000000e+04
1.578800000000000000e+04
1.258500000000000000e+04
1.064400000000000000e+04
1.117400000000000000e+04
1.112900000000000000e+04
1.283100000000000000e+04
2.079600000000000000e+04
3.798100000000000000e+04
4.313400000000000000e+04
2.644500000000000000e+04
1.492500000000000000e+04
1.727500000000000000e+04
1.899300000000000000e+04
2.474000000000000000e+04
3.516500000000000000e+04
4.162300000000000000e+04
4.290500000000000000e+04
3.674400000000000000e+04
2.247400000000000000e+04
1.962800000000000000e+04
1.858400000000000000e+04
1.642500000000000000e+04
2.459600000000000000e+04
3.011500000000000000e+04
4.574600000000000000e+04
5.054700000000000000e+04
4.442200000000000000e+04
3.586100000000000000e+04
2.184300000000000000e+04
2.123900000000000000e+04
1.592100000000000000e+04
1.905600000000000000e+04
2.231200000000000000e+04
3.277700000000000000e+04
4.190700000000000000e+04
3.992900000000000000e+04
4.579700000000000000e+04
3.197000000000000000e+04
1.826300000000000000e+04
1.654500000000000000e+04
1.472000000000000000e+04
1.718600000000000000e+04
2.410300000000000000e+04
3.498000000000000000e+04
5.061300000000000000e+04
7.450400000000000000e+04
6.372100000000000000e+04
3.495100000000000000e+04
2.073400000000000000e+04
1.340100000000000000e+04
1.431100000000000000e+04
1.861700000000000000e+04
3.111300000000000000e+04
4.060400000000000000e+04
6.696300000000000000e+04
7.978400000000000000e+04
4.945300000000000000e+04
2.855200000000000000e+04
1.829900000000000000e+04
1.339800000000000000e+04
1.634300000000000000e+04
2.148200000000000000e+04
3.089800000000000000e+04
3.575600000000000000e+04
4.829500000000000000e+04
4.803700000000000000e+04
2.472700000000000000e+04
1.848300000000000000e+04
1.707200000000000000e+04
1.876900000000000000e+04
2.393600000000000000e+04
3.178200000000000000e+04
4.285200000000000000e+04
5.018700000000000000e+04
4.953000000000000000e+04
3.191100000000000000e+04
2.177800000000000000e+04
1.703400000000000000e+04
1.556500000000000000e+04
2.137200000000000000e+04
2.707800000000000000e+04
3.561000000000000000e+04
4.517200000000000000e+04
4.789600000000000000e+04
3.901800000000000000e+04
2.518300000000000000e+04
1.975400000000000000e+04
1.553200000000000000e+04
1.488900000000000000e+04
1.950600000000000000e+04
2.334700000000000000e+04
3.606400000000000000e+04
3.896100000000000000e+04
3.877300000000000000e+04
3.698300000000000000e+04
2.245000000000000000e+04
1.723800000000000000e+04
1.371200000000000000e+04
1.287600000000000000e+04
1.323700000000000000e+04
1.481200000000000000e+04
1.857500000000000000e+04
1.823900000000000000e+04
3.018100000000000000e+04
3.111500000000000000e+04
1.728900000000000000e+04
1.495500000000000000e+04
1.564500000000000000e+04
1.626600000000000000e+04
2.330300000000000000e+04
3.249300000000000000e+04
4.778300000000000000e+04
6.947700000000000000e+04
5.749000000000000000e+04
3.090000000000000000e+04
1.893100000000000000e+04
1.381500000000000000e+04
1.575500000000000000e+04
2.035500000000000000e+04
3.321400000000000000e+04
4.051500000000000000e+04
5.887000000000000000e+04
7.026700000000000000e+04
4.226600000000000000e+04
2.348300000000000000e+04
1.629700000000000000e+04
1.403100000000000000e+04
1.674100000000000000e+04
2.594100000000000000e+04
4.000400000000000000e+04
5.128800000000000000e+04
6.685200000000000000e+04
5.032500000000000000e+04
2.441700000000000000e+04
1.846600000000000000e+04
1.514000000000000000e+04
1.670300000000000000e+04
2.188300000000000000e+04
3.450600000000000000e+04
4.776600000000000000e+04
5.613600000000000000e+04
5.266500000000000000e+04
3.083200000000000000e+04
2.007800000000000000e+04
1.894200000000000000e+04
1.506700000000000000e+04
1.894900000000000000e+04
2.534100000000000000e+04
3.894000000000000000e+04
4.995700000000000000e+04
4.552400000000000000e+04
3.479100000000000000e+04
2.019000000000000000e+04
1.828900000000000000e+04
1.605100000000000000e+04
1.487300000000000000e+04
2.031000000000000000e+04
2.968800000000000000e+04
4.560400000000000000e+04
4.573900000000000000e+04
4.120500000000000000e+04
2.983900000000000000e+04
1.719100000000000000e+04
1.657700000000000000e+04
1.482100000000000000e+04
1.673100000000000000e+04
2.142300000000000000e+04
3.111200000000000000e+04
3.787000000000000000e+04
4.770100000000000000e+04
4.736600000000000000e+04
3.062500000000000000e+04
2.235400000000000000e+04
1.475400000000000000e+04
1.510400000000000000e+04
1.665800000000000000e+04
2.296600000000000000e+04
2.950800000000000000e+04
3.687300000000000000e+04
5.139600000000000000e+04
4.301700000000000000e+04
2.818500000000000000e+04
1.748400000000000000e+04
1.211800000000000000e+04
1.314400000000000000e+04
1.600400000000000000e+04
2.182000000000000000e+04
2.511900000000000000e+04
3.510300000000000000e+04
3.851500000000000000e+04
2.881100000000000000e+04
1.892100000000000000e+04
1.192300000000000000e+04
1.008100000000000000e+04
9.992000000000000000e+03
1.054100000000000000e+04
1.214500000000000000e+04
1.310200000000000000e+04
2.051500000000000000e+04
2.997900000000000000e+04
2.311400000000000000e+04
1.486200000000000000e+04
1.467400000000000000e+04
1.303200000000000000e+04
1.488600000000000000e+04
1.878000000000000000e+04
2.177000000000000000e+04
2.324200000000000000e+04
2.378100000000000000e+04
2.087600000000000000e+04
1.902600000000000000e+04
1.611400000000000000e+04
1.226200000000000000e+04
1.403900000000000000e+04
1.602900000000000000e+04
2.248600000000000000e+04
2.883900000000000000e+04
3.101200000000000000e+04
2.972100000000000000e+04
2.289900000000000000e+04
1.698300000000000000e+04
1.223300000000000000e+04
1.204600000000000000e+04
1.367900000000000000e+04
1.655200000000000000e+04
2.277600000000000000e+04
2.577700000000000000e+04
2.905100000000000000e+04
2.729800000000000000e+04
1.916800000000000000e+04
1.248600000000000000e+04
9.882000000000000000e+03
1.022800000000000000e+04
1.144200000000000000e+04
1.525700000000000000e+04
1.968000000000000000e+04
2.927300000000000000e+04
3.827100000000000000e+04
3.131500000000000000e+04
1.817400000000000000e+04
1.094700000000000000e+04
1.052900000000000000e+04
1.069100000000000000e+04
1.342600000000000000e+04
1.874100000000000000e+04
2.535800000000000000e+04
3.721400000000000000e+04
4.112000000000000000e+04
2.740700000000000000e+04
1.406600000000000000e+04
1.036100000000000000e+04
1.028700000000000000e+04
1.030100000000000000e+04
1.359700000000000000e+04
1.971500000000000000e+04
2.806300000000000000e+04
3.573600000000000000e+04
3.183700000000000000e+04
1.891200000000000000e+04
1.104900000000000000e+04
9.999000000000000000e+03
1.023700000000000000e+04
1.148600000000000000e+04
1.663800000000000000e+04
2.217600000000000000e+04
2.723500000000000000e+04
2.957600000000000000e+04
2.432900000000000000e+04
1.543400000000000000e+04
1.057600000000000000e+04
1.050300000000000000e+04
1.135500000000000000e+04
1.426400000000000000e+04
2.143500000000000000e+04
2.673000000000000000e+04
2.931400000000000000e+04
2.995500000000000000e+04
2.187200000000000000e+04
1.272000000000000000e+04
9.665000000000000000e+03
9.669000000000000000e+03
1.001400000000000000e+04
1.311300000000000000e+04
1.873800000000000000e+04
2.022500000000000000e+04
2.380600000000000000e+04
2.699400000000000000e+04
1.837700000000000000e+04
1.094000000000000000e+04
1.000300000000000000e+04
9.662000000000000000e+03
1.026500000000000000e+04
1.101500000000000000e+04
1.579600000000000000e+04
2.139800000000000000e+04
2.075100000000000000e+04
1.751400000000000000e+04
1.484100000000000000e+04
1.238300000000000000e+04
1.047600000000000000e+04
1.096000000000000000e+04
1.354600000000000000e+04
1.693300000000000000e+04
2.531000000000000000e+04
3.731300000000000000e+04
3.734200000000000000e+04
2.320100000000000000e+04
1.249800000000000000e+04
1.073400000000000000e+04
1.040500000000000000e+04
1.119300000000000000e+04
1.511800000000000000e+04
2.314500000000000000e+04
3.578100000000000000e+04
4.343400000000000000e+04
3.331800000000000000e+04
1.699500000000000000e+04
1.115300000000000000e+04
1.099200000000000000e+04
1.039900000000000000e+04
1.164100000000000000e+04
1.562800000000000000e+04
2.086200000000000000e+04
2.889000000000000000e+04
3.430900000000000000e+04
2.573700000000000000e+04
1.360600000000000000e+04
1.137100000000000000e+04
1.117300000000000000e+04
1.069300000000000000e+04
1.347400000000000000e+04
1.532900000000000000e+04
1.589800000000000000e+04
2.004600000000000000e+04
2.287400000000000000e+04
1.731400000000000000e+04
1.134500000000000000e+04
1.161600000000000000e+04
1.127400000000000000e+04
1.199100000000000000e+04
1.497100000000000000e+04
1.478400000000000000e+04
1.528200000000000000e+04
1.875700000000000000e+04
1.832800000000000000e+04
1.300200000000000000e+04
1.121000000000000000e+04
1.146100000000000000e+04
1.098100000000000000e+04
1.318800000000000000e+04
1.467900000000000000e+04
1.415000000000000000e+04
1.586300000000000000e+04
1.770900000000000000e+04
1.491500000000000000e+04
1.082800000000000000e+04
1.028000000000000000e+04
1.037100000000000000e+04
1.102900000000000000e+04
1.357100000000000000e+04
1.497300000000000000e+04
1.690900000000000000e+04
1.881900000000000000e+04
1.732000000000000000e+04
1.261700000000000000e+04
1.001200000000000000e+04
1.072100000000000000e+04
1.118900000000000000e+04
1.261200000000000000e+04
1.752400000000000000e+04
2.245300000000000000e+04
2.558400000000000000e+04
2.260100000000000000e+04
1.552300000000000000e+04
1.058800000000000000e+04
9.510000000000000000e+03
1.005100000000000000e+04
1.085300000000000000e+04
1.438000000000000000e+04
1.839700000000000000e+04
2.223300000000000000e+04
2.472500000000000000e+04
1.946000000000000000e+04
1.197600000000000000e+04
1.047700000000000000e+04
1.026300000000000000e+04
1.043300000000000000e+04
1.223800000000000000e+04
1.500800000000000000e+04
1.820600000000000000e+04
1.820400000000000000e+04
1.410900000000000000e+04
1.087600000000000000e+04
1.037700000000000000e+04
1.055300000000000000e+04
1.004800000000000000e+04
1.070900000000000000e+04
1.219900000000000000e+04
1.185500000000000000e+04
1.284600000000000000e+04
1.768400000000000000e+04
1.827500000000000000e+04
1.351900000000000000e+04
9.962000000000000000e+03
9.968000000000000000e+03
1.049000000000000000e+04
1.144800000000000000e+04
1.256800000000000000e+04
1.314500000000000000e+04
1.604300000000000000e+04
2.045600000000000000e+04
1.909700000000000000e+04
1.321000000000000000e+04
1.021100000000000000e+04
1.087700000000000000e+04
1.111800000000000000e+04
1.201800000000000000e+04
1.326100000000000000e+04
1.346200000000000000e+04
1.482600000000000000e+04
1.699600000000000000e+04
1.598700000000000000e+04
1.235700000000000000e+04
1.049500000000000000e+04
1.194900000000000000e+04
1.249100000000000000e+04
1.439400000000000000e+04
2.468900000000000000e+04
3.410400000000000000e+04
3.140600000000000000e+04
2.032700000000000000e+04
1.221900000000000000e+04
1.012400000000000000e+04
1.129700000000000000e+04
1.263100000000000000e+04
1.370500000000000000e+04
1.869900000000000000e+04
2.835700000000000000e+04
3.404500000000000000e+04
2.737600000000000000e+04
1.644500000000000000e+04
1.073100000000000000e+04
1.044500000000000000e+04
1.187000000000000000e+04
1.261600000000000000e+04
1.421100000000000000e+04
1.863400000000000000e+04
2.431800000000000000e+04
2.533200000000000000e+04
1.927900000000000000e+04
1.277200000000000000e+04
1.002000000000000000e+04
1.038900000000000000e+04
1.184800000000000000e+04
1.269100000000000000e+04
1.407600000000000000e+04
1.844300000000000000e+04
2.262800000000000000e+04
2.248600000000000000e+04
1.748600000000000000e+04
1.237200000000000000e+04
1.052400000000000000e+04
1.085600000000000000e+04
1.174300000000000000e+04
1.266200000000000000e+04
1.437300000000000000e+04
1.836500000000000000e+04
2.100400000000000000e+04
1.847300000000000000e+04
1.314300000000000000e+04
9.886000000000000000e+03
9.721000000000000000e+03
1.057500000000000000e+04
1.100600000000000000e+04
1.178600000000000000e+04
1.394400000000000000e+04
1.878400000000000000e+04
2.275900000000000000e+04
1.912000000000000000e+04
1.221200000000000000e+04
1.075000000000000000e+04
1.145700000000000000e+04
1.110500000000000000e+04
1.393900000000000000e+04
1.785700000000000000e+04
1.910400000000000000e+04
1.811400000000000000e+04
1.456200000000000000e+04
1.184400000000000000e+04
1.155500000000000000e+04
1.094500000000000000e+04
1.074800000000000000e+04
1.296500000000000000e+04
1.567200000000000000e+04
1.882000000000000000e+04
2.289500000000000000e+04
2.419400000000000000e+04
1.919900000000000000e+04
1.261500000000000000e+04
9.999000000000000000e+03
1.116500000000000000e+04
1.226600000000000000e+04
1.279400000000000000e+04
1.638200000000000000e+04
2.322100000000000000e+04
2.672200000000000000e+04
2.330200000000000000e+04
1.608900000000000000e+04
1.123200000000000000e+04
1.055600000000000000e+04
1.154700000000000000e+04
1.162400000000000000e+04
1.238300000000000000e+04
1.545500000000000000e+04
1.989200000000000000e+04
2.201700000000000000e+04
1.929500000000000000e+04
1.374700000000000000e+04
1.026200000000000000e+04
9.932000000000000000e+03
1.098200000000000000e+04
1.135600000000000000e+04
1.197500000000000000e+04
1.431100000000000000e+04
1.784700000000000000e+04
1.933800000000000000e+04
1.740900000000000000e+04
1.294300000000000000e+04
9.823000000000000000e+03
9.951000000000000000e+03
1.048100000000000000e+04
1.056700000000000000e+04
1.186300000000000000e+04
1.543200000000000000e+04
1.825200000000000000e+04
1.692200000000000000e+04
1.313900000000000000e+04
1.024600000000000000e+04
9.278000000000000000e+03
9.801000000000000000e+03
1.003600000000000000e+04
1.015400000000000000e+04
1.127600000000000000e+04
1.479000000000000000e+04
1.810600000000000000e+04
1.656500000000000000e+04
