1.892832756042480469e+00,2.220926906993995090e+03
8.059021949768066406e+00,2.213698936612071066e+03
1.362474012374877930e+01,2.213520628159691569e+03
1.906519508361816406e+01,2.220414669684094861e+03
2.471331644058227539e+01,2.213290859047147478e+03
3.021865725517272949e+01,2.220013495688560397e+03
3.564617729187011719e+01,2.213295735008503016e+03
4.128278756141662598e+01,2.220248464310515374e+03
4.682716321945190430e+01,2.220324028075858678e+03
5.231618094444274902e+01,2.220199680612885004e+03
5.784919643402099609e+01,2.220142781100531010e+03
6.453445792198181152e+01,2.213513315724499989e+03
7.000828838348388672e+01,2.220409760081574859e+03
7.556797146797180176e+01,2.220446129416323402e+03
8.106938123703002930e+01,2.220383303640012400e+03
8.653453159332275391e+01,2.220371492360719003e+03
9.200971174240112305e+01,2.213314713095730895e+03
9.755527186393737793e+01,2.220549431568989348e+03
1.031179811954498291e+02,2.220626073958043435e+03
1.086297247409820557e+02,2.220448439876935026e+03
1.141873910427093506e+02,2.220569272047471259e+03
1.209561815261840820e+02,2.213776157315868204e+03
1.265690684318542480e+02,2.220564384488611722e+03
1.319689683914184570e+02,2.220491882666068250e+03
1.376438853740692139e+02,2.213163177206411547e+03
1.431151883602142334e+02,2.220189273186836090e+03
1.486524763107299805e+02,2.213150137607190118e+03
1.541161954402923584e+02,2.220206796175694762e+03
1.597651886940002441e+02,2.213343756395810033e+03
1.652661781311035156e+02,2.213118282909689697e+03
1.707521529197692871e+02,2.212975334511756955e+03
1.777231814861297607e+02,2.213059455182455622e+03
1.833861784934997559e+02,2.219166529933970196e+03
1.888597869873046875e+02,2.218966352117314727e+03
1.943402194976806641e+02,2.212881009700582126e+03
1.998339073657989502e+02,2.212765528514525613e+03
2.053840878009796143e+02,2.212545769249742079e+03
2.108991076946258545e+02,2.212571531858709477e+03
2.165331735610961914e+02,2.212150793338837047e+03
2.219196951389312744e+02,2.212523846684682667e+03
2.275169825553894043e+02,2.212284948077234276e+03
2.345793869495391846e+02,2.212086504026575767e+03
2.402194902896881104e+02,2.212337187676371741e+03
2.456870303153991699e+02,2.212100123367820743e+03
2.512272732257843018e+02,2.212229209342727245e+03
2.567372984886169434e+02,2.212202391009077019e+03
2.623094928264617920e+02,2.212035711809989152e+03
2.677743058204650879e+02,2.212162856920541344e+03
2.732694478034973145e+02,2.211946330383645090e+03
2.788430187702178955e+02,2.212271251797556488e+03
2.842161779403686523e+02,2.212214905131746491e+03
2.916161775588989258e+02,2.211966488825959459e+03
2.970343325138092041e+02,2.212313043086033758e+03
3.032124273777008057e+02,2.212146978595902056e+03
3.087690742015838623e+02,2.212088551714365622e+03
3.142993030548095703e+02,2.212138162287781142e+03
3.198485295772552490e+02,2.212002796734220738e+03
3.253924543857574463e+02,2.212280860208392824e+03
3.308151504993438721e+02,2.212073057843486822e+03
3.364538681507110596e+02,2.212045315015932829e+03
3.419615035057067871e+02,2.212172871024175038e+03
3.494725029468536377e+02,2.212214268329159040e+03
3.549833812713623047e+02,2.212114853498412685e+03
3.605907537937164307e+02,2.212128709576215897e+03
3.660632042884826660e+02,2.212060115527845483e+03
3.716547071933746338e+02,2.212710284355627664e+03
3.771650605201721191e+02,2.239553032112572964e+03
3.826894688606262207e+02,2.294369195224229315e+03
3.882317392826080322e+02,2.333716339768583566e+03
3.937082002162933350e+02,2.351288144609327901e+03
3.992425634860992432e+02,2.361602582903357870e+03
4.067676427364349365e+02,2.376909789608374012e+03
4.122697043418884277e+02,2.381419424745106426e+03
4.179416584968566895e+02,2.393042976790306511e+03
4.233940885066986084e+02,2.396530162793480486e+03
4.290346133708953857e+02,2.406943245714344357e+03
4.344646174907684326e+02,2.409506660271883447e+03
4.400728189945220947e+02,2.411626432981601283e+03
4.455351793766021729e+02,2.421570949918595034e+03
4.510661814212799072e+02,2.423846025065977301e+03
4.566331863403320312e+02,2.425194615214620171e+03
4.646140396595001221e+02,2.435379504277572778e+03
4.701538629531860352e+02,2.437804476790189710e+03
4.757583324909210205e+02,2.438617348521263011e+03
4.812993087768554688e+02,2.440546185259995582e+03
4.867352588176727295e+02,2.449971923636424435e+03
4.922876412868499756e+02,2.451363920064067770e+03
4.978641934394836426e+02,2.453608989441293033e+03
5.033325536251068115e+02,2.454778647159039338e+03
5.089230954647064209e+02,2.456218139021211755e+03
5.143587014675140381e+02,2.465327987535682041e+03
5.226880140304565430e+02,2.467338551917845052e+03
5.281781678199768066e+02,2.468320843751593202e+03
5.336999278068542480e+02,2.469355212153378034e+03
5.391488010883331299e+02,2.470341868728402005e+03
5.447105858325958252e+02,2.471255553367259381e+03
5.502119145393371582e+02,2.480205670888874920e+03
5.556697001457214355e+02,2.481062810597464704e+03
5.613084523677825928e+02,2.481796950017810104e+03
5.668310868740081787e+02,2.482210244172124021e+03
5.723739674091339111e+02,2.483219348024379087e+03
5.809196782112121582e+02,2.483938758356654489e+03
5.865461797714233398e+02,2.484453305331671800e+03
5.920050003528594971e+02,2.485209041493335008e+03
5.975779750347137451e+02,2.494479448186754780e+03
6.038741607666015625e+02,2.494777888366917068e+03
6.093824656009674072e+02,2.495565714921600829e+03
6.149161167144775391e+02,2.496139985280547990e+03
6.204032568931579590e+02,2.496433959429861261e+03
6.260461788177490234e+02,2.497101280752326147e+03
6.314970388412475586e+02,2.497112147784883746e+03
6.402544815540313721e+02,2.497988665826122087e+03
6.458322210311889648e+02,2.498589578389944563e+03
6.512506589889526367e+02,2.498700451766217157e+03
6.568454616069793701e+02,2.499258471723095226e+03
6.623711693286895752e+02,2.499502523923069475e+03
6.678917496204376221e+02,2.499636490330612560e+03
6.733781783580780029e+02,2.510063747561716355e+03
6.789871814250946045e+02,2.510146227944259863e+03
6.844234268665313721e+02,2.510526185079506376e+03
6.899884402751922607e+02,2.511055982203333315e+03
6.992951781749725342e+02,2.511641066015249180e+03
7.048164281845092773e+02,2.511768266063689680e+03
7.103304014205932617e+02,2.512102090852073161e+03
7.157597091197967529e+02,2.512387060558878147e+03
7.213050832748413086e+02,2.512914799497518288e+03
7.269050958156585693e+02,2.513218140249060070e+03
7.324497117996215820e+02,2.513129360668668141e+03
7.379951410293579102e+02,2.513560712974005583e+03
7.435444583892822266e+02,2.513612626215588534e+03
7.490668659210205078e+02,2.514171365048506686e+03
7.586482565402984619e+02,2.514724922182398132e+03
7.642089071273803711e+02,2.525336717643059274e+03
7.698151869773864746e+02,2.525267173544120851e+03
7.752378275394439697e+02,2.525748351529578031e+03
7.806806364059448242e+02,2.525709924128817875e+03
7.862567756175994873e+02,2.526414170822361939e+03
7.919100513458251953e+02,2.526590438867925968e+03
7.973996877670288086e+02,2.526124631953372955e+03
8.029194579124450684e+02,2.527273759580062688e+03
8.084417212009429932e+02,2.527505780134084034e+03
8.182410764694213867e+02,2.527386310692949337e+03
8.237881519794464111e+02,2.527433118902879869e+03
8.294144206047058105e+02,2.527778977228337681e+03
8.347923038005828857e+02,2.528052349366952967e+03
8.403983035087585449e+02,2.528086227316545319e+03
8.459526376724243164e+02,2.528571525547931287e+03
8.515022237300872803e+02,2.528528218828494573e+03
8.569151225090026855e+02,2.529012847160212004e+03
8.625022253990173340e+02,2.529089549406139213e+03
8.680724723339080811e+02,2.529200711064915140e+03
8.781761691570281982e+02,2.529787911493531283e+03
8.838481743335723877e+02,2.540725371072559028e+03
8.893729579448699951e+02,2.540581710304680655e+03
8.948427150249481201e+02,2.541204747197999041e+03
9.002961821556091309e+02,2.541422115503594796e+03
9.069270296096801758e+02,2.541464726205705119e+03
9.123951942920684814e+02,2.541731743384371384e+03
9.180330855846405029e+02,2.541685938308794903e+03
9.235188887119293213e+02,2.542016767504274867e+03
9.290737211704254150e+02,2.542278346415260785e+03
9.397123317718505859e+02,2.542742164018191943e+03
9.453629662990570068e+02,2.542579261003328611e+03
9.508487203121185303e+02,2.542970591020375196e+03
9.562867109775543213e+02,2.542966901141563085e+03
9.619523484706878662e+02,2.543050548668663396e+03
9.674366028308868408e+02,2.543487527224677251e+03
9.728226966857910156e+02,2.543570296415282428e+03
9.784546554088592529e+02,2.543709069909834852e+03
9.840306432247161865e+02,2.543857814940012759e+03
9.895161788463592529e+02,2.543753855046842546e+03
1.000654954910278320e+03,2.543900192137637987e+03
1.006081688642501831e+03,2.544098432358676291e+03
1.011585219621658325e+03,2.544040753478428087e+03
1.017171876430511475e+03,2.544023603186723449e+03
1.022695183753967285e+03,2.544305935104006039e+03
1.028129685401916504e+03,2.544089815144358909e+03
1.033663752317428589e+03,2.544373106856439335e+03
1.039290985822677612e+03,2.544263039195771853e+03
1.044709545373916626e+03,2.544213447551125682e+03
1.050246181249618530e+03,2.544573143022950262e+03
1.061679507493972778e+03,2.544542256318047293e+03
1.067348477840423584e+03,2.544391789203595181e+03
1.072834316730499268e+03,2.544634717179428208e+03
1.078389709472656250e+03,2.544818322871774399e+03
1.083819040536880493e+03,2.544383791949912847e+03
1.089405153512954712e+03,2.544895743817711718e+03
1.094956179857254028e+03,2.544582960053658098e+03
1.100463269233703613e+03,2.545007042537469715e+03
1.105884714841842651e+03,2.544660890163660497e+03
1.111427652120590210e+03,2.544866868811538097e+03
1.123547264337539673e+03,2.544779326458543892e+03
1.129171540975570679e+03,2.544942212578725503e+03
1.134635895490646362e+03,2.544912470332383691e+03
1.140189682483673096e+03,2.544299446224695657e+03
1.145728711605072021e+03,2.544718681063376152e+03
1.151224563837051392e+03,2.544085594168108400e+03
1.156787933349609375e+03,2.544377950439029519e+03
1.162332883596420288e+03,2.543952526154090720e+03
1.167794630289077759e+03,2.543670159439189320e+03
1.173277444362640381e+03,2.543898017333274765e+03
1.185812335968017578e+03,2.543345769944611220e+03
1.191372502088546753e+03,2.543435545086189450e+03
1.196724489450454712e+03,2.542761466047159956e+03
1.203721505880355835e+03,2.543244622614766286e+03
1.209099699020385742e+03,2.543017174977963350e+03
1.214654836177825928e+03,2.542647091621523032e+03
1.220197290658950806e+03,2.542986119011561641e+03
1.225671617269515991e+03,2.542331435178777610e+03
1.231319083690643311e+03,2.542499374018895196e+03
1.236824805021286011e+03,2.542470987315301954e+03
1.249715116024017334e+03,2.542130763334852873e+03
1.255174154281616211e+03,2.542007822365654192e+03
1.260773314952850342e+03,2.542389923134037872e+03
1.266271287918090820e+03,2.542340362058154369e+03
1.271792073488235474e+03,2.530987275186936586e+03
1.277313671827316284e+03,2.542341231694630551e+03
1.282861570119857788e+03,2.542153266021345189e+03
1.288324897289276123e+03,2.543641558589286433e+03
1.293959666728973389e+03,2.558296757183372392e+03
1.299324153184890747e+03,2.588944516909626600e+03
1.312593214273452759e+03,2.643337825011399218e+03
1.317966180801391602e+03,2.645278724220661843e+03
1.323668877124786377e+03,2.646134568270075761e+03
1.329060795068740845e+03,2.646970038650506922e+03
1.334565188169479370e+03,2.655976713409250806e+03
1.340142791986465454e+03,2.647682476249187857e+03
1.345746182441711426e+03,2.657059013695663907e+03
1.351294444084167480e+03,2.657417976439718132e+03
1.356806183815002441e+03,2.659294813056504154e+03
1.362316177129745483e+03,2.671163070653122304e+03
1.376194655418395996e+03,2.659842996707090151e+03
1.381739803552627563e+03,2.655826139592749769e+03
1.387381782531738281e+03,2.633425020561488964e+03
1.392894517898559570e+03,2.602064412092234761e+03
1.398306998968124390e+03,2.541926258095272260e+03
1.403970130681991577e+03,2.434143857943099647e+03
1.409358688116073608e+03,2.090030424810600380e+03
1.414883675813674927e+03,1.228373094006134579e+03
1.420385767221450806e+03,1.016377359812775239e+03
1.426001808166503906e+03,1.008397792459264906e+03
1.439760311841964722e+03,1.005014756022238430e+03
1.445277006149291992e+03,1.005698414553280145e+03
1.450821767807006836e+03,1.005727184665336040e+03
1.456332204341888428e+03,1.002643663714784793e+03
1.461946204185485840e+03,1.001886689379226254e+03
1.467510698556900024e+03,1.000759759004176658e+03
1.472917184829711914e+03,1.000659730671144075e+03
1.478559713602066040e+03,9.957259932797685451e+02
1.484058008909225464e+03,9.948603573524576404e+02
1.489572280883789062e+03,9.952203561385900912e+02
1.505752004861831665e+03,9.940249894521143688e+02
1.511269462823867798e+03,9.942142389192656537e+02
1.516668962955474854e+03,9.941834864579831219e+02
1.522214476346969604e+03,9.934339466593997940e+02
1.527816814899444580e+03,9.938244950984865227e+02
1.533394969224929810e+03,9.935021644958221714e+02
1.538779020786285400e+03,9.934702680357664804e+02
1.544425888061523438e+03,9.929732198534172767e+02
1.549977183580398560e+03,9.924871606348108344e+02
1.555479706287384033e+03,9.926933237155743655e+02
1.570489597320556641e+03,9.915535202873147682e+02
1.576009316921234131e+03,9.924547290320867887e+02
1.581513381242752075e+03,9.925413777211556408e+02
1.587054713964462280e+03,9.920328710999895065e+02
1.592596160888671875e+03,9.922500615712651779e+02
1.597987324237823486e+03,9.919370170532797601e+02
1.603543884754180908e+03,9.921931646712853308e+02
1.609195086002349854e+03,9.916915137407000884e+02
1.614625742435455322e+03,9.917645081905492361e+02
1.620144024372100830e+03,9.920554610253491319e+02
1.635168702840805054e+03,9.913324770528386125e+02
1.640571128129959106e+03,9.917378687152098564e+02
1.646208247900009155e+03,9.913567098039305847e+02
1.651699425697326660e+03,9.919232856114481365e+02
1.657218357086181641e+03,9.914382253537166889e+02
1.662742419242858887e+03,9.912686432680529833e+02
1.668257119655609131e+03,9.916987217235221124e+02
1.673796369552612305e+03,9.914701316654750372e+02
1.679241497993469238e+03,9.917366135261862610e+02
1.684735093355178833e+03,9.914263645295883407e+02
1.700390210151672363e+03,9.909790377710303346e+02
1.705942929983139038e+03,9.913152192653273005e+02
1.711552610397338867e+03,9.912321575377721956e+02
1.716934231996536255e+03,9.914723340567984451e+02
1.722557157754898071e+03,9.913849080722767440e+02
1.728075978994369507e+03,9.909896873655288800e+02
1.733598494768142700e+03,9.914179664985433647e+02
1.739118602037429810e+03,9.911253932833932367e+02
1.744524761438369751e+03,9.915890313832693437e+02
