8.015330000000003201e+04
9.726590000000000873e+04
8.590159999999997672e+04
5.912700000000000728e+04
3.872830000000000291e+04
2.735559999999999854e+04
1.889859999999998763e+04
1.820809999999999491e+04
2.169420000000000073e+04
3.781199999999999272e+04
9.446969999999996799e+04
1.670104000000000524e+05
1.845017999999999884e+05
1.444012000000000990e+05
9.608650000000002910e+04
5.981299999999997090e+04
3.201090000000000509e+04
3.093570000000000800e+04
5.342300000000000000e+04
7.571240000000003783e+04
1.023860999999999913e+05
1.387021000000000349e+05
1.418191999999999825e+05
9.476170000000001164e+04
4.198559999999999854e+04
2.831299999999997817e+04
3.755220000000000437e+04
4.070840000000000146e+04
4.593089999999999418e+04
7.737720000000001164e+04
1.210248999999999942e+05
1.393300999999999767e+05
1.161340000000000000e+05
7.078479999999997381e+04
3.685359999999996944e+04
3.062559999999999127e+04
3.625389999999999418e+04
3.858200000000000000e+04
5.215630000000001746e+04
8.661360000000000582e+04
1.117796999999999825e+05
9.792999999999998545e+04
6.133519999999999709e+04
3.606160000000001310e+04
2.668009999999999854e+04
2.273009999999999127e+04
2.997350000000001091e+04
4.727809999999999127e+04
5.893140000000000873e+04
6.055390000000000146e+04
5.827090000000000873e+04
5.104030000000000291e+04
4.112379999999999563e+04
3.397360000000000582e+04
2.746659999999999854e+04
2.301549999999999272e+04
3.406260000000000582e+04
5.532000000000000000e+04
6.158150000000000728e+04
4.992109999999999127e+04
4.317069999999998981e+04
4.362930000000001746e+04
3.846749999999997090e+04
2.904229999999998472e+04
2.213969999999998618e+04
2.225100000000000364e+04
3.483390000000000146e+04
5.243429999999999563e+04
5.197530000000003201e+04
3.476170000000000437e+04
3.411039999999999418e+04
5.175150000000002183e+04
5.003779999999998836e+04
3.143189999999999782e+04
3.695640000000001601e+04
5.903279999999998108e+04
7.161159999999997672e+04
9.896300000000002910e+04
1.484571000000000058e+05
1.656461000000000349e+05
1.227501999999999680e+05
6.297879999999998836e+04
3.222090000000001237e+04
3.350019999999999709e+04
4.562590000000001601e+04
5.350399999999999272e+04
7.265789999999997963e+04
1.221991999999999825e+05
1.789317999999999593e+05
1.772040000000000582e+05
1.119806999999999680e+05
4.904559999999997672e+04
2.804390000000000146e+04
3.257170000000000437e+04
4.032860000000000582e+04
5.642100000000000000e+04
9.693750000000000000e+04
1.510219000000000233e+05
1.713705000000000000e+05
1.257758000000000175e+05
6.066790000000000873e+04
2.728939999999998690e+04
1.898189999999999782e+04
1.913530000000000291e+04
2.456949999999998909e+04
4.899179999999999563e+04
1.154581999999999680e+05
1.847919000000001106e+05
1.888401999999999825e+05
1.388471999999999534e+05
9.417680000000000291e+04
6.445719999999998254e+04
3.864340000000000146e+04
4.022030000000000291e+04
6.675559999999996217e+04
7.440660000000002037e+04
6.316330000000001019e+04
6.380550000000000000e+04
7.020250000000000000e+04
5.821889999999998690e+04
3.761610000000000582e+04
3.520779999999999563e+04
3.463459999999999854e+04
4.420239999999999418e+04
8.156809999999997672e+04
9.139780000000003201e+04
7.197099999999998545e+04
6.210690000000000873e+04
4.654750000000000000e+04
2.867790000000000146e+04
2.103889999999999782e+04
2.121189999999999054e+04
2.277419999999999345e+04
3.850559999999997672e+04
6.348460000000000582e+04
6.069419999999998981e+04
6.364529999999999563e+04
7.164209999999999127e+04
5.007440000000001601e+04
3.112250000000000728e+04
2.652979999999998836e+04
2.626119999999999345e+04
3.335480000000000291e+04
6.997770000000002619e+04
1.047718000000000320e+05
8.487409999999997672e+04
7.130919999999999709e+04
6.702209999999997672e+04
3.862879999999998108e+04
2.313020000000000437e+04
2.336990000000000509e+04
2.726000000000000364e+04
3.898300000000000728e+04
7.672729999999998836e+04
8.637389999999999418e+04
5.605099999999997090e+04
6.387550000000000728e+04
5.696859999999997672e+04
2.877989999999998327e+04
2.351289999999999054e+04
2.460050000000000000e+04
3.218000000000000364e+04
5.101189999999999418e+04
8.892360000000003492e+04
7.568100000000000000e+04
5.812599999999997817e+04
9.076920000000001164e+04
6.890359999999997672e+04
3.536790000000000146e+04
3.656810000000000582e+04
3.354420000000000437e+04
4.341419999999998981e+04
6.837549999999998545e+04
7.807900000000002910e+04
5.384899999999999272e+04
8.857939999999996508e+04
1.229872999999999447e+05
6.831749999999998545e+04
5.417990000000000873e+04
4.570580000000002474e+04
3.120709999999999854e+04
4.739360000000002037e+04
5.741480000000000291e+04
5.392430000000000291e+04
5.239310000000002037e+04
1.132091000000000058e+05
1.119082999999999738e+05
5.708400000000000000e+04
5.754109999999999854e+04
3.912459999999999854e+04
3.621880000000000291e+04
4.804560000000000582e+04
4.624670000000001892e+04
4.744009999999998399e+04
1.080191999999999534e+05
1.784212000000000116e+05
1.233770000000000291e+05
7.823390000000000873e+04
7.875280000000000291e+04
4.844659999999999854e+04
4.999490000000000873e+04
1.176165999999999767e+05
2.109130999999999767e+05
2.110833999999999942e+05
1.548966000000000349e+05
1.022000999999999767e+05
4.905819999999999709e+04
5.437620000000001164e+04
5.987639999999997235e+04
6.582739999999995052e+04
1.121153999999999796e+05
1.596735999999999476e+05
1.454394999999999418e+05
9.201889999999996508e+04
7.676649999999998545e+04
5.190769999999999709e+04
4.703010000000001310e+04
4.544920000000001892e+04
3.692649999999999272e+04
5.645899999999999272e+04
6.415229999999998108e+04
8.989979999999998836e+04
7.640759999999996217e+04
7.809960000000003492e+04
1.013203000000000320e+05
6.183920000000000437e+04
5.947010000000002037e+04
4.710460000000002037e+04
5.049969999999997526e+04
6.315600000000001455e+04
7.029330000000001746e+04
9.049700000000001455e+04
7.589869999999998254e+04
1.404639000000000815e+05
1.261796000000000204e+05
7.131260000000004948e+04
7.740629999999995925e+04
4.904020000000000437e+04
6.270120000000000437e+04
5.682929999999998836e+04
7.253039999999999418e+04
6.877060000000000582e+04
1.124214999999999854e+05
1.861680000000000000e+05
1.230228999999999651e+05
9.407139999999996508e+04
6.620870000000001164e+04
5.965040000000001601e+04
6.468969999999997526e+04
5.139859999999997672e+04
6.645759999999999127e+04
8.002330000000009022e+04
1.861823999999999942e+05
2.017504999999999127e+05
1.344700999999999767e+05
1.064180000000000000e+05
6.440460000000002037e+04
6.786679999999998836e+04
5.355599999999999272e+04
4.551919999999998981e+04
6.305769999999999709e+04
1.541742999999999593e+05
2.407548999999999942e+05
1.694109000000000815e+05
1.269306000000000058e+05
8.996019999999998254e+04
6.653139999999999418e+04
7.866220000000002619e+04
7.034339999999997963e+04
1.009805999999999913e+05
8.519899999999998545e+04
1.453076000000000640e+05
1.637219999999999709e+05
9.665620000000002619e+04
9.310559999999996217e+04
6.042700000000001455e+04
7.228190000000002328e+04
8.115689999999996508e+04
1.155696999999999971e+05
1.162784000000000087e+05
9.517739999999999418e+04
1.482360000000000000e+05
1.091287000000000407e+05
7.264599999999998545e+04
5.877470000000004075e+04
3.822859999999998399e+04
4.453139999999997963e+04
4.247499999999999272e+04
4.861420000000000437e+04
5.086430000000000291e+04
9.443270000000002619e+04
1.284930000000000000e+05
9.505599999999998545e+04
7.107390000000000873e+04
6.560240000000000873e+04
4.878230000000001019e+04
8.352199999999995634e+04
1.722598000000000175e+05
1.896540000000000582e+05
1.412666000000000349e+05
1.085965999999999767e+05
6.493319999999999709e+04
2.806650000000000364e+04
2.384879999999999927e+04
2.344040000000000146e+04
2.162580000000000655e+04
3.043520000000000073e+04
4.377019999999998981e+04
8.596929999999998836e+04
1.665372000000000116e+05
1.653460999999999767e+05
9.257889999999999418e+04
6.826869999999996799e+04
5.073209999999999854e+04
3.524699999999999272e+04
3.120370000000000800e+04
2.867010000000000946e+04
4.415780000000001746e+04
1.118149000000000087e+05
2.119291000000000349e+05
1.841915000000000582e+05
1.037988999999999942e+05
7.336710000000000582e+04
4.249550000000000000e+04
3.926419999999999709e+04
3.591950000000000728e+04
3.013380000000000655e+04
6.646170000000002619e+04
1.853974999999999418e+05
2.541466000000000349e+05
1.639771000000001222e+05
1.149368000000000320e+05
7.790089999999999418e+04
6.827869999999999709e+04
8.499780000000000291e+04
1.064427999999999738e+05
1.786553000000000175e+05
1.325391999999999243e+05
8.600000000000001455e+04
7.442870000000002619e+04
4.904450000000000000e+04
5.122990000000001601e+04
4.599240000000000146e+04
6.410209999999998399e+04
8.417020000000001164e+04
1.504441999999999825e+05
1.772154999999999709e+05
1.242033000000000029e+05
1.017384999999999563e+05
5.779129999999998836e+04
3.657529999999999563e+04
3.746210000000000582e+04
3.676659999999999854e+04
5.632300000000000000e+04
7.843550000000002910e+04
1.257193000000000175e+05
1.304135000000000146e+05
9.620319999999996799e+04
6.895930000000003201e+04
4.039279999999999563e+04
3.689710000000000582e+04
3.117449999999998909e+04
3.416569999999998981e+04
4.518129999999998108e+04
6.571660000000000582e+04
9.275949999999997090e+04
8.583399999999997090e+04
8.484430000000001746e+04
6.798850000000000000e+04
4.678830000000002474e+04
4.266789999999998690e+04
3.719040000000001601e+04
4.905380000000000291e+04
5.005770000000000437e+04
6.935220000000002619e+04
5.995720000000000437e+04
4.985360000000000582e+04
7.126179999999998836e+04
5.703420000000001164e+04
4.663809999999999854e+04
3.382500000000000000e+04
3.269209999999999491e+04
3.219290000000000146e+04
3.166390000000000509e+04
3.853350000000001455e+04
3.619020000000001164e+04
6.515750000000000000e+04
6.936550000000000000e+04
3.892400000000000728e+04
3.027879999999998108e+04
2.581910000000000218e+04
2.460240000000001237e+04
3.232610000000000946e+04
4.083809999999999854e+04
5.212609999999996944e+04
5.920830000000001746e+04
4.756219999999998981e+04
2.694159999999999491e+04
2.006650000000000364e+04
2.083349999999999636e+04
2.232080000000001019e+04
3.020350000000000000e+04
4.451749999999999272e+04
6.113580000000000291e+04
6.276390000000001601e+04
4.176770000000001892e+04
2.390199999999999636e+04
1.808290000000000509e+04
1.864350000000000000e+04
1.907179999999999927e+04
2.506769999999999709e+04
3.424429999999998108e+04
5.637269999999999709e+04
7.414980000000000291e+04
5.653669999999999709e+04
3.534559999999999854e+04
2.321419999999999709e+04
2.154709999999999127e+04
2.066190000000000509e+04
1.998150000000000000e+04
2.451850000000000364e+04
3.299020000000001164e+04
4.928090000000002328e+04
4.529819999999999709e+04
3.301809999999999854e+04
2.629299999999998909e+04
1.955079999999999927e+04
1.855090000000000509e+04
1.774400000000000364e+04
2.095340000000001237e+04
2.163330000000000291e+04
2.657620000000000800e+04
3.146760000000000218e+04
2.610649999999999636e+04
2.804290000000000509e+04
2.462149999999999636e+04
2.022999999999999636e+04
1.920989999999999418e+04
1.901739999999999418e+04
2.251180000000000291e+04
2.662789999999999054e+04
3.858070000000002619e+04
3.806040000000000146e+04
3.018020000000001892e+04
2.822279999999999563e+04
2.163309999999998763e+04
1.993780000000000291e+04
1.825909999999999854e+04
1.975920000000000073e+04
2.157210000000000582e+04
2.816010000000000218e+04
3.294590000000000873e+04
2.904729999999999563e+04
3.933709999999999854e+04
3.553929999999999563e+04
2.513850000000000364e+04
2.507420000000000800e+04
2.190120000000000073e+04
3.074300000000000000e+04
4.460099999999999272e+04
7.768059999999999127e+04
9.404120000000002619e+04
6.767159999999994761e+04
3.609139999999998690e+04
2.108209999999999854e+04
2.085430000000000655e+04
1.943070000000000437e+04
2.246990000000000873e+04
3.030130000000000291e+04
5.428749999999998545e+04
8.247409999999999127e+04
8.039430000000000291e+04
5.095769999999999709e+04
2.635219999999999709e+04
1.844709999999999854e+04
1.747660000000000582e+04
1.884580000000000655e+04
2.866300000000001091e+04
4.226650000000000000e+04
7.737840000000003783e+04
1.075388000000000029e+05
8.757400000000000000e+04
5.436670000000001164e+04
3.043809999999999127e+04
2.697310000000000582e+04
2.426220000000000800e+04
2.234219999999999709e+04
2.864700000000000000e+04
3.317560000000001310e+04
4.571490000000003056e+04
7.823059999999999127e+04
1.003844999999999709e+05
6.564629999999997381e+04
3.079550000000000000e+04
2.573000000000000000e+04
2.340729999999999200e+04
2.697360000000000218e+04
4.217080000000001746e+04
6.408739999999997963e+04
7.861400000000001455e+04
5.874870000000001892e+04
4.754849999999999272e+04
3.581359999999999127e+04
2.918539999999999782e+04
3.141370000000001164e+04
3.207869999999999345e+04
4.688460000000002037e+04
6.291770000000000437e+04
1.094958000000000029e+05
1.067724000000000087e+05
8.044409999999999127e+04
6.933659999999997672e+04
4.176079999999999563e+04
4.005680000000000291e+04
3.285959999999999127e+04
3.530679999999999563e+04
5.112370000000001164e+04
8.325109999999996217e+04
1.172116999999999971e+05
8.819459999999999127e+04
7.105249999999998545e+04
5.310000000000000000e+04
3.481400000000000000e+04
3.634030000000001746e+04
2.866590000000000509e+04
3.818080000000000291e+04
5.739150000000000728e+04
1.092233999999999796e+05
1.265440000000000146e+05
1.039674000000000378e+05
7.014720000000001164e+04
3.432519999999998981e+04
2.830710000000000582e+04
2.724259999999999854e+04
3.770569999999998981e+04
5.766889999999997235e+04
9.886170000000001164e+04
1.539001000000000640e+05
1.502070999999998894e+05
9.605300000000000000e+04
5.180739999999997963e+04
3.074790000000001237e+04
3.246029999999999200e+04
3.277099999999998545e+04
5.324020000000000437e+04
7.543809999999999127e+04
1.261833999999999942e+05
1.548325000000000582e+05
1.161922999999999593e+05
7.071890000000003783e+04
3.553959999999998399e+04
2.830580000000000291e+04
2.788129999999999200e+04
3.572980000000001019e+04
5.626990000000000146e+04
8.191940000000002328e+04
1.278347000000000262e+05
1.238238000000000029e+05
8.774550000000000000e+04
6.244359999999999854e+04
3.517299999999998545e+04
3.376359999999999127e+04
3.013429999999999563e+04
4.130460000000002765e+04
4.964580000000001019e+04
7.632219999999999709e+04
9.335069999999998254e+04
7.416639999999999418e+04
8.142869999999998254e+04
6.429049999999998545e+04
4.344909999999999127e+04
4.076939999999998690e+04
3.104210000000000218e+04
3.645899999999999272e+04
3.461239999999998690e+04
5.412879999999998836e+04
5.409470000000001164e+04
7.339739999999997963e+04
1.105755000000000582e+05
7.147950000000000000e+04
4.711770000000000437e+04
3.478419999999999709e+04
2.446019999999999709e+04
2.826659999999999854e+04
3.132780000000000655e+04
5.025889999999998690e+04
8.440880000000003201e+04
8.710949999999997090e+04
4.806609999999999127e+04
2.487349999999999272e+04
2.666999999999999636e+04
2.812629999999999927e+04
3.803070000000000437e+04
7.247170000000001164e+04
1.261294000000000087e+05
1.855788999999999360e+05
1.560783999999999651e+05
7.130839999999995052e+04
3.206070000000000800e+04
2.800130000000000291e+04
2.665119999999998981e+04
3.810490000000001601e+04
5.329759999999999854e+04
9.062559999999997672e+04
1.480069000000000233e+05
1.576543999999999651e+05
1.185309999999999563e+05
5.483839999999998690e+04
3.139340000000000873e+04
2.905409999999999491e+04
3.468900000000001455e+04
5.519579999999999563e+04
8.135060000000003492e+04
1.363583000000000175e+05
1.880471000000000349e+05
1.511295999999999767e+05
8.013020000000002619e+04
3.762419999999997526e+04
3.125599999999998181e+04
2.927880000000000655e+04
3.952499999999997817e+04
6.005260000000002765e+04
9.316419999999996799e+04
1.496883999999999651e+05
1.468733999999999651e+05
9.929909999999994761e+04
5.221420000000000437e+04
2.777450000000001091e+04
2.694039999999999418e+04
2.693000000000000364e+04
4.423730000000000291e+04
6.044329999999998836e+04
9.761919999999998254e+04
1.322072999999999884e+05
1.140285999999999767e+05
8.497539999999997963e+04
4.662579999999998836e+04
3.211859999999998035e+04
3.022160000000000582e+04
3.435780000000001019e+04
5.533219999999998981e+04
8.040389999999997963e+04
1.301680999999999622e+05
1.401155999999999185e+05
9.948510000000002037e+04
6.851279999999998836e+04
4.146069999999998254e+04
4.301919999999999709e+04
3.512890000000000146e+04
5.404789999999999418e+04
7.659540000000002328e+04
1.236507999999999738e+05
1.833053999999999360e+05
1.709528999999999360e+05
1.032021000000000349e+05
4.198760000000001310e+04
2.976189999999999782e+04
2.493429999999999200e+04
3.039289999999999782e+04
5.216979999999997381e+04
8.140419999999999709e+04
1.381569000000000524e+05
1.802783000000000757e+05
1.541860999999999185e+05
8.303730000000000291e+04
3.721049999999998545e+04
2.855590000000001237e+04
2.730439999999999782e+04
4.029439999999998690e+04
5.765109999999998399e+04
1.036563999999999942e+05
1.675206000000000058e+05
1.950449999999999709e+05
1.391977000000000116e+05
6.285940000000001601e+04
3.285669999999999709e+04
3.210260000000000218e+04
2.814249999999999636e+04
3.728420000000001164e+04
3.429340000000000873e+04
3.929490000000000873e+04
6.157449999999997817e+04
8.900760000000002037e+04
7.108899999999998545e+04
3.704739999999997963e+04
2.671180000000001382e+04
3.202130000000001382e+04
3.262049999999999636e+04
5.264229999999998108e+04
7.577140000000002328e+04
1.238550999999999913e+05
1.343259999999999709e+05
9.338700000000000000e+04
5.775289999999998690e+04
3.609629999999999563e+04
3.986029999999999563e+04
3.387859999999999127e+04
5.296480000000003201e+04
7.516780000000000291e+04
1.274376999999999971e+05
1.763782000000000116e+05
1.363117999999999593e+05
8.962599999999998545e+04
4.849569999999998254e+04
4.157619999999998981e+04
3.909739999999997963e+04
3.493770000000001164e+04
5.423700000000001455e+04
7.640270000000001164e+04
1.261375000000000291e+05
1.293831999999999680e+05
8.633670000000002619e+04
6.208940000000002328e+04
3.925640000000000146e+04
4.194119999999998254e+04
3.294390000000000146e+04
3.902319999999999709e+04
5.255109999999999127e+04
1.082153000000000029e+05
1.840463000000000175e+05
2.314659000000000233e+05
1.880571000000000349e+05
9.783380000000001746e+04
6.336669999999999709e+04
4.061609999999999854e+04
3.787870000000001164e+04
4.678679999999998836e+04
7.640680000000000291e+04
1.364434000000000815e+05
2.119073000000000175e+05
2.501359999999999127e+05
1.625977999999999593e+05
8.802200000000002910e+04
5.986069999999999709e+04
3.833959999999999854e+04
4.135430000000000291e+04
4.685910000000001310e+04
8.923350000000002910e+04
1.460799000000000524e+05
2.034405000000000291e+05
1.684528999999999942e+05
7.882489999999997963e+04
4.823070000000001164e+04
3.256640000000000146e+04
3.193349999999999272e+04
4.332609999999999854e+04
7.234829999999997381e+04
1.302641000000000204e+05
1.944791000000001222e+05
2.188039999999997963e+05
1.353578000000000175e+05
5.986409999999998399e+04
4.325190000000000873e+04
3.032509999999999854e+04
3.866970000000001164e+04
5.808380000000001019e+04
1.106831000000000058e+05
1.977729999999999418e+05
2.582754000000000233e+05
2.150527000000000407e+05
1.003928000000000466e+05
4.964239999999998690e+04
3.713619999999998254e+04
2.859840000000000146e+04
4.194340000000000146e+04
6.614669999999996799e+04
1.203003000000000029e+05
1.646748000000000757e+05
1.559126999999999825e+05
1.014550000000000000e+05
4.723749999999999272e+04
3.316599999999999272e+04
2.720100000000000000e+04
2.651780000000000291e+04
3.272450000000000000e+04
3.253740000000000146e+04
3.523740000000000146e+04
3.455300000000001455e+04
6.356130000000001746e+04
7.968160000000000582e+04
4.916780000000000291e+04
3.647240000000000873e+04
3.367439999999999418e+04
3.929220000000000437e+04
7.035209999999999127e+04
1.209031999999999825e+05
2.007660000000000291e+05
2.409696999999999825e+05
1.872268999999999942e+05
9.765189999999997963e+04
5.864210000000000582e+04
3.824009999999999854e+04
3.955629999999997381e+04
4.936300000000000728e+04
8.039270000000001164e+04
1.264374000000000233e+05
1.691839000000000233e+05
1.807048999999999360e+05
1.137306000000000349e+05
5.808140000000002328e+04
3.863800000000000000e+04
2.894389999999998690e+04
4.159819999999998981e+04
5.940620000000000437e+04
1.033876000000000058e+05
1.618191999999999825e+05
1.875450999999999185e+05
1.446999000000000233e+05
6.913479999999997381e+04
4.105810000000000582e+04
3.126630000000000655e+04
3.255190000000000146e+04
5.439970000000001164e+04
7.918269999999999709e+04
1.281666999999999825e+05
1.652691000000000349e+05
1.433896999999999825e+05
8.756379999999998836e+04
4.128060000000001310e+04
3.713140000000000146e+04
3.355819999999999709e+04
3.628489999999999418e+04
5.375610000000000582e+04
7.325639999999997963e+04
1.205186000000000204e+05
1.283325000000000000e+05
9.853880000000004657e+04
5.866229999999999563e+04
3.845340000000001601e+04
3.750010000000002037e+04
2.799629999999999927e+04
3.851120000000001892e+04
5.384860000000002765e+04
8.512750000000000000e+04
1.178084999999999563e+05
1.051143000000000320e+05
7.550550000000002910e+04
4.844579999999998836e+04
4.203480000000001019e+04
4.198000000000002910e+04
3.679850000000000000e+04
5.418089999999997235e+04
7.399520000000002619e+04
1.293496999999999825e+05
1.670092000000000116e+05
1.551848000000000175e+05
1.015799000000000233e+05
6.278189999999998690e+04
4.332349999999999272e+04
3.349820000000000437e+04
4.069020000000000437e+04
5.013410000000000582e+04
9.287819999999996799e+04
1.505596999999999825e+05
1.938795999999999476e+05
1.610450000000000000e+05
9.357220000000002619e+04
6.414879999999997381e+04
3.587210000000002037e+04
3.087310000000000218e+04
3.945520000000001164e+04
6.900520000000002619e+04
1.215988000000000029e+05
1.724813000000000175e+05
1.834683999999999651e+05
1.118451999999999971e+05
5.012090000000000146e+04
3.637809999999999127e+04
2.498030000000001019e+04
2.654879999999998472e+04
2.590929999999998108e+04
2.390840000000000146e+04
2.763000000000000000e+04
4.629260000000000582e+04
7.455869999999999709e+04
6.508079999999999563e+04
4.003169999999998981e+04
4.401069999999999709e+04
4.210589999999996508e+04
5.179639999999999418e+04
8.135790000000003783e+04
1.176451999999999971e+05
1.528183999999999942e+05
1.182103000000000029e+05
7.126360000000000582e+04
4.051650000000000728e+04
3.776499999999999272e+04
3.196389999999999782e+04
4.111000000000000728e+04
5.820729999999999563e+04
7.534279999999998836e+04
1.122200000000000146e+05
1.146343999999999942e+05
8.570310000000000582e+04
4.796240000000002328e+04
3.194009999999999491e+04
3.613239999999998690e+04
2.962099999999999272e+04
4.616549999999997090e+04
6.260850000000001455e+04
8.590670000000002619e+04
1.114494000000000378e+05
9.632200000000001455e+04
6.972519999999996799e+04
4.015369999999999709e+04
3.447980000000001746e+04
3.483569999999998981e+04
3.831029999999998836e+04
6.403070000000000437e+04
8.514059999999996217e+04
1.415014999999999709e+05
1.728782000000000407e+05
1.439915000000000000e+05
8.195570000000001164e+04
5.019500000000000000e+04
4.073520000000001164e+04
3.194010000000000218e+04
4.205350000000002910e+04
5.599670000000001164e+04
9.474460000000000582e+04
1.410592000000000407e+05
1.534440999999999767e+05
1.094062999999999884e+05
5.376520000000000437e+04
3.985870000000001892e+04
3.298279999999998836e+04
3.630659999999999127e+04
5.224920000000000437e+04
6.936060000000000582e+04
1.061542000000000116e+05
1.292603999999999360e+05
1.136194000000000378e+05
6.712320000000002619e+04
3.920910000000000582e+04
4.112170000000001164e+04
3.367100000000000728e+04
4.350959999999999854e+04
5.909480000000001019e+04
8.256350000000004366e+04
1.190021999999999971e+05
1.135537000000000553e+05
8.343070000000001164e+04
4.627389999999998690e+04
3.541970000000000437e+04
3.714010000000001310e+04
2.840620000000000800e+04
3.646639999999999418e+04
4.012820000000000437e+04
5.834849999999998545e+04
6.546379999999999563e+04
6.294270000000003347e+04
6.635910000000000582e+04
4.800670000000000437e+04
4.183600000000001455e+04
2.886430000000000291e+04
2.450379999999998836e+04
2.790000000000000364e+04
3.037589999999999782e+04
4.233869999999998981e+04
4.429079999999998836e+04
6.375239999999998690e+04
8.153890000000000873e+04
6.251990000000000146e+04
4.590690000000000146e+04
3.166000000000000000e+04
2.327410000000000218e+04
2.375459999999999127e+04
2.933120000000000073e+04
5.234040000000002328e+04
8.807179999999998836e+04
7.164479999999997381e+04
3.495410000000001310e+04
2.228039999999999418e+04
2.787240000000000509e+04
3.362270000000001892e+04
4.551409999999998399e+04
7.348439999999995052e+04
1.082019000000000233e+05
1.487453000000000175e+05
1.348563999999999651e+05
7.683980000000000291e+04
4.943420000000001164e+04
4.359590000000000146e+04
3.687200000000000000e+04
4.592320000000003347e+04
5.945990000000001601e+04
9.026370000000005530e+04
1.212628000000000029e+05
1.262069999999999854e+05
9.138899999999997090e+04
5.053160000000000582e+04
4.602390000000000873e+04
4.034810000000002765e+04
3.507790000000001601e+04
5.303439999999999418e+04
7.118630000000001746e+04
1.114442999999999593e+05
1.222021999999999825e+05
9.520080000000001746e+04
5.445999999999997817e+04
3.598529999999998836e+04
3.905719999999998254e+04
3.215379999999999927e+04
3.751819999999998254e+04
5.345500000000000728e+04
7.010830000000000291e+04
9.269660000000003492e+04
8.411040000000002328e+04
6.832270000000002619e+04
5.008419999999999709e+04
4.271990000000000873e+04
4.329059999999999854e+04
3.214070000000000437e+04
4.059240000000002328e+04
4.303109999999999127e+04
5.794549999999997090e+04
6.540590000000001601e+04
6.375450000000000000e+04
9.180330000000000291e+04
8.228510000000000582e+04
5.582550000000002910e+04
4.454839999999999418e+04
3.292920000000000437e+04
4.162980000000000291e+04
4.566469999999999709e+04
6.401070000000000437e+04
6.835909999999999127e+04
6.974229999999997381e+04
6.420980000000001746e+04
4.578740000000000146e+04
4.449889999999999418e+04
3.396969999999999709e+04
4.388959999999999854e+04
5.419060000000002765e+04
7.060379999999998836e+04
9.145069999999999709e+04
8.617920000000005530e+04
5.879339999999999418e+04
3.626560000000000582e+04
3.473870000000000437e+04
3.535259999999999127e+04
3.795329999999998836e+04
5.658520000000001164e+04
7.462029999999998836e+04
1.099096999999999825e+05
1.329242000000000698e+05
1.113461999999999389e+05
6.612780000000000291e+04
5.015280000000001746e+04
4.078739999999999418e+04
3.041739999999999782e+04
3.748279999999999563e+04
4.810549999999996362e+04
6.782889999999997963e+04
9.532179999999997381e+04
9.822020000000001164e+04
6.712949999999998545e+04
3.877980000000000291e+04
2.952570000000001164e+04
2.919149999999999272e+04
2.262230000000000291e+04
2.394699999999999636e+04
2.286219999999999709e+04
2.515950000000000728e+04
5.191819999999998981e+04
8.507889999999997963e+04
6.806189999999999418e+04
3.666589999999998690e+04
2.529929999999999927e+04
3.546219999999998254e+04
3.657900000000000000e+04
4.144260000000001310e+04
5.888509999999999854e+04
7.755910000000000582e+04
7.303000000000002910e+04
4.815720000000001164e+04
4.047650000000000000e+04
4.484779999999998836e+04
5.485230000000000291e+04
3.958969999999999709e+04
4.217969999999998254e+04
4.876440000000000146e+04
7.378279999999995925e+04
8.944859999999997672e+04
7.119979999999997381e+04
5.385489999999998690e+04
3.570429999999999563e+04
3.586460000000000582e+04
3.345640000000000146e+04
2.956460000000000218e+04
4.040459999999999854e+04
4.847469999999998981e+04
6.682330000000000291e+04
7.170510000000002037e+04
6.374250000000001455e+04
5.288090000000000146e+04
4.158629999999998108e+04
4.412070000000001164e+04
3.616620000000000437e+04
4.006659999999999127e+04
5.587959999999999127e+04
7.600240000000000873e+04
1.025369000000000378e+05
1.043839999999999709e+05
7.811389999999999418e+04
5.486990000000000873e+04
5.040289999999999418e+04
3.743270000000000437e+04
3.396089999999999418e+04
4.325270000000000437e+04
6.629179999999998836e+04
1.042976000000000349e+05
1.329886999999999243e+05
1.315132000000000407e+05
8.605190000000000873e+04
5.858440000000002328e+04
4.775100000000000000e+04
3.369360000000002037e+04
3.877510000000000582e+04
5.271680000000001746e+04
8.224339999999996508e+04
1.125285000000000146e+05
1.138408999999999651e+05
7.447500000000001455e+04
4.294210000000000582e+04
4.177279999999998836e+04
3.786219999999999709e+04
3.518050000000000000e+04
4.627989999999997963e+04
6.492059999999997672e+04
9.485710000000002037e+04
1.085751000000000204e+05
7.982099999999998545e+04
4.170090000000000146e+04
3.025560000000001310e+04
3.336980000000001746e+04
3.288879999999999563e+04
3.618939999999997963e+04
4.581159999999999854e+04
6.397290000000000146e+04
8.505770000000001164e+04
8.019889999999996508e+04
7.564170000000001164e+04
6.665680000000001746e+04
5.145499999999997817e+04
4.652320000000000437e+04
3.367650000000000000e+04
4.065170000000000437e+04
5.230300000000001455e+04
7.414920000000004075e+04
9.606970000000004075e+04
7.693189999999999418e+04
5.616550000000000728e+04
4.194540000000000146e+04
3.110369999999999709e+04
2.977759999999999854e+04
2.307859999999999491e+04
1.812759999999999127e+04
1.785740000000000873e+04
2.261940000000000146e+04
4.354319999999998254e+04
6.885379999999998836e+04
6.013419999999997526e+04
3.449139999999999418e+04
2.468800000000000364e+04
2.951179999999999563e+04
3.414250000000001455e+04
4.814249999999998545e+04
7.046770000000002619e+04
9.730650000000000000e+04
1.125169999999999854e+05
7.956859999999997672e+04
4.157270000000001892e+04
3.263509999999999127e+04
3.005500000000000000e+04
3.514640000000001601e+04
4.896259999999999127e+04
6.161649999999997090e+04
9.458380000000001746e+04
1.122887000000000407e+05
9.847999999999998545e+04
6.244789999999998690e+04
3.853080000000000291e+04
3.767349999999998545e+04
3.414449999999999272e+04
4.330610000000001310e+04
5.744830000000000291e+04
8.217459999999997672e+04
1.147424000000000233e+05
1.132305999999999913e+05
7.660389999999996508e+04
4.328819999999999709e+04
3.730029999999998836e+04
3.669029999999997381e+04
3.652370000000000437e+04
4.632139999999999418e+04
5.550370000000000437e+04
7.626699999999997090e+04
8.558010000000003492e+04
6.505340000000000146e+04
3.905690000000000146e+04
2.672369999999999345e+04
2.973929999999999563e+04
3.053870000000000073e+04
3.569380000000000291e+04
4.548790000000000873e+04
5.295110000000002765e+04
6.973849999999998545e+04
6.161730000000000291e+04
4.627410000000003492e+04
3.875659999999999127e+04
3.320860000000001310e+04
3.476559999999999127e+04
3.057939999999999782e+04
3.774220000000000437e+04
4.822440000000000873e+04
6.566439999999997963e+04
8.481930000000000291e+04
7.045049999999997090e+04
6.063400000000001455e+04
4.575439999999999418e+04
3.896990000000000873e+04
3.811619999999999709e+04
3.679429999999998108e+04
5.143479999999999563e+04
6.815100000000000000e+04
9.942160000000000582e+04
1.163283999999999360e+05
1.044268000000000029e+05
7.046890000000000873e+04
5.173400000000000728e+04
3.995410000000001310e+04
3.021160000000000946e+04
3.674319999999999709e+04
4.802109999999999127e+04
7.339629999999997381e+04
8.951400000000000000e+04
9.265490000000000873e+04
8.228000000000000000e+04
5.775799999999997817e+04
4.559640000000000873e+04
3.223800000000000000e+04
3.126240000000000146e+04
3.782369999999999709e+04
5.036270000000001164e+04
7.268260000000002037e+04
8.346810000000002037e+04
8.468550000000004366e+04
6.324459999999998399e+04
4.063129999999999563e+04
3.263090000000000146e+04
2.343420000000000437e+04
1.891830000000000291e+04
1.925529999999999927e+04
1.848650000000000000e+04
2.166600000000000364e+04
4.028309999999999127e+04
6.663199999999997090e+04
5.895300000000001455e+04
3.842460000000002765e+04
3.856760000000001310e+04
3.662110000000001310e+04
4.520479999999998836e+04
6.502840000000000146e+04
8.166759999999997672e+04
9.524939999999993597e+04
8.503189999999997963e+04
5.342910000000000582e+04
3.970859999999998399e+04
4.010980000000001019e+04
3.323879999999999563e+04
3.329479999999998836e+04
4.379070000000001164e+04
5.615530000000001746e+04
7.761529999999998836e+04
8.066790000000000873e+04
6.469389999999999418e+04
4.111009999999999854e+04
3.037429999999999927e+04
2.836749999999998909e+04
2.590830000000000291e+04
3.536870000000000437e+04
4.833470000000002619e+04
6.644100000000000000e+04
8.174959999999999127e+04
6.736569999999998254e+04
4.265059999999999127e+04
3.048120000000000073e+04
3.256680000000000655e+04
3.110489999999999054e+04
3.190790000000000509e+04
4.602820000000000437e+04
6.911119999999995343e+04
9.468659999999997672e+04
1.071119000000000087e+05
1.051171999999999680e+05
7.958140000000000873e+04
6.209969999999998254e+04
4.289900000000002183e+04
2.965309999999999127e+04
3.813910000000000582e+04
5.165510000000002765e+04
7.543540000000006694e+04
9.773400000000000000e+04
1.038120999999999913e+05
8.550639999999997963e+04
6.030200000000000000e+04
5.147520000000001164e+04
3.881139999999998690e+04
3.699420000000002619e+04
4.659849999999998545e+04
6.264430000000000291e+04
8.648840000000003783e+04
9.412300000000000000e+04
7.612519999999996799e+04
4.909559999999999854e+04
3.852310000000001310e+04
3.489470000000001164e+04
2.744409999999999854e+04
3.484169999999997526e+04
4.900970000000001892e+04
6.867689999999997963e+04
8.719779999999998836e+04
7.620040000000003783e+04
5.437039999999999418e+04
3.792089999999999418e+04
3.896449999999999272e+04
3.442170000000001164e+04
3.079720000000000437e+04
4.387969999999998981e+04
5.542599999999998545e+04
6.920280000000001746e+04
7.627100000000000000e+04
6.075929999999999563e+04
3.862339999999999418e+04
3.111030000000000291e+04
3.736959999999998399e+04
3.391269999999998981e+04
3.186559999999998399e+04
4.050140000000000873e+04
4.551650000000000728e+04
5.985659999999999854e+04
5.376870000000000437e+04
4.025040000000002328e+04
4.091450000000000000e+04
3.566409999999999854e+04
2.934530000000000291e+04
2.138150000000000000e+04
1.591920000000000437e+04
1.639220000000000073e+04
2.021549999999998909e+04
3.070190000000001237e+04
4.293719999999998981e+04
3.733750000000000728e+04
2.409130000000001382e+04
2.075740000000000873e+04
2.815140000000000146e+04
3.211599999999998545e+04
3.529200000000000000e+04
5.081139999999997235e+04
6.215110000000002765e+04
7.287010000000002037e+04
7.140509999999997672e+04
5.068650000000001455e+04
3.900350000000000728e+04
3.384719999999999709e+04
2.848339999999999418e+04
3.813969999999998981e+04
5.378729999999998836e+04
7.930439999999999418e+04
9.597320000000002619e+04
9.660619999999999709e+04
8.340500000000000000e+04
5.808750000000001455e+04
4.931600000000000728e+04
3.674060000000000582e+04
3.465090000000000146e+04
4.485860000000000582e+04
5.899959999999999127e+04
7.458429999999998836e+04
7.835720000000002619e+04
6.239780000000001019e+04
4.091300000000001455e+04
3.385880000000000291e+04
3.404509999999999127e+04
2.763229999999999200e+04
3.365980000000001019e+04
4.779840000000000146e+04
6.476080000000000291e+04
7.776009999999999127e+04
6.711280000000001746e+04
4.856160000000000582e+04
3.455000000000000728e+04
3.108049999999999272e+04
2.650250000000000364e+04
2.491689999999997963e+04
3.483689999999998690e+04
4.318490000000000146e+04
5.245329999999999563e+04
5.732919999999997526e+04
4.565930000000000291e+04
3.435139999999997963e+04
2.981159999999999854e+04
3.384750000000000000e+04
3.062239999999999782e+04
3.138000000000000364e+04
3.891130000000001019e+04
4.622089999999999418e+04
5.744050000000000728e+04
4.963680000000000291e+04
3.623380000000000291e+04
2.794129999999999927e+04
2.856730000000000291e+04
3.193409999999998399e+04
2.750870000000000437e+04
3.127820000000000073e+04
3.659880000000000291e+04
4.317579999999997381e+04
5.219190000000000146e+04
4.326769999999998981e+04
4.034309999999999127e+04
3.587299999999999272e+04
3.393209999999999854e+04
3.601170000000000437e+04
3.019990000000001601e+04
3.850709999999999854e+04
4.528880000000001019e+04
5.450830000000000291e+04
5.618290000000000146e+04
4.104959999999997672e+04
2.848389999999999054e+04
2.608159999999999491e+04
2.811790000000000509e+04
2.471020000000000800e+04
2.803309999999999491e+04
3.202970000000000437e+04
3.386600000000000000e+04
4.201319999999998981e+04
3.616880000000000291e+04
3.305980000000000291e+04
3.452799999999998545e+04
2.635669999999999709e+04
2.189349999999999636e+04
1.819880000000000655e+04
1.660850000000000364e+04
1.907710000000000218e+04
2.599470000000001164e+04
3.743770000000000437e+04
3.932770000000000437e+04
3.066769999999999709e+04
2.331730000000001019e+04
1.933310000000000582e+04
2.209769999999999345e+04
2.477100000000000364e+04
2.610339999999999782e+04
2.967870000000000437e+04
3.355630000000000291e+04
3.593629999999998108e+04
4.359139999999999418e+04
5.248830000000000291e+04
4.954179999999999563e+04
4.763019999999999709e+04
3.325860000000000582e+04
2.901460000000001310e+04
2.968170000000001164e+04
2.953260000000000218e+04
3.399100000000001455e+04
3.633200000000000000e+04
4.881330000000000291e+04
4.887979999999999563e+04
4.282779999999999563e+04
3.541630000000001019e+04
2.402790000000000146e+04
2.526750000000000364e+04
2.666880000000001019e+04
3.058699999999999636e+04
3.141809999999999854e+04
4.085549999999999272e+04
4.518529999999998108e+04
4.060010000000001310e+04
4.472209999999999854e+04
3.637259999999999127e+04
3.778779999999998836e+04
4.586400000000000728e+04
5.303760000000001310e+04
6.433179999999998836e+04
5.058159999999997672e+04
3.195439999999999418e+04
2.735820000000000073e+04
3.451769999999999709e+04
2.988060000000000582e+04
2.651200000000000000e+04
3.179690000000000509e+04
3.551580000000000291e+04
4.250970000000001892e+04
4.185489999999998690e+04
3.268250000000000000e+04
2.677570000000000800e+04
2.730039999999999418e+04
3.011270000000000073e+04
2.645059999999999491e+04
2.920539999999999054e+04
3.681999999999999272e+04
4.307189999999998690e+04
4.957930000000000291e+04
4.534389999999999418e+04
3.479060000000001310e+04
2.742740000000001237e+04
3.062030000000000291e+04
3.290259999999998399e+04
2.907950000000000364e+04
3.269709999999999854e+04
3.227100000000000000e+04
3.641969999999998981e+04
4.062269999999999709e+04
3.544250000000000000e+04
3.332310000000001310e+04
3.058070000000001164e+04
3.092590000000000873e+04
2.598079999999999200e+04
2.110839999999998690e+04
2.263999999999998909e+04
2.252770000000000073e+04
2.487109999999998763e+04
2.622350000000001091e+04
2.860840000000000146e+04
3.159510000000000582e+04
3.074760000000000218e+04
3.130260000000001673e+04
2.564700000000000728e+04
2.675279999999998472e+04
2.715080000000001019e+04
2.768549999999999636e+04
3.455100000000000728e+04
3.571790000000000873e+04
4.600479999999998108e+04
4.223870000000001164e+04
3.156739999999999418e+04
2.858770000000001528e+04
1.966579999999999563e+04
1.547780000000000473e+04
1.704500000000000000e+04
2.441989999999999782e+04
3.702619999999999709e+04
4.242119999999999709e+04
3.365050000000000728e+04
2.358620000000000073e+04
2.339629999999998836e+04
3.381750000000000000e+04
3.642919999999999709e+04
4.052719999999998254e+04
4.874989999999998690e+04
4.758899999999997817e+04
4.042689999999999418e+04
2.896490000000000873e+04
2.332470000000000800e+04
3.045070000000000437e+04
3.068440000000000509e+04
2.785639999999999782e+04
3.898720000000001164e+04
4.160550000000000000e+04
5.084319999999999709e+04
5.146490000000001601e+04
3.724490000000000146e+04
2.716790000000000146e+04
2.865889999999999418e+04
3.393920000000001164e+04
2.676650000000000364e+04
2.898460000000000218e+04
3.416109999999999854e+04
3.710199999999999272e+04
3.968090000000000873e+04
3.061209999999999854e+04
2.227309999999999491e+04
2.091579999999999200e+04
2.731330000000000291e+04
2.620999999999999272e+04
2.433210000000000218e+04
3.121950000000000728e+04
3.414209999999999854e+04
4.077600000000000000e+04
3.953680000000000291e+04
2.847650000000000364e+04
2.316090000000000509e+04
2.595050000000000000e+04
3.295469999999999709e+04
2.641860000000000218e+04
2.651210000000000582e+04
3.376450000000000728e+04
3.713850000000001455e+04
4.301219999999998254e+04
3.657619999999999709e+04
2.821780000000000291e+04
2.724569999999999345e+04
3.353120000000001164e+04
3.477850000000001455e+04
2.482519999999999345e+04
2.666830000000000291e+04
2.812640000000000873e+04
3.151069999999999709e+04
3.242529999999999927e+04
2.723010000000000946e+04
3.035350000000000000e+04
3.520560000000000582e+04
4.083049999999998545e+04
3.194969999999999345e+04
2.548559999999999854e+04
3.005900000000001455e+04
3.324259999999999854e+04
4.168709999999999127e+04
3.895449999999999272e+04
2.741050000000000364e+04
2.456699999999999272e+04
2.801869999999999345e+04
2.571269999999998618e+04
2.334569999999999345e+04
2.736000000000000364e+04
3.202500000000000000e+04
4.311459999999999854e+04
5.445440000000000873e+04
5.570100000000000000e+04
4.943469999999999709e+04
4.544279999999999563e+04
3.781090000000000146e+04
2.695789999999999782e+04
2.445630000000000655e+04
2.604199999999998909e+04
2.941859999999999127e+04
4.096450000000000000e+04
4.899169999999999709e+04
4.537539999999998690e+04
3.690060000000002765e+04
2.820240000000000509e+04
2.113189999999999418e+04
1.747610000000000218e+04
1.574120000000000255e+04
1.609900000000000182e+04
1.813379999999999927e+04
2.400729999999998472e+04
3.182850000000000364e+04
3.225429999999999563e+04
2.526990000000000146e+04
2.138419999999999709e+04
2.562270000000001164e+04
2.594920000000000800e+04
2.433290000000000146e+04
2.705200000000000728e+04
3.205839999999999782e+04
3.219760000000000946e+04
2.707010000000000946e+04
2.373619999999998981e+04
2.847390000000001237e+04
3.004069999999998981e+04
2.269470000000000437e+04
2.254539999999999054e+04
2.414550000000000364e+04
2.431350000000000000e+04
2.936979999999999563e+04
2.745820000000000437e+04
2.224569999999999709e+04
2.618130000000000655e+04
3.110350000000000364e+04
2.570519999999999709e+04
2.126079999999999927e+04
2.213820000000000800e+04
2.107849999999999272e+04
2.259359999999999127e+04
2.266780000000000655e+04
1.999539999999998690e+04
2.208340000000000509e+04
2.732409999999998399e+04
2.927469999999998981e+04
2.259590000000000509e+04
1.978420000000000800e+04
2.186909999999998399e+04
2.210500000000000728e+04
2.626380000000000655e+04
3.132350000000000364e+04
3.013090000000000509e+04
2.765570000000000800e+04
2.558679999999999563e+04
2.023409999999999854e+04
1.944090000000000509e+04
2.063960000000000582e+04
2.088879999999999563e+04
2.456290000000000146e+04
3.066260000000000946e+04
3.291930000000001019e+04
3.063680000000000655e+04
3.009070000000000800e+04
2.461800000000001091e+04
1.830540000000000146e+04
1.800140000000000146e+04
2.045329999999999563e+04
2.316150000000000728e+04
3.208599999999998181e+04
4.452650000000000728e+04
4.231319999999999709e+04
3.186449999999998545e+04
2.566319999999999345e+04
2.047409999999999127e+04
1.713229999999999927e+04
1.689720000000000437e+04
1.753310000000000582e+04
1.943219999999999709e+04
2.452190000000000509e+04
2.975300000000000000e+04
2.829359999999998763e+04
2.532830000000000291e+04
2.179419999999999345e+04
1.798500000000000364e+04
1.696670000000000073e+04
1.758690000000000509e+04
1.671000000000000000e+04
1.815239999999999782e+04
2.109990000000000146e+04
2.022150000000000364e+04
2.113539999999999782e+04
2.554480000000000291e+04
2.632080000000000655e+04
2.072880000000000655e+04
1.903829999999998836e+04
1.950799999999999636e+04
1.748620000000000073e+04
1.968449999999999272e+04
2.120680000000000291e+04
2.353169999999999709e+04
3.001519999999999345e+04
3.036229999999999200e+04
2.460829999999999927e+04
2.059690000000000873e+04
1.924140000000000873e+04
1.872439999999999418e+04
2.337059999999999491e+04
3.061420000000000800e+04
3.096589999999999782e+04
2.614800000000000000e+04
2.027620000000000073e+04
1.887590000000000146e+04
2.009420000000000437e+04
1.956899999999999272e+04
1.839510000000000218e+04
2.466200000000000364e+04
3.290600000000001455e+04
3.594689999999998690e+04
3.774029999999998836e+04
3.398270000000000437e+04
2.489240000000000146e+04
1.838799999999999636e+04
1.580700000000000000e+04
1.565850000000000000e+04
1.701309999999999854e+04
1.994920000000000073e+04
2.546340000000001601e+04
3.264400000000001819e+04
3.322529999999998836e+04
2.686620000000000437e+04
2.029449999999999636e+04
1.732580000000000291e+04
1.682069999999999709e+04
1.617890000000000146e+04
1.592389999999999782e+04
1.835650000000000364e+04
2.202020000000000800e+04
2.313460000000000218e+04
2.305679999999999927e+04
2.264590000000000873e+04
1.933779999999999563e+04
1.767180000000000291e+04
1.818329999999999927e+04
1.700089999999999782e+04
1.846359999999999491e+04
2.133010000000000582e+04
2.083070000000000437e+04
2.214589999999999782e+04
2.928439999999998690e+04
3.297239999999999418e+04
2.610069999999999709e+04
2.083489999999999782e+04
2.022740000000000509e+04
1.826469999999998618e+04
2.074770000000000437e+04
2.254969999999999709e+04
2.024119999999999345e+04
2.236170000000000800e+04
3.123339999999999782e+04
3.227800000000000728e+04
2.456040000000000873e+04
2.030850000000000364e+04
1.847400000000000000e+04
1.680300000000000364e+04
1.840780000000001019e+04
1.896250000000000000e+04
1.912460000000000582e+04
2.651869999999999345e+04
3.269809999999999854e+04
2.802509999999999854e+04
2.058760000000000582e+04
1.975890000000000509e+04
2.024599999999999272e+04
2.045420000000000437e+04
2.483829999999999563e+04
2.597949999999999636e+04
2.387829999999999927e+04
2.527320000000000800e+04
2.472700000000000728e+04
1.981510000000000218e+04
1.924759999999999854e+04
1.942920000000000073e+04
1.754959999999999854e+04
1.926719999999998981e+04
2.076229999999999927e+04
1.978879999999999563e+04
1.963509999999999127e+04
2.089729999999999927e+04
1.981309999999999491e+04
1.755970000000000800e+04
1.810879999999999927e+04
1.783229999999999927e+04
1.810940000000000146e+04
2.132339999999999782e+04
2.240649999999999272e+04
2.233370000000001164e+04
2.255790000000000146e+04
1.977350000000000000e+04
1.903470000000000073e+04
1.934789999999999418e+04
1.747610000000000218e+04
1.955739999999999418e+04
2.341039999999999418e+04
2.252729999999999927e+04
2.123290000000000873e+04
1.913209999999999854e+04
1.615349999999999454e+04
1.586379999999999927e+04
1.726079999999999200e+04
1.672470000000000437e+04
1.584939999999999964e+04
1.746430000000000655e+04
1.812420000000000073e+04
1.805819999999998981e+04
2.467170000000001164e+04
3.252490000000001601e+04
3.035440000000000509e+04
2.209500000000000000e+04
1.758060000000000218e+04
1.591779999999999927e+04
1.520170000000000255e+04
1.576189999999999964e+04
1.653489999999999782e+04
1.918769999999999709e+04
2.760439999999999418e+04
3.566160000000001310e+04
3.214379999999999927e+04
2.280989999999999782e+04
1.808629999999999927e+04
1.652940000000000509e+04
1.493539999999999600e+04
1.469529999999999563e+04
1.589470000000001346e+04
1.889659999999999854e+04
2.468959999999999854e+04
2.994049999999999636e+04
2.802660000000000582e+04
2.112479999999999563e+04
1.941959999999999127e+04
2.350400000000000000e+04
2.547740000000000873e+04
2.984730000000000291e+04
3.948660000000000582e+04
4.144010000000000582e+04
3.186100000000000364e+04
2.068710000000000582e+04
1.570589999999999782e+04
1.586670000000000255e+04
1.691390000000000509e+04
1.769080000000000655e+04
1.821740000000000146e+04
2.028620000000000800e+04
2.159829999999999927e+04
2.111069999999999709e+04
1.914710000000000218e+04
1.655840000000000146e+04
1.459770000000000073e+04
1.474350000000000364e+04
1.582450000000000182e+04
1.583780000000000291e+04
1.603519999999999891e+04
1.788359999999999491e+04
1.887429999999999927e+04
1.769529999999999927e+04
1.575940000000000146e+04
1.408359999999999491e+04
1.411370000000000073e+04
1.444170000000000073e+04
1.476780000000000291e+04
1.511230000000000109e+04
1.676580000000000291e+04
1.890759999999999854e+04
2.026929999999999927e+04
1.860829999999999200e+04
1.563829999999999927e+04
1.408829999999999927e+04
1.425660000000000036e+04
1.433380000000000109e+04
1.438940000000000146e+04
1.482789999999999418e+04
1.499339999999999964e+04
1.533860000000000036e+04
1.611859999999999673e+04
1.614979999999999200e+04
1.507290000000000327e+04
1.385400000000000364e+04
1.403189999999999782e+04
1.461630000000000109e+04
1.517350000000000728e+04
1.698710000000000582e+04
1.869360000000000218e+04
1.983329999999999563e+04
1.908749999999998545e+04
1.647589999999999782e+04
1.570180000000000291e+04
1.666469999999999709e+04
1.699800000000000000e+04
1.957140000000000509e+04
2.441090000000000146e+04
2.430430000000000655e+04
2.066360000000000218e+04
1.740190000000000146e+04
1.732360000000000218e+04
1.866670000000000800e+04
1.772319999999999345e+04
1.587150000000000182e+04
1.875949999999999272e+04
2.498700000000001091e+04
2.909339999999999418e+04
3.323219999999999709e+04
3.691419999999998981e+04
3.285750000000000000e+04
2.298359999999999491e+04
1.758029999999999927e+04
1.831660000000000582e+04
1.937120000000001164e+04
2.092079999999999927e+04
2.578710000000000946e+04
3.321019999999999709e+04
3.792650000000000728e+04
3.606290000000000146e+04
2.746509999999999491e+04
1.897420000000000437e+04
1.643389999999999418e+04
1.874720000000000073e+04
1.986910000000000582e+04
2.042220000000000800e+04
2.554819999999999709e+04
3.269860000000000582e+04
3.317049999999999272e+04
2.713239999999999418e+04
1.950200000000000364e+04
1.601940000000000146e+04
1.691790000000000146e+04
2.048099999999999636e+04
2.318850000000000000e+04
2.456979999999999563e+04
2.878419999999999345e+04
3.280170000000001164e+04
3.245070000000000437e+04
2.607970000000000437e+04
1.889609999999999491e+04
1.624079999999999927e+04
1.756690000000000509e+04
1.948850000000000364e+04
1.993159999999999491e+04
2.000589999999999782e+04
2.421439999999998690e+04
2.929700000000000000e+04
3.020870000000000437e+04
2.352100000000000000e+04
1.670329999999999563e+04
1.470290000000000691e+04
1.609800000000000546e+04
1.742590000000000146e+04
1.824450000000000364e+04
1.972830000000000655e+04
2.191179999999999927e+04
2.362980000000001382e+04
2.331690000000000509e+04
2.018200000000000000e+04
1.692720000000000437e+04
1.667109999999999127e+04
1.897530000000000655e+04
2.078659999999999491e+04
2.322079999999999927e+04
3.159079999999999200e+04
4.173829999999999563e+04
4.239160000000002037e+04
3.109890000000000146e+04
2.012820000000000073e+04
1.815509999999999854e+04
1.933620000000000073e+04
1.889099999999999636e+04
2.021060000000000218e+04
2.644770000000001528e+04
3.488940000000000146e+04
3.855670000000000437e+04
3.259200000000000364e+04
2.241600000000000728e+04
1.805600000000000364e+04
1.939010000000001673e+04
2.049330000000000655e+04
1.912700000000000728e+04
2.111690000000000509e+04
2.666499999999998909e+04
2.993919999999999345e+04
2.519470000000000800e+04
1.852469999999999709e+04
1.539590000000000146e+04
1.399960000000000582e+04
1.308269999999999891e+04
1.306099999999999636e+04
1.339259999999999673e+04
1.415039999999999782e+04
1.552480000000000109e+04
1.701610000000000582e+04
1.728089999999999782e+04
1.677970000000000073e+04
1.545519999999999891e+04
1.396030000000000109e+04
1.367989999999999782e+04
1.544889999999999782e+04
1.717499999999999636e+04
1.801250000000000728e+04
1.781700000000000000e+04
1.727679999999999927e+04
1.569200000000000182e+04
1.419570000000000437e+04
1.357879999999999927e+04
1.390479999999999745e+04
1.406830000000000109e+04
1.437699999999999818e+04
1.516910000000000036e+04
1.684250000000000000e+04
1.788370000000000800e+04
1.715349999999999636e+04
1.498660000000000036e+04
1.351050000000000000e+04
1.337499999999999818e+04
1.349019999999999527e+04
