5.180249999999999272e+04
1.238541000000000640e+05
2.030331000000000640e+05
2.002239999999999709e+05
1.177911999999999971e+05
5.126590000000000146e+04
3.194570000000000437e+04
3.230540000000000146e+04
4.217069999999998981e+04
7.049670000000004075e+04
1.300874999999999709e+05
1.856912000000000407e+05
1.770856999999999534e+05
1.089091999999999680e+05
4.735349999999999272e+04
2.403380000000001019e+04
1.888349999999999636e+04
2.312470000000000073e+04
3.660789999999997963e+04
6.721450000000001455e+04
1.337947999999999884e+05
1.929773999999999942e+05
1.621998000000001339e+05
7.920679999999998836e+04
3.004479999999999927e+04
1.846099999999999272e+04
1.772920000000001164e+04
2.469940000000000509e+04
4.663330000000000291e+04
9.297630000000000291e+04
1.613091000000000640e+05
1.897007999999999302e+05
1.289529999999999709e+05
5.436949999999998545e+04
2.472879999999999563e+04
1.775520000000000437e+04
1.870009999999998763e+04
2.587989999999999782e+04
5.296870000000001164e+04
1.046638999999999796e+05
1.626191000000000349e+05
1.763503000000000175e+05
1.086806000000000349e+05
4.384349999999999272e+04
2.834870000000000437e+04
2.548909999999999854e+04
3.060950000000000000e+04
4.861030000000001019e+04
1.055215000000000291e+05
1.703526999999999825e+05
1.729123999999999942e+05
1.255457000000000262e+05
6.783890000000000873e+04
3.430309999999999854e+04
2.983100000000001091e+04
2.993939999999999054e+04
4.195949999999997817e+04
7.114009999999997672e+04
1.331174000000000233e+05
1.951089999999999127e+05
1.594672999999999884e+05
8.925909999999999127e+04
5.070959999999999854e+04
3.100489999999999418e+04
3.145340000000000509e+04
3.299150000000000728e+04
4.732989999999999418e+04
8.336710000000003492e+04
2.131927000000000407e+05
4.112708999999999651e+05
3.836457999999999884e+05
1.674924999999999709e+05
6.241519999999998981e+04
4.333979999999998836e+04
3.276700000000000364e+04
4.251550000000001455e+04
5.941259999999999854e+04
1.386880999999999185e+05
3.189317999999998719e+05
4.260224999999997672e+05
2.886893999999999069e+05
1.101690000000000000e+05
6.652120000000001164e+04
4.507669999999999709e+04
4.271200000000000728e+04
5.827720000000000437e+04
9.457120000000001164e+04
2.302206999999999243e+05
3.858116999999998952e+05
3.623980999999999767e+05
1.808027999999999884e+05
8.063110000000002037e+04
6.063110000000000582e+04
4.288870000000000437e+04
6.036899999999997090e+04
6.840049999999998545e+04
8.430920000000005530e+04
8.629429999999998836e+04
8.733580000000004657e+04
1.798640999999999476e+05
1.857788000000000175e+05
9.904380000000000291e+04
7.009630000000000291e+04
4.644200000000000728e+04
6.169560000000000582e+04
9.416460000000000582e+04
1.635033999999999360e+05
2.982220999999999767e+05
2.780749999999999418e+05
1.270398999999999651e+05
4.511040000000000873e+04
2.929940000000000146e+04
2.891719999999998618e+04
3.507460000000000582e+04
6.418550000000000000e+04
1.164086000000000058e+05
2.384827000000000990e+05
3.469300000000001164e+05
2.563763999999999942e+05
9.909490000000002328e+04
3.664509999999998399e+04
2.609019999999999709e+04
2.690120000000000800e+04
4.257070000000000437e+04
8.042129999999998836e+04
1.723737999999999884e+05
3.235586999999999534e+05
3.568826999999999534e+05
1.953296000000000349e+05
6.330680000000001019e+04
3.483929999999998836e+04
3.072779999999999200e+04
3.722740000000000873e+04
5.559880000000001019e+04
1.048856000000000204e+05
2.347561000000000058e+05
4.079344999999997672e+05
3.680714000000001397e+05
1.575369999999999418e+05
6.402189999999999418e+04
4.272750000000000728e+04
3.527269999999999709e+04
4.321260000000001310e+04
6.340279999999998836e+04
1.443237000000000407e+05
2.959081000000000931e+05
3.996547999999999884e+05
2.802020000000000582e+05
1.072703000000000320e+05
6.122449999999997817e+04
3.915219999999999709e+04
3.772400000000000728e+04
5.267920000000000437e+04
9.415300000000001455e+04
2.230302000000000407e+05
3.352855999999999767e+05
3.064886999999998952e+05
1.564817999999999593e+05
5.738030000000000291e+04
4.077299999999998545e+04
2.983430000000001019e+04
4.219749999999997817e+04
5.686589999999997235e+04
1.298973999999999796e+05
2.628788999999999069e+05
3.177098000000001630e+05
2.521731999999999825e+05
1.174218999999999796e+05
4.721179999999998108e+04
4.317309999999998399e+04
3.925850000000000000e+04
5.886689999999999418e+04
1.066672999999999738e+05
2.216258999999999942e+05
3.269528000000000466e+05
2.667769999999999418e+05
1.249248000000000029e+05
4.631059999999998399e+04
3.196300000000001091e+04
3.017250000000000728e+04
4.210050000000002183e+04
6.785040000000002328e+04
1.195717999999999738e+05
1.914964000000000233e+05
2.008702000000000116e+05
1.391374000000000524e+05
6.997709999999999127e+04
3.282150000000000728e+04
2.759730000000000655e+04
3.117800000000000364e+04
4.639710000000001310e+04
8.818109999999999127e+04
1.171091999999999389e+05
8.360069999999998254e+04
1.047552999999999884e+05
2.069241999999999825e+05
1.730037999999999302e+05
8.100390000000000873e+04
6.035890000000000146e+04
4.450069999999998981e+04
6.585799999999998545e+04
1.033859999999999709e+05
2.463295999999999185e+05
4.933796000000001513e+05
4.459214999999999418e+05
1.961432999999999884e+05
8.745880000000003201e+04
5.083230000000000291e+04
3.431080000000001019e+04
4.216499999999999272e+04
6.656280000000001746e+04
1.555790999999999767e+05
3.254801000000001513e+05
4.380950000000000582e+05
3.165118999999999069e+05
1.313342999999999884e+05
8.051120000000001164e+04
4.927100000000000000e+04
4.721110000000001310e+04
6.505019999999999709e+04
1.050071999999999825e+05
2.404402000000000698e+05
3.727032000000000116e+05
3.532401999999999534e+05
1.835478000000000175e+05
7.588780000000007567e+04
5.979289999999997235e+04
4.416169999999998254e+04
6.161589999999999418e+04
7.514969999999995343e+04
1.607192000000000407e+05
2.969993999999998487e+05
3.283767000000000698e+05
2.326109000000000233e+05
9.778460000000000582e+04
4.997600000000000728e+04
3.969749999999998545e+04
3.886380000000000291e+04
6.093490000000000146e+04
9.746490000000000873e+04
2.230955999999999767e+05
3.196317999999999302e+05
2.680942000000001281e+05
1.424428999999999360e+05
5.412520000000000437e+04
4.034960000000001310e+04
3.295309999999999854e+04
3.581129999999999563e+04
5.849110000000000582e+04
1.171083999999999796e+05
2.052237000000000407e+05
2.336907000000000116e+05
1.731339999999999709e+05
7.931570000000004075e+04
3.720819999999998981e+04
3.506500000000000000e+04
3.140400000000000000e+04
4.751280000000001746e+04
9.081229999999998836e+04
1.806809999999999418e+05
3.432034000000000815e+05
4.163600000000000582e+05
2.634139999999999418e+05
9.959880000000001746e+04
5.312809999999997672e+04
3.278250000000000000e+04
3.157739999999999418e+04
3.847240000000000146e+04
8.054949999999995634e+04
1.898542999999999593e+05
3.480640000000001164e+05
3.823254000000000233e+05
2.042126000000000349e+05
9.190670000000002619e+04
6.070070000000000437e+04
4.163179999999998836e+04
4.706090000000000146e+04
5.888020000000001164e+04
1.391326999999999534e+05
2.764789999999998254e+05
3.910498000000000466e+05
3.073530000000000000e+05
1.284303999999999942e+05
7.404150000000001455e+04
5.291020000000000437e+04
5.143259999999999127e+04
6.617600000000000000e+04
8.077000000000000000e+04
1.103923000000000466e+05
9.125529999999998836e+04
1.318578999999999651e+05
1.969878999999999651e+05
1.249511000000000204e+05
7.333280000000003201e+04
6.467630000000002474e+04
4.766569999999998254e+04
8.326770000000001164e+04
1.261960999999999913e+05
2.243004999999999418e+05
2.518717000000000698e+05
1.508675999999999767e+05
7.453100000000002910e+04
3.981870000000000437e+04
4.204429999999999563e+04
3.958849999999998545e+04
5.816969999999998981e+04
9.630200000000002910e+04
2.074423999999999651e+05
3.206559000000000233e+05
2.419342000000000698e+05
1.180839999999999563e+05
5.069519999999996799e+04
3.954760000000002037e+04
3.702489999999998690e+04
3.697479999999998108e+04
5.665100000000004366e+04
9.230430000000001746e+04
1.751600999999999767e+05
1.752293999999999069e+05
1.239994000000000087e+05
7.592840000000002328e+04
3.696659999999997672e+04
3.810859999999999127e+04
3.061870000000000073e+04
3.751620000000000437e+04
6.735700000000000000e+04
1.626612999999999302e+05
3.144334999999998836e+05
4.036989999999998836e+05
2.998465999999999767e+05
1.431530000000000291e+05
8.995169999999998254e+04
5.497380000000003929e+04
4.387000000000000000e+04
4.418899999999999272e+04
9.092229999999998836e+04
1.892350000000000000e+05
3.050062000000000116e+05
3.639090999999996275e+05
2.220545999999998894e+05
1.141035000000000000e+05
8.232010000000004948e+04
4.817719999999999709e+04
4.927580000000001019e+04
5.616539999999997963e+04
1.322269000000000815e+05
2.435667999999999593e+05
3.498287000000000116e+05
2.884016999999999534e+05
1.234796000000000495e+05
6.901509999999999127e+04
4.448689999999998690e+04
4.078059999999999854e+04
5.181840000000002328e+04
9.815389999999997963e+04
2.076733000000001048e+05
3.045552999999998719e+05
2.668625000000000000e+05
1.186615000000000437e+05
4.208919999999998981e+04
3.375300000000001455e+04
2.811169999999998618e+04
3.086770000000000437e+04
4.440679999999999563e+04
7.944700000000000000e+04
1.573372000000000990e+05
1.706322000000000407e+05
1.260949000000000378e+05
7.845729999999998836e+04
4.098939999999998690e+04
4.635560000000001310e+04
3.473230000000000291e+04
4.588980000000001019e+04
7.027450000000001455e+04
1.278179000000000378e+05
1.780756000000000058e+05
1.480393000000000466e+05
1.082689999999999854e+05
6.032899999999997090e+04
3.809929999999997381e+04
3.681070000000001164e+04
3.013640000000000146e+04
3.915970000000000437e+04
3.536859999999999854e+04
3.741309999999999854e+04
6.223489999999997963e+04
1.061441999999999971e+05
1.009954999999999854e+05
5.413210000000002037e+04
3.465140000000000873e+04
2.569570000000001164e+04
2.701110000000000582e+04
5.175939999999999418e+04
1.108525000000000146e+05
2.037362999999999884e+05
2.422670000000000582e+05
1.555963000000000175e+05
5.998769999999999709e+04
3.987939999999998690e+04
3.092579999999999563e+04
3.000159999999999127e+04
4.637169999999998981e+04
9.100970000000001164e+04
1.883638999999999651e+05
2.551738999999999360e+05
2.068437000000000990e+05
9.942989999999999418e+04
4.012300000000000000e+04
3.745279999999999563e+04
2.986319999999999709e+04
3.785019999999998254e+04
5.917499999999996362e+04
1.168740999999999767e+05
1.869537999999999302e+05
1.780257999999999593e+05
1.101634000000000378e+05
4.716789999999999418e+04
2.687860000000001673e+04
2.800179999999998472e+04
2.614999999999998909e+04
4.172149999999998545e+04
6.690500000000000000e+04
1.242130000000000000e+05
1.531897000000000116e+05
1.055624999999999563e+05
6.075150000000001455e+04
3.351109999999999127e+04
2.836049999999998909e+04
2.604439999999999782e+04
2.668160000000000218e+04
3.714109999999999854e+04
5.255730000000001019e+04
8.781620000000001164e+04
8.217920000000001164e+04
5.760949999999998545e+04
4.531210000000001310e+04
2.982980000000001019e+04
2.857070000000000437e+04
2.362849999999999636e+04
2.650879999999999563e+04
3.142519999999998981e+04
4.866829999999998108e+04
6.548109999999999854e+04
5.340260000000000582e+04
6.069770000000001164e+04
4.740070000000001164e+04
3.017640000000001965e+04
2.934990000000000509e+04
2.478480000000000655e+04
3.488710000000000582e+04
4.688620000000001164e+04
8.359730000000000291e+04
9.633859999999999127e+04
6.711529999999998836e+04
3.604829999999999563e+04
2.189870000000000800e+04
2.098820000000000437e+04
1.927579999999999563e+04
2.252100000000001455e+04
2.708210000000000218e+04
4.689080000000003201e+04
6.481640000000000146e+04
6.231460000000002765e+04
4.232289999999999418e+04
2.431779999999999563e+04
2.013269999999999709e+04
1.913710000000000218e+04
1.801520000000000437e+04
2.056649999999999272e+04
2.577069999999999709e+04
4.128869999999997526e+04
5.044040000000000873e+04
4.095069999999998254e+04
3.023949999999998909e+04
2.028399999999999272e+04
1.740849999999999636e+04
1.704050000000000364e+04
1.756570000000000073e+04
1.921079999999999563e+04
2.075560000000000218e+04
2.320959999999999491e+04
2.791360000000000218e+04
2.911420000000000437e+04
2.161860000000000582e+04
1.691939999999999782e+04
1.615550000000000000e+04
1.553790000000000327e+04
1.609939999999999964e+04
1.876820000000000073e+04
2.244040000000000146e+04
2.847820000000000437e+04
2.534659999999999854e+04
2.381380000000000655e+04
2.197139999999999054e+04
2.238850000000000000e+04
2.058609999999999854e+04
1.860179999999999200e+04
2.106940000000000509e+04
2.906670000000000073e+04
4.604609999999998399e+04
4.390419999999998981e+04
3.117760000000000582e+04
2.322829999999999927e+04
1.770150000000000364e+04
1.811169999999999709e+04
1.757110000000000582e+04
1.977499999999999636e+04
2.304790000000000509e+04
3.173600000000000364e+04
4.104189999999998690e+04
4.057180000000000291e+04
4.087840000000001601e+04
3.187230000000000291e+04
2.726790000000000146e+04
2.693790000000000873e+04
2.492669999999999709e+04
3.126529999999998472e+04
4.464879999999998108e+04
7.997899999999998545e+04
8.555459999999997672e+04
5.968560000000000582e+04
3.614450000000001455e+04
2.619190000000000146e+04
2.458620000000000437e+04
2.024240000000000146e+04
2.590539999999999054e+04
3.862439999999999418e+04
6.852319999999996799e+04
1.068418999999999360e+05
1.001765000000000146e+05
5.976340000000000873e+04
3.043400000000000000e+04
2.743529999999999200e+04
2.649639999999999418e+04
2.298850000000000000e+04
3.309620000000000437e+04
4.936110000000001310e+04
9.071110000000000582e+04
1.112403999999999942e+05
8.318709999999996217e+04
5.324800000000000000e+04
3.008310000000001310e+04
3.005180000000001019e+04
2.597840000000000146e+04
3.030679999999999563e+04
4.493900000000001455e+04
6.154469999999998981e+04
9.378719999999999709e+04
8.149939999999995052e+04
5.811179999999999563e+04
4.527250000000000000e+04
3.396090000000000873e+04
3.366520000000000437e+04
2.544109999999999127e+04
3.445069999999999709e+04
3.859690000000000146e+04
6.067879999999998108e+04
6.174350000000002183e+04
4.611169999999998254e+04
4.852949999999997817e+04
3.735120000000000437e+04
3.260360000000000946e+04
2.880510000000001310e+04
2.550969999999999345e+04
3.226819999999999709e+04
3.609800000000000000e+04
5.347180000000000291e+04
5.500919999999999709e+04
7.614219999999998254e+04
8.687890000000002328e+04
5.564379999999998836e+04
4.014630000000002474e+04
2.863860000000000218e+04
2.665020000000001164e+04
3.106090000000000509e+04
3.422519999999998981e+04
5.248430000000002474e+04
7.689740000000000873e+04
6.510109999999999127e+04
3.331659999999999854e+04
2.120919999999999345e+04
2.139449999999998909e+04
2.158079999999999927e+04
3.049409999999999491e+04
5.517099999999997817e+04
9.931249999999997090e+04
1.510403000000000757e+05
1.342433999999999651e+05
6.993579999999998836e+04
3.922000000000002183e+04
3.584209999999999854e+04
2.636560000000000218e+04
3.246210000000000582e+04
4.723370000000001164e+04
9.239390000000000873e+04
1.519785000000000291e+05
1.807890000000000000e+05
1.304008999999999796e+05
5.770159999999996944e+04
4.033619999999999709e+04
2.918349999999999636e+04
2.902060000000000218e+04
4.103240000000000146e+04
6.692799999999997090e+04
1.169019000000000087e+05
1.528143999999999069e+05
1.368042999999999593e+05
6.990539999999999418e+04
3.322200000000000728e+04
2.763020000000000073e+04
2.418550000000000728e+04
3.118060000000000582e+04
4.700569999999998981e+04
7.512700000000002910e+04
1.267731999999999971e+05
1.575808999999999942e+05
1.170891999999999825e+05
5.869779999999998836e+04
3.957729999999999563e+04
2.975440000000000146e+04
2.753639999999999054e+04
3.691979999999999563e+04
5.463879999999998836e+04
9.219090000000002328e+04
1.359623000000000466e+05
1.233363999999999069e+05
8.165559999999996217e+04
4.529620000000001164e+04
3.451379999999999563e+04
2.720559999999999127e+04
3.045309999999998035e+04
4.246370000000001892e+04
6.515710000000003492e+04
1.065125000000000437e+05
1.173007999999999884e+05
9.619050000000004366e+04
6.134719999999999709e+04
3.875640000000000873e+04
3.821360000000000582e+04
3.312010000000000582e+04
4.420920000000001164e+04
6.006020000000001892e+04
1.033571999999999971e+05
1.424230000000000291e+05
1.407021000000000640e+05
1.207575000000000000e+05
7.072369999999999709e+04
5.010030000000000291e+04
3.847129999999999563e+04
3.552700000000000000e+04
5.004479999999996653e+04
8.108830000000000291e+04
1.502221999999998952e+05
1.902016000000000349e+05
1.579564000000000815e+05
8.811230000000001746e+04
4.812700000000000728e+04
3.744319999999998981e+04
2.646370000000000073e+04
3.109760000000000218e+04
4.397190000000000873e+04
8.034300000000000000e+04
1.272991999999999534e+05
1.396417000000000116e+05
1.061190000000000146e+05
6.204890000000001601e+04
3.691150000000000728e+04
3.391530000000001746e+04
2.778009999999999854e+04
3.336700000000000000e+04
3.181320000000000073e+04
4.253159999999999127e+04
6.852940000000003783e+04
8.220679999999998836e+04
5.788689999999997963e+04
3.168750000000000364e+04
2.460450000000000000e+04
2.973610000000000946e+04
2.938580000000000291e+04
4.979809999999997672e+04
6.917570000000001164e+04
9.837250000000000000e+04
9.182799999999998545e+04
7.370310000000000582e+04
7.406379999999998836e+04
5.423840000000002328e+04
5.065459999999999127e+04
3.406279999999999563e+04
4.268470000000000437e+04
4.590780000000000291e+04
8.107809999999994761e+04
9.066840000000003783e+04
8.103080000000004657e+04
8.593700000000005821e+04
6.026859999999997672e+04
4.595780000000001019e+04
4.019759999999999127e+04
3.848479999999998108e+04
5.271109999999999854e+04
6.434850000000000000e+04
9.258519999999999709e+04
7.971859999999999127e+04
7.153010000000000582e+04
7.432219999999998254e+04
5.312559999999999854e+04
4.687370000000001164e+04
3.480959999999999854e+04
4.516069999999998254e+04
6.037520000000000437e+04
1.183309999999999418e+05
1.842893999999999942e+05
2.229130000000000582e+05
1.738017000000000116e+05
8.805609999999997672e+04
5.396700000000002910e+04
3.002390000000000146e+04
2.918669999999999345e+04
4.022660000000001310e+04
8.185279999999998836e+04
1.405843999999999360e+05
2.108134999999999709e+05
2.194673999999999942e+05
1.221997000000000116e+05
5.728679999999999563e+04
3.885980000000001019e+04
2.871389999999999054e+04
3.912189999999998690e+04
5.972869999999998981e+04
1.149088000000000320e+05
1.747173000000000175e+05
2.106517000000000116e+05
1.563708999999999942e+05
6.951080000000001746e+04
4.205469999999999709e+04
3.129070000000000073e+04
3.477069999999999709e+04
5.211039999999999418e+04
8.473210000000002037e+04
1.537120999999999767e+05
2.008458999999999942e+05
1.788073000000000175e+05
9.859940000000005239e+04
4.422379999999998836e+04
3.492119999999999709e+04
2.846269999999998618e+04
3.996610000000001310e+04
6.132320000000001892e+04
1.003701999999999971e+05
1.591891999999998952e+05
1.608341000000000058e+05
1.125231000000000058e+05
5.831059999999999854e+04
3.717429999999998108e+04
3.298770000000001892e+04
3.014700000000000364e+04
4.421889999999998690e+04
6.132159999999996944e+04
1.064830000000000000e+05
1.485369000000000524e+05
1.343817000000000116e+05
8.360250000000001455e+04
4.120750000000001455e+04
3.039200000000001091e+04
2.657069999999999709e+04
2.414830000000000291e+04
3.014369999999999709e+04
2.997289999999998690e+04
4.030489999999997963e+04
5.684339999999999418e+04
7.530369999999998254e+04
5.634050000000000000e+04
2.917859999999999491e+04
2.326930000000000291e+04
2.910800000000001455e+04
3.712989999999998690e+04
5.898469999999997526e+04
9.462629999999997381e+04
1.551193000000000757e+05
1.646675000000000582e+05
1.051087000000000407e+05
5.006590000000002328e+04
3.558500000000002183e+04
3.050960000000000218e+04
3.436939999999997963e+04
5.332669999999999709e+04
8.691720000000001164e+04
1.580038999999999651e+05
2.161618000000000466e+05
1.928070999999999767e+05
1.007390999999999913e+05
4.388880000000000291e+04
3.836019999999998254e+04
3.352289999999999418e+04
4.752360000000001310e+04
6.564269999999998254e+04
1.031188999999999796e+05
1.600766999999999534e+05
1.596063000000000466e+05
1.084980000000000291e+05
5.069520000000001164e+04
3.557529999999999563e+04
3.610269999999999709e+04
3.508100000000001455e+04
5.590450000000000728e+04
7.755830000000001746e+04
1.236794000000000087e+05
1.504828000000001048e+05
1.214725000000000000e+05
7.735880000000001746e+04
4.501220000000000437e+04
4.174989999999997963e+04
3.528530000000000291e+04
3.910190000000000873e+04
5.434709999999999127e+04
7.279039999999999418e+04
1.112659999999999563e+05
1.083010000000000000e+05
8.645100000000001455e+04
6.285509999999997672e+04
4.135300000000000000e+04
3.713210000000000582e+04
2.681880000000000655e+04
3.167719999999999345e+04
3.714420000000001164e+04
5.640060000000002037e+04
7.039020000000004075e+04
9.511500000000001455e+04
1.254160000000000291e+05
8.174580000000000291e+04
5.479330000000001746e+04
4.048130000000000291e+04
3.850159999999999854e+04
5.260999999999999272e+04
7.221939999999999418e+04
1.170714999999999854e+05
1.425562999999999010e+05
1.364503000000000175e+05
8.203220000000001164e+04
4.679470000000000437e+04
3.477920000000000437e+04
2.725240000000000873e+04
3.792390000000001601e+04
5.563600000000000728e+04
9.344610000000000582e+04
1.447406999999999243e+05
1.704939999999999418e+05
1.338377000000000116e+05
6.695989999999999418e+04
4.242769999999999709e+04
3.088850000000000000e+04
3.492720000000000437e+04
4.901129999999999563e+04
6.582750000000002910e+04
1.096733000000000029e+05
1.549953000000000175e+05
1.528308000000000757e+05
9.328449999999997090e+04
4.337460000000001310e+04
3.120260000000000946e+04
2.451129999999999563e+04
2.666900000000001091e+04
2.825530000000001382e+04
2.833979999999998472e+04
3.575249999999999272e+04
5.449670000000001164e+04
7.731289999999996508e+04
5.910990000000002328e+04
2.870810000000000946e+04
2.761020000000000073e+04
2.939899999999999272e+04
3.847839999999998690e+04
5.743830000000001746e+04
8.631580000000003201e+04
1.211043999999999651e+05
1.101819000000000087e+05
7.908499999999995634e+04
4.649950000000000728e+04
3.887289999999998690e+04
3.322609999999999854e+04
3.754609999999999854e+04
5.382339999999995780e+04
8.137639999999997963e+04
1.281464000000000087e+05
1.324036999999999534e+05
1.054928000000000320e+05
6.206669999999998981e+04
3.358049999999999272e+04
3.246990000000000146e+04
2.862559999999999127e+04
4.011840000000000873e+04
5.445489999999998690e+04
8.245679999999995925e+04
1.130519000000000378e+05
1.020056000000000495e+05
7.905930000000001746e+04
4.446069999999998981e+04
3.447379999999999563e+04
3.319100000000000728e+04
3.580740000000000146e+04
4.750330000000000291e+04
6.365819999999998981e+04
1.042108000000000175e+05
1.432322999999999884e+05
1.378393999999999942e+05
8.111600000000001455e+04
4.243550000000002183e+04
3.005290000000000509e+04
2.515259999999999491e+04
3.383019999999998254e+04
4.922700000000001455e+04
8.446600000000000000e+04
1.385980999999999767e+05
1.897463999999999942e+05
1.601220999999998894e+05
7.224210000000002037e+04
3.795760000000001310e+04
2.820520000000001164e+04
3.085749999999999636e+04
4.341119999999997526e+04
7.150739999999997963e+04
1.165438999999999505e+05
1.597651000000000349e+05
1.690460999999999767e+05
1.016101000000000349e+05
4.440229999999998836e+04
3.429990000000000873e+04
3.103290000000000509e+04
4.162759999999999127e+04
5.826279999999998836e+04
8.630629999999998836e+04
1.191597000000000262e+05
1.214951999999999971e+05
9.019959999999996217e+04
4.952310000000000582e+04
3.504539999999999418e+04
3.345400000000000728e+04
3.242109999999999127e+04
4.838379999999998836e+04
6.043619999999998254e+04
9.110239999999996508e+04
1.067084000000000233e+05
9.434169999999996799e+04
6.878260000000000582e+04
3.655240000000001601e+04
2.772370000000000073e+04
2.597469999999999709e+04
2.824320000000000800e+04
3.740909999999999127e+04
4.851090000000000146e+04
7.405819999999998254e+04
7.427780000000001746e+04
6.566369999999998254e+04
5.825939999999998690e+04
3.688060000000000582e+04
3.001660000000000946e+04
2.229439999999999054e+04
1.998220000000000073e+04
2.220039999999999782e+04
2.462189999999999782e+04
3.350299999999999272e+04
4.980190000000000146e+04
5.954430000000000291e+04
3.936310000000000582e+04
2.156809999999999491e+04
1.988509999999999491e+04
2.129000000000000364e+04
2.779029999999999927e+04
4.419909999999999127e+04
8.149689999999996508e+04
1.464399000000001106e+05
1.747210999999999767e+05
1.158021000000000058e+05
5.877359999999997672e+04
4.091000000000000728e+04
2.980910000000000582e+04
3.745079999999997381e+04
4.387400000000000000e+04
7.224879999999998836e+04
1.131432000000000553e+05
1.648496000000000349e+05
1.515178000000000466e+05
7.439860000000002037e+04
4.208380000000000291e+04
2.890400000000000364e+04
3.156879999999999200e+04
4.230980000000001019e+04
6.205260000000002765e+04
9.824399999999994179e+04
1.381998000000000175e+05
1.455323000000000175e+05
9.030690000000003783e+04
4.245110000000000582e+04
3.057399999999999636e+04
2.471930000000000291e+04
3.504520000000000437e+04
4.787080000000000291e+04
6.863040000000003783e+04
9.598759999999994761e+04
1.188432999999999884e+05
9.714959999999996217e+04
4.718239999999998690e+04
2.842159999999999491e+04
2.643479999999999563e+04
2.778250000000001091e+04
4.198229999999996653e+04
5.304200000000000000e+04
8.001300000000000000e+04
1.080252000000000116e+05
1.120620000000000000e+05
7.785120000000002619e+04
3.687420000000000437e+04
2.686080000000000291e+04
2.385120000000000073e+04
3.268840000000000146e+04
5.126150000000000000e+04
7.026079999999997381e+04
1.048642999999999884e+05
1.248465000000000146e+05
1.033039000000000087e+05
5.725640000000000146e+04
3.048220000000000437e+04
2.909499999999998545e+04
2.777940000000001601e+04
3.900959999999998399e+04
5.371469999999997526e+04
7.900660000000003492e+04
1.091315000000000000e+05
1.256634999999999854e+05
9.275230000000003201e+04
4.660119999999998254e+04
3.412390000000000146e+04
2.595589999999998327e+04
2.940919999999999345e+04
3.925450000000000728e+04
5.335760000000001310e+04
8.280750000000001455e+04
1.130923999999999360e+05
1.345778000000000175e+05
9.324409999999997672e+04
5.210989999999999418e+04
3.404439999999999418e+04
2.612300000000000728e+04
3.201219999999999709e+04
4.086320000000000437e+04
6.309109999999999854e+04
9.049619999999996799e+04
1.097982999999999884e+05
9.128569999999996799e+04
5.062299999999998545e+04
3.043299999999999272e+04
2.607099999999999272e+04
2.006210000000000946e+04
2.256570000000001164e+04
2.257420000000000437e+04
2.904610000000000582e+04
3.687730000000001019e+04
5.842159999999999127e+04
6.490290000000000146e+04
4.259440000000000873e+04
2.468350000000000000e+04
2.567510000000002037e+04
2.992849999999998909e+04
4.737489999999998690e+04
6.371660000000000582e+04
9.368000000000004366e+04
9.904530000000000291e+04
6.758210000000000582e+04
4.148449999999999272e+04
3.193269999999998981e+04
3.055300000000000364e+04
2.809980000000000291e+04
4.099340000000000146e+04
4.728810000000001310e+04
7.597550000000000000e+04
9.085929999999993015e+04
8.957899999999995634e+04
6.986990000000000873e+04
3.589680000000001746e+04
2.722250000000000728e+04
2.285170000000000800e+04
2.854980000000000291e+04
4.216700000000000000e+04
5.426440000000000873e+04
7.748770000000001164e+04
8.658680000000000291e+04
7.343380000000000291e+04
5.123790000000000146e+04
2.960040000000001601e+04
2.846729999999999200e+04
2.573820000000000437e+04
3.525329999999999563e+04
4.091940000000000146e+04
5.234800000000001455e+04
7.191919999999996799e+04
8.538060000000003492e+04
8.485040000000005239e+04
5.535309999999996944e+04
3.875130000000000291e+04
2.665700000000000728e+04
2.908900000000000000e+04
3.395999999999999272e+04
5.045240000000000146e+04
7.879890000000005239e+04
1.168261999999999825e+05
1.384400999999999476e+05
9.101409999999996217e+04
4.719939999999998690e+04
3.261129999999999927e+04
2.647419999999999709e+04
3.700750000000000728e+04
4.640029999999999563e+04
7.213099999999998545e+04
1.064444000000000524e+05
1.334782000000000116e+05
1.133236999999999971e+05
5.687380000000001019e+04
3.617259999999999127e+04
2.800030000000000655e+04
3.569179999999998836e+04
4.989010000000001310e+04
6.658069999999999709e+04
1.013621999999999825e+05
1.250741999999999825e+05
1.091153000000000466e+05
6.249970000000000437e+04
3.526119999999999709e+04
3.025600000000000364e+04
2.871140000000000873e+04
3.911550000000000000e+04
4.715690000000000146e+04
6.953670000000002619e+04
9.768790000000003783e+04
1.012406999999999971e+05
7.388110000000002037e+04
3.823820000000001892e+04
2.762459999999999127e+04
2.842200000000001091e+04
2.598660000000000946e+04
3.634499999999998545e+04
4.502450000000000000e+04
6.448089999999997963e+04
8.139469999999999709e+04
6.740350000000001455e+04
5.762169999999999709e+04
4.161629999999998836e+04
3.311750000000000000e+04
2.745539999999999782e+04
2.003339999999999418e+04
2.059650000000000000e+04
1.961110000000000946e+04
2.190529999999999563e+04
3.359190000000000873e+04
5.570740000000000873e+04
5.483960000000001310e+04
3.352680000000001746e+04
2.651529999999999200e+04
2.751250000000000728e+04
3.272600000000000000e+04
5.086310000000002765e+04
7.170630000000001746e+04
1.026147000000000116e+05
1.166679999999999854e+05
8.857369999999999709e+04
5.018329999999998836e+04
3.385720000000001164e+04
2.684650000000000000e+04
2.989280000000000291e+04
3.782780000000001019e+04
5.182090000000000146e+04
7.808739999999999418e+04
1.050040999999999331e+05
1.123452000000000262e+05
7.697359999999996217e+04
4.331629999999999563e+04
3.159900000000000728e+04
2.662040000000000873e+04
3.598530000000001019e+04
4.387139999999997963e+04
6.682679999999997381e+04
9.930120000000002619e+04
1.156742999999999884e+05
1.004849999999999563e+05
5.698749999999997817e+04
3.706580000000001746e+04
2.993240000000000873e+04
3.067020000000000073e+04
4.377330000000001746e+04
5.536669999999998981e+04
8.815650000000001455e+04
1.123161999999999680e+05
9.597279999999995925e+04
5.916209999999999854e+04
3.476689999999997963e+04
3.357219999999999709e+04
2.726730000000001019e+04
3.380350000000000000e+04
4.366109999999999854e+04
6.243620000000001164e+04
8.514310000000000582e+04
7.950360000000002037e+04
5.726000000000001455e+04
3.455649999999999272e+04
2.667159999999999491e+04
2.454979999999999927e+04
2.383350000000000728e+04
3.472019999999998981e+04
4.401550000000001455e+04
5.966450000000000000e+04
7.139319999999999709e+04
6.259879999999998836e+04
4.724419999999997526e+04
3.133950000000000364e+04
2.736559999999998763e+04
2.429829999999999927e+04
2.539300000000000728e+04
3.590359999999999854e+04
4.971409999999999127e+04
7.377990000000000873e+04
9.600999999999994179e+04
1.016104999999999854e+05
7.177339999999999418e+04
4.654560000000002037e+04
3.255489999999999054e+04
2.513670000000000073e+04
3.175089999999999782e+04
4.537909999999996944e+04
7.131310000000000582e+04
9.450640000000005239e+04
1.171588999999999796e+05
1.032375000000000146e+05
6.726570000000001164e+04
4.362689999999999418e+04
2.774040000000000509e+04
3.095189999999999782e+04
3.520230000000000291e+04
4.858719999999998981e+04
7.248050000000000000e+04
9.059360000000000582e+04
1.047683999999999942e+05
7.669910000000003492e+04
4.622459999999999127e+04
3.086730000000000655e+04
2.065449999999999272e+04
2.178879999999999927e+04
2.155660000000000582e+04
2.165030000000000291e+04
2.228279999999999927e+04
3.210420000000000437e+04
5.133599999999997817e+04
4.653710000000002037e+04
3.015839999999999782e+04
3.107679999999999927e+04
2.962540000000000509e+04
3.736890000000000873e+04
5.400309999999998399e+04
7.582360000000006403e+04
9.328639999999999418e+04
7.473530000000003201e+04
4.493750000000000728e+04
3.145570000000000437e+04
3.093260000000000218e+04
2.763750000000001091e+04
3.671080000000001746e+04
4.992999999999999272e+04
6.973630000000000291e+04
9.548209999999996217e+04
9.772529999999995925e+04
7.693379999999998836e+04
4.480629999999998836e+04
3.220450000000000364e+04
2.864250000000000364e+04
2.647230000000001019e+04
3.518740000000000873e+04
4.547279999999999563e+04
6.131480000000001019e+04
7.550359999999997672e+04
6.840049999999998545e+04
4.665819999999999709e+04
3.035879999999999927e+04
2.614100000000000728e+04
2.343809999999999854e+04
2.632810000000000218e+04
3.534959999999999854e+04
5.044010000000000582e+04
7.530059999999999127e+04
9.190629999999998836e+04
8.610809999999999127e+04
5.862740000000000873e+04
4.242320000000001164e+04
3.048650000000000728e+04
2.506400000000000364e+04
3.353160000000002037e+04
4.344199999999999272e+04
6.466390000000000146e+04
8.906629999999995925e+04
1.007143999999999942e+05
7.946550000000001455e+04
4.784550000000000000e+04
3.672700000000001455e+04
2.958409999999999491e+04
3.416290000000000873e+04
4.387070000000000437e+04
5.906099999999998545e+04
8.508759999999999127e+04
9.962260000000000582e+04
8.896580000000001746e+04
5.430909999999999854e+04
3.365979999999998836e+04
2.858459999999999854e+04
2.549200000000000000e+04
3.608760000000001310e+04
4.848889999999999418e+04
6.875170000000001164e+04
9.080709999999999127e+04
8.053689999999996508e+04
5.437509999999999854e+04
3.531839999999999418e+04
3.087650000000000364e+04
2.910320000000000073e+04
3.012750000000000000e+04
4.101209999999999854e+04
5.120169999999999709e+04
7.038619999999999709e+04
7.836850000000002910e+04
6.003000000000001455e+04
3.929009999999999854e+04
3.009859999999999127e+04
3.235419999999999709e+04
2.848709999999999491e+04
3.022929999999998472e+04
3.919899999999999272e+04
4.229439999999998690e+04
5.827389999999997963e+04
4.979859999999999127e+04
3.946879999999999563e+04
3.875009999999999854e+04
3.028209999999999854e+04
2.332439999999999054e+04
1.845800000000000364e+04
1.614599999999999818e+04
1.654749999999999272e+04
2.308200000000000000e+04
3.957429999999999563e+04
5.166520000000001164e+04
4.105929999999999563e+04
2.389500000000000000e+04
1.957850000000000000e+04
2.354079999999999200e+04
2.449129999999999927e+04
2.909989999999999418e+04
4.391940000000001601e+04
6.379740000000000873e+04
8.514690000000002328e+04
8.430640000000000873e+04
6.089700000000000728e+04
4.144629999999998836e+04
3.011670000000000073e+04
2.616800000000000000e+04
3.369929999999999563e+04
4.101970000000000437e+04
5.942500000000001455e+04
7.960840000000000873e+04
9.450119999999999709e+04
8.241839999999999418e+04
5.620080000000002474e+04
4.300730000000001019e+04
2.993020000000000073e+04
3.274240000000000146e+04
4.295520000000001164e+04
5.451829999999998836e+04
7.104319999999998254e+04
8.449340000000000873e+04
7.758340000000000873e+04
5.211670000000001164e+04
3.776859999999999854e+04
3.244629999999999927e+04
2.673519999999998618e+04
3.232710000000001310e+04
3.908540000000000146e+04
5.215020000000000437e+04
6.924740000000002328e+04
6.894679999999998836e+04
5.248059999999999854e+04
3.566780000000000291e+04
3.221610000000000218e+04
3.030439999999999782e+04
2.955409999999999491e+04
4.084050000000002183e+04
5.297309999999999854e+04
7.091159999999999127e+04
8.501750000000000000e+04
7.299689999999999418e+04
4.792550000000000728e+04
3.588099999999998545e+04
3.479080000000001019e+04
2.899549999999999272e+04
3.346200000000001455e+04
4.430709999999996217e+04
5.760429999999998836e+04
7.463110000000002037e+04
7.223580000000001746e+04
5.168530000000000291e+04
3.247549999999998545e+04
2.941060000000000946e+04
2.879839999999999782e+04
2.674089999999999418e+04
3.700270000000001164e+04
4.783620000000002619e+04
6.323690000000000873e+04
7.796019999999999709e+04
6.839359999999999127e+04
4.713199999999999272e+04
3.471180000000001019e+04
3.205009999999999491e+04
2.630339999999999418e+04
2.780559999999998035e+04
3.471920000000000437e+04
4.629279999999999563e+04
6.197790000000000146e+04
6.933830000000000291e+04
6.373560000000000582e+04
4.281709999999999854e+04
3.579360000000001310e+04
3.109380000000000655e+04
2.577240000000000146e+04
3.090609999999999491e+04
4.055890000000000873e+04
5.364449999999999272e+04
6.666960000000002037e+04
6.523040000000000873e+04
5.192280000000001746e+04
3.881320000000000437e+04
3.132629999999999563e+04
2.455389999999999782e+04
1.821879999999999200e+04
1.565230000000000837e+04
1.556750000000000546e+04
1.896800000000001091e+04
3.132239999999999054e+04
4.800920000000001892e+04
4.622969999999998981e+04
3.180289999999999782e+04
2.512670000000000437e+04
2.719780000000000655e+04
2.889500000000000000e+04
3.562429999999999563e+04
4.624189999999998690e+04
5.548439999999998690e+04
4.865580000000001746e+04
3.455250000000001455e+04
3.038829999999999200e+04
3.401629999999999563e+04
3.302199999999998545e+04
2.703850000000000000e+04
3.374609999999999854e+04
4.147339999999998690e+04
5.216709999999999127e+04
5.895290000000000873e+04
4.651180000000002474e+04
3.620139999999999418e+04
3.138520000000000800e+04
3.273700000000000364e+04
2.775740000000000146e+04
2.718839999999999782e+04
3.588310000000000582e+04
4.596629999999998108e+04
5.749549999999999272e+04
5.410150000000002183e+04
4.052380000000000291e+04
3.090570000000000800e+04
2.746389999999999782e+04
2.949289999999999054e+04
2.535189999999999782e+04
2.725789999999999418e+04
3.597020000000000437e+04
4.601259999999999127e+04
5.788660000000001310e+04
5.721390000000000873e+04
4.612779999999998836e+04
4.058389999999998690e+04
3.843380000000000291e+04
2.652189999999998690e+04
2.598290000000000873e+04
3.340600000000000000e+04
4.936870000000000437e+04
6.641850000000000000e+04
7.579159999999999127e+04
7.458930000000001746e+04
5.506059999999999854e+04
4.466019999999998981e+04
3.246079999999999927e+04
2.485639999999999782e+04
2.876860000000000582e+04
3.656230000000001019e+04
4.782600000000000000e+04
5.577169999999998981e+04
5.117880000000001746e+04
3.912600000000000000e+04
4.139969999999999709e+04
3.661859999999999854e+04
3.211589999999999782e+04
3.378309999999999127e+04
3.979849999999999272e+04
5.105979999999999563e+04
6.184809999999999854e+04
6.379600000000002910e+04
4.628230000000000291e+04
3.008040000000000146e+04
2.825410000000001673e+04
3.019629999999999927e+04
2.580170000000000073e+04
2.965319999999998981e+04
3.939179999999999563e+04
4.892110000000003492e+04
6.005150000000000000e+04
5.266299999999998545e+04
3.655240000000000146e+04
2.758869999999998981e+04
2.819279999999999927e+04
2.784459999999999491e+04
2.323269999999999709e+04
2.705889999999999782e+04
3.076809999999999854e+04
4.059149999999998545e+04
4.336550000000001455e+04
3.368100000000000728e+04
2.950780000000000291e+04
2.631960000000000218e+04
2.630039999999999782e+04
2.190600000000000728e+04
1.707589999999999782e+04
1.540019999999999527e+04
1.566819999999999527e+04
2.039680000000000291e+04
3.583240000000000873e+04
5.408819999999999709e+04
4.740489999999999418e+04
3.012759999999998399e+04
2.693999999999999272e+04
3.157629999999999200e+04
3.467190000000000146e+04
4.254459999999999854e+04
5.202360000000001310e+04
5.477340000000000146e+04
5.012979999999998108e+04
4.172120000000001164e+04
3.728730000000001019e+04
3.159319999999999345e+04
2.427179999999999563e+04
2.601800000000000000e+04
3.568429999999998108e+04
4.467670000000001892e+04
5.259710000000000582e+04
5.548519999999998981e+04
4.508389999999998690e+04
3.428089999999999418e+04
3.061530000000000655e+04
2.977579999999999563e+04
2.935910000000000218e+04
3.295419999999999709e+04
4.407600000000000000e+04
4.993150000000000728e+04
5.851999999999998545e+04
5.182599999999999272e+04
3.949720000000002619e+04
3.690950000000000000e+04
3.174069999999999345e+04
2.910170000000000437e+04
2.559770000000000073e+04
2.643129999999999927e+04
2.861269999999999345e+04
3.530199999999999272e+04
3.590499999999998545e+04
3.703639999999997963e+04
3.972809999999999854e+04
3.879790000000001601e+04
4.393019999999999709e+04
3.138440000000000509e+04
2.971750000000000000e+04
3.540140000000000146e+04
4.009049999999999272e+04
4.816450000000000000e+04
3.928570000000000437e+04
3.103759999999999491e+04
2.967240000000000146e+04
3.369940000000000146e+04
3.425009999999999127e+04
2.919969999999999709e+04
3.679400000000000000e+04
4.338400000000000000e+04
5.457470000000001892e+04
5.660180000000000291e+04
3.798359999999999127e+04
3.228650000000000000e+04
3.104560000000000582e+04
3.968879999999999563e+04
3.783800000000001455e+04
3.112100000000001819e+04
3.599390000000000146e+04
4.095880000000000291e+04
4.943080000000000291e+04
4.848880000000001019e+04
4.027369999999998981e+04
3.697130000000002474e+04
4.247240000000000146e+04
3.326440000000000146e+04
2.740649999999999272e+04
3.302640000000000146e+04
3.901739999999999418e+04
4.885009999999999854e+04
5.050800000000000728e+04
4.705149999999998545e+04
4.125340000000000146e+04
4.507289999999999418e+04
4.071500000000000000e+04
2.805470000000000800e+04
3.006480000000000291e+04
3.630639999999999418e+04
4.567959999999999127e+04
5.792719999999998981e+04
6.358980000000001019e+04
6.167740000000000873e+04
5.279699999999998545e+04
4.496699999999999272e+04
2.863070000000000073e+04
1.813129999999998836e+04
1.684369999999999709e+04
1.555280000000000291e+04
1.636799999999999636e+04
2.208970000000000073e+04
3.973719999999998254e+04
4.756480000000001746e+04
3.221919999999999345e+04
2.420179999999999563e+04
2.886959999999999854e+04
2.890659999999999127e+04
2.943040000000000146e+04
3.311200000000000000e+04
3.845639999999997963e+04
3.572250000000001455e+04
2.673590000000000146e+04
2.142899999999999636e+04
2.677710000000000582e+04
3.262780000000001019e+04
2.794780000000000291e+04
3.150500000000001091e+04
3.932229999999999563e+04
4.201040000000000873e+04
5.155659999999999127e+04
4.625240000000000146e+04
2.909520000000000073e+04
2.818420000000000073e+04
3.412760000000000582e+04
3.138959999999999491e+04
2.629790000000000509e+04
3.077990000000000146e+04
3.481689999999999418e+04
4.171209999999999127e+04
4.359009999999999854e+04
3.311810000000001310e+04
2.608030000000000291e+04
2.816729999999999927e+04
3.014570000000000073e+04
2.503439999999999782e+04
2.341239999999999782e+04
2.745200000000000364e+04
3.195319999999999709e+04
3.804620000000001892e+04
4.231930000000000291e+04
4.448009999999999854e+04
4.482370000000000437e+04
3.691859999999999854e+04
2.421619999999999709e+04
2.199749999999999636e+04
2.316479999999999563e+04
2.725729999999999927e+04
3.462940000000000146e+04
3.791149999999999272e+04
3.836350000000000000e+04
4.095369999999999709e+04
3.921290000000000146e+04
2.953659999999999491e+04
2.045130000000000655e+04
2.066079999999999927e+04
2.256900000000000000e+04
3.096039999999998690e+04
3.934869999999999709e+04
4.617459999999999127e+04
5.043460000000000582e+04
4.713840000000000146e+04
3.599939999999999418e+04
2.446129999999998836e+04
1.950970000000000437e+04
2.104679999999999563e+04
2.645619999999999709e+04
3.633819999999999709e+04
4.447320000000000437e+04
4.796459999999999854e+04
4.742920000000000437e+04
3.984829999999998836e+04
2.842679999999998836e+04
1.938709999999999854e+04
1.672909999999999491e+04
1.823670000000000800e+04
2.214959999999999854e+04
2.698930000000001019e+04
3.428210000000002037e+04
3.834369999999999709e+04
3.766160000000000582e+04
3.070790000000000509e+04
2.186480000000001019e+04
1.709680000000000291e+04
1.700739999999999782e+04
1.797760000000000946e+04
2.289020000000000073e+04
2.885220000000000800e+04
3.226019999999999345e+04
3.242940000000000873e+04
3.068849999999998909e+04
2.393940000000000509e+04
1.881490000000000146e+04
1.662150000000000364e+04
1.490320000000000073e+04
1.429950000000000000e+04
1.498219999999999891e+04
1.834389999999999782e+04
2.947189999999999782e+04
4.059980000000001019e+04
4.021309999999999127e+04
2.989379999999999927e+04
2.141839999999999782e+04
1.741730000000000655e+04
1.752659999999999491e+04
2.214870000000000073e+04
2.915230000000000291e+04
4.320249999999999272e+04
6.162970000000000437e+04
6.049029999999999563e+04
3.982619999999999709e+04
2.367000000000000000e+04
1.944899999999999636e+04
1.842900000000000364e+04
2.042780000000000655e+04
2.777039999999998690e+04
3.846079999999998836e+04
5.488759999999996944e+04
6.852779999999998836e+04
5.602490000000000873e+04
3.289789999999999418e+04
2.158679999999999927e+04
1.738419999999999709e+04
1.536440000000000146e+04
1.831449999999998545e+04
2.354320000000001164e+04
3.204499999999999636e+04
4.705520000000001164e+04
5.160559999999998399e+04
3.483819999999999709e+04
2.148570000000000437e+04
1.850920000000000073e+04
1.779039999999999418e+04
1.744969999999998981e+04
1.962369999999999709e+04
2.351089999999999054e+04
2.960789999999999054e+04
3.790289999999999418e+04
3.977999999999999272e+04
2.877210000000000218e+04
1.925479999999999927e+04
1.869709999999999854e+04
1.934869999999999709e+04
2.076050000000000728e+04
2.398010000000000946e+04
2.663250000000000364e+04
2.861350000000000000e+04
3.291330000000001019e+04
3.341409999999999854e+04
2.585900000000000728e+04
1.878670000000000073e+04
2.003340000000000146e+04
1.923730000000000655e+04
1.987579999999999563e+04
2.308470000000001528e+04
2.287920000000000800e+04
2.472939999999999418e+04
2.958939999999999054e+04
2.973020000000000800e+04
2.304169999999999709e+04
1.795669999999999709e+04
2.045609999999998763e+04
2.312489999999999418e+04
2.969189999999999418e+04
4.217169999999998254e+04
4.951249999999998545e+04
4.802089999999999418e+04
3.718100000000000000e+04
2.499679999999999927e+04
1.762269999999999345e+04
1.670639999999999418e+04
1.746830000000000291e+04
2.070239999999999418e+04
2.719689999999999782e+04
3.578480000000000291e+04
4.552500000000000000e+04
4.539470000000000437e+04
3.481399999999999272e+04
2.397759999999998399e+04
1.727970000000000073e+04
1.625929999999999927e+04
1.667020000000000073e+04
2.047479999999998836e+04
2.524050000000000364e+04
3.236739999999999782e+04
3.951609999999999127e+04
3.384189999999998690e+04
2.246030000000000655e+04
1.797210000000000582e+04
1.584760000000000036e+04
1.544379999999999745e+04
1.812340000000000509e+04
2.156060000000000582e+04
2.359959999999999491e+04
2.142139999999999054e+04
1.927199999999999272e+04
1.918130000000001382e+04
2.006380000000000655e+04
1.784120000000000437e+04
1.544740000000000146e+04
1.563110000000000218e+04
1.562979999999999745e+04
1.599559999999999491e+04
1.744829999999999927e+04
1.987869999999999709e+04
2.415889999999999418e+04
2.745570000000000073e+04
2.270390000000000873e+04
1.886439999999999418e+04
2.007529999999998472e+04
1.871840000000000146e+04
2.087960000000000946e+04
2.422949999999999272e+04
2.229320000000000437e+04
2.635560000000000582e+04
3.362569999999998981e+04
2.977029999999998836e+04
2.044700000000000364e+04
1.842430000000000291e+04
1.796229999999999927e+04
1.817369999999999345e+04
2.187179999999998836e+04
2.185029999999999927e+04
2.448809999999999854e+04
3.102890000000001601e+04
3.134670000000000437e+04
2.381600000000001091e+04
1.736039999999999782e+04
1.700500000000000364e+04
1.839829999999999927e+04
2.204720000000000437e+04
2.840510000000000946e+04
3.367790000000000146e+04
3.585889999999999418e+04
3.269239999999999782e+04
2.355709999999999491e+04
1.766669999999999709e+04
1.790220000000000437e+04
1.783990000000000509e+04
1.868440000000000509e+04
2.485800000000000364e+04
3.023000000000000728e+04
3.352969999999998981e+04
3.503109999999999127e+04
2.957059999999999127e+04
2.044610000000000946e+04
1.760600000000000000e+04
1.773679999999999927e+04
1.779280000000000291e+04
1.988320000000000073e+04
2.479259999999999491e+04
2.694720000000000073e+04
2.498909999999999491e+04
2.227719999999999709e+04
1.968489999999999054e+04
1.748050000000000000e+04
1.666589999999999782e+04
1.608460000000001492e+04
1.683780000000000291e+04
1.825849999999999636e+04
1.866770000000000437e+04
1.859229999999999563e+04
2.088149999999999272e+04
2.138289999999999418e+04
1.880690000000000146e+04
1.671840000000000146e+04
1.723620000000000073e+04
1.697609999999999491e+04
1.735470000000000437e+04
1.910720000000000437e+04
2.016419999999998981e+04
2.500339999999999418e+04
2.846360000000000218e+04
2.487299999999998909e+04
1.939270000000000073e+04
1.636739999999999782e+04
1.565439999999999600e+04
1.533900000000000000e+04
1.632330000000000655e+04
1.762000000000000364e+04
2.031430000000001019e+04
2.492120000000000073e+04
2.540879999999999200e+04
2.004799999999999272e+04
1.830550000000000364e+04
1.773600000000000728e+04
1.711010000000000218e+04
2.111209999999999127e+04
2.607009999999998399e+04
2.659190000000000509e+04
2.378859999999999854e+04
1.873879999999999563e+04
1.631539999999999782e+04
1.617050000000000364e+04
1.782920000000000073e+04
1.765609999999999491e+04
1.856809999999998763e+04
2.388319999999999709e+04
2.766209999999998763e+04
2.658390000000000146e+04
2.785139999999999418e+04
2.632019999999999709e+04
2.125270000000001164e+04
1.704400000000000728e+04
1.642100000000000364e+04
1.583130000000000291e+04
1.625090000000000509e+04
1.797780000000000291e+04
1.928929999999999927e+04
2.362710000000000218e+04
3.024859999999999127e+04
3.103839999999999054e+04
2.242729999999999563e+04
1.680489999999999782e+04
1.739700000000000000e+04
1.925909999999999491e+04
2.157750000000000364e+04
2.608359999999999854e+04
2.840929999999999200e+04
3.000960000000000946e+04
2.889599999999999636e+04
2.315360000000000218e+04
1.710629999999999563e+04
1.591889999999999236e+04
1.746819999999999709e+04
1.842780000000000655e+04
1.955389999999999054e+04
2.081189999999999054e+04
2.309520000000000073e+04
2.618819999999999345e+04
2.524520000000000800e+04
1.970470000000000800e+04
1.632159999999999854e+04
1.543770000000000255e+04
1.601359999999999309e+04
1.662290000000000146e+04
1.853850000000000364e+04
2.575160000000000218e+04
3.750549999999998545e+04
4.266780000000001746e+04
3.480069999999999709e+04
2.393229999999999563e+04
1.854279999999999927e+04
1.684480000000000291e+04
1.583449999999999272e+04
1.532380000000000109e+04
1.652770000000000800e+04
1.962470000000000437e+04
2.485350000000000728e+04
2.916240000000000509e+04
2.785019999999999709e+04
2.158859999999999491e+04
1.864399999999999636e+04
2.099629999999999563e+04
2.183420000000000437e+04
2.200919999999998981e+04
2.938399999999998909e+04
3.606560000000001310e+04
3.188190000000000146e+04
2.159410000000000218e+04
1.636130000000000109e+04
1.539939999999999964e+04
1.642660000000000946e+04
1.862600000000000364e+04
2.100740000000000146e+04
2.298120000000000437e+04
2.652629999999999563e+04
2.953870000000000437e+04
2.686889999999999782e+04
1.993990000000000509e+04
1.619469999999999527e+04
1.651069999999999709e+04
1.867109999999999127e+04
2.159540000000000509e+04
2.519870000000000073e+04
2.679220000000000800e+04
2.566019999999999345e+04
2.276939999999999054e+04
1.881159999999999854e+04
1.632499999999999818e+04
1.531389999999999964e+04
1.472649999999999636e+04
1.572649999999999818e+04
1.778520000000000437e+04
1.908590000000000509e+04
2.010789999999999782e+04
2.066519999999999709e+04
1.918600000000000364e+04
1.713159999999999854e+04
1.559110000000000582e+04
1.487849999999999818e+04
1.397339999999999600e+04
1.403649999999999818e+04
1.442700000000000364e+04
1.523330000000000109e+04
1.671069999999999709e+04
1.775830000000000291e+04
1.767379999999999563e+04
1.623700000000000182e+04
1.459420000000000255e+04
1.451170000000000255e+04
1.504229999999999745e+04
1.486610000000000036e+04
1.563970000000000255e+04
1.789379999999998836e+04
1.854270000000000073e+04
1.663790000000000146e+04
1.419859999999999673e+04
1.348799999999999818e+04
1.338599999999999636e+04
1.366479999999999745e+04
1.369439999999999964e+04
1.395899999999999818e+04
1.482489999999999964e+04
1.604479999999999200e+04
1.602000000000000728e+04
1.485950000000000182e+04
1.396989999999999964e+04
1.320400000000000182e+04
1.299969999999999709e+04
