1.892832756042480469e+00,2.232871720291416750e+03
8.059021949768066406e+00,2.232591372408599909e+03
1.362474012374877930e+01,2.232983096997455505e+03
1.906519508361816406e+01,2.232797882907638268e+03
2.471331644058227539e+01,2.233008905104441965e+03
3.021865725517272949e+01,2.233007259994644755e+03
3.564617729187011719e+01,2.232947951148158154e+03
4.128278756141662598e+01,2.233332917733061095e+03
4.682716321945190430e+01,2.233023244423561664e+03
5.231618094444274902e+01,2.233444564778873882e+03
5.784919643402099609e+01,2.233503401148254397e+03
6.453445792198181152e+01,2.233404649894545400e+03
7.000828838348388672e+01,2.233649208284038195e+03
7.556797146797180176e+01,2.233607522147787222e+03
8.106938123703002930e+01,2.233710444267440835e+03
8.653453159332275391e+01,2.233615797528507755e+03
9.200971174240112305e+01,2.233538238012803504e+03
9.755527186393737793e+01,2.233826649666645153e+03
1.031179811954498291e+02,2.233775525412836487e+03
1.086297247409820557e+02,2.233669896417878135e+03
1.141873910427093506e+02,2.233859518594232213e+03
1.209561815261840820e+02,2.233772800591786108e+03
1.265690684318542480e+02,2.233686781150663137e+03
1.319689683914184570e+02,2.233693828648422823e+03
1.376438853740692139e+02,2.233305833778515080e+03
1.431151883602142334e+02,2.233722565644954102e+03
1.486524763107299805e+02,2.233506505569886940e+03
1.541161954402923584e+02,2.233421026082682147e+03
1.597651886940002441e+02,2.233358849610722700e+03
1.652661781311035156e+02,2.233052736377119345e+03
1.707521529197692871e+02,2.232912284637146513e+03
1.777231814861297607e+02,2.232856868527361712e+03
1.833861784934997559e+02,2.231777800294700683e+03
1.888597869873046875e+02,2.231871084304979831e+03
1.943402194976806641e+02,2.232454717566432009e+03
1.998339073657989502e+02,2.232622003019786462e+03
2.053840878009796143e+02,2.232227621012716554e+03
2.108991076946258545e+02,2.225984075269627283e+03
2.165331735610961914e+02,2.231651764103406549e+03
2.219196951389312744e+02,2.232097996353049894e+03
2.275169825553894043e+02,2.232043333573753443e+03
2.345793869495391846e+02,2.231173730748248090e+03
2.402194902896881104e+02,2.225632327580760375e+03
2.456870303153991699e+02,2.231766639842179302e+03
2.512272732257843018e+02,2.225490066700691841e+03
2.567372984886169434e+02,2.231691985695284075e+03
2.623094928264617920e+02,2.230900764399711989e+03
2.677743058204650879e+02,2.225569932587872700e+03
2.732694478034973145e+02,2.231444870764664302e+03
2.788430187702178955e+02,2.225442389389835625e+03
2.842161779403686523e+02,2.231569681296829458e+03
2.916161775588989258e+02,2.231237562705910022e+03
2.970343325138092041e+02,2.225400227333927432e+03
3.032124273777008057e+02,2.231615258362268378e+03
3.087690742015838623e+02,2.230768674959907912e+03
3.142993030548095703e+02,2.225470537901525404e+03
3.198485295772552490e+02,2.231245553396211562e+03
3.253924543857574463e+02,2.225506292971010225e+03
3.308151504993438721e+02,2.231625812635903458e+03
3.364538681507110596e+02,2.225487025167651154e+03
3.419615035057067871e+02,2.225458485108349123e+03
3.494725029468536377e+02,2.231570755174695023e+03
3.549833812713623047e+02,2.225495005878788106e+03
3.605907537937164307e+02,2.225447188086628103e+03
3.660632042884826660e+02,2.231054610805545053e+03
3.716547071933746338e+02,2.225851998594864199e+03
3.771650605201721191e+02,2.252072345947655322e+03
3.826894688606262207e+02,2.299750397552240429e+03
3.882317392826080322e+02,2.340798674144928555e+03
3.937082002162933350e+02,2.357351020897518993e+03
3.992425634860992432e+02,2.370007309835431442e+03
4.067676427364349365e+02,2.377042382342047404e+03
4.122697043418884277e+02,2.388892474436931934e+03
4.179416584968566895e+02,2.391486137808309650e+03
4.233940885066986084e+02,2.394212100242550605e+03
4.290346133708953857e+02,2.404134204163181494e+03
4.344646174907684326e+02,2.406164447119645502e+03
4.400728189945220947e+02,2.408406789811665021e+03
4.455351793766021729e+02,2.409374965448732837e+03
4.510661814212799072e+02,2.419169428060163682e+03
4.566331863403320312e+02,2.420297874191205665e+03
4.646140396595001221e+02,2.422797585382109901e+03
4.701538629531860352e+02,2.423815514214084033e+03
4.757583324909210205e+02,2.425289629854206396e+03
4.812993087768554688e+02,2.434132448016085618e+03
4.867352588176727295e+02,2.436154372750756011e+03
4.922876412868499756e+02,2.437520773659506631e+03
4.978641934394836426e+02,2.438889887112488395e+03
5.033325536251068115e+02,2.440252146575396637e+03
5.089230954647064209e+02,2.448777741429536036e+03
5.143587014675140381e+02,2.450578601745884498e+03
5.226880140304565430e+02,2.452739071772038642e+03
5.281781678199768066e+02,2.453175624342242827e+03
5.336999278068542480e+02,2.461931987170758475e+03
5.391488010883331299e+02,2.462827588608530732e+03
5.447105858325958252e+02,2.463736988573525650e+03
5.502119145393371582e+02,2.465002681632279746e+03
5.556697001457214355e+02,2.465338682014401911e+03
5.613084523677825928e+02,2.466601595816067402e+03
5.668310868740081787e+02,2.473872042806332047e+03
5.723739674091339111e+02,2.474760340280241962e+03
5.809196782112121582e+02,2.476527013853375138e+03
5.865461797714233398e+02,2.477294482775852430e+03
5.920050003528594971e+02,2.477556764679593471e+03
5.975779750347137451e+02,2.478677929622679130e+03
6.038741607666015625e+02,2.479237546469874815e+03
6.093824656009674072e+02,2.485605690313461309e+03
6.149161167144775391e+02,2.486656833142815685e+03
6.204032568931579590e+02,2.486844860744939979e+03
6.260461788177490234e+02,2.488289707410273422e+03
6.314970388412475586e+02,2.488431954380906063e+03
6.402544815540313721e+02,2.489622873842720310e+03
6.458322210311889648e+02,2.490725403089689280e+03
6.512506589889526367e+02,2.491289334021578725e+03
6.568454616069793701e+02,2.491854251493894935e+03
6.623711693286895752e+02,2.492621757950716983e+03
6.678917496204376221e+02,2.492532218192748132e+03
6.733781783580780029e+02,2.498604425863140023e+03
6.789871814250946045e+02,2.499329004413885286e+03
6.844234268665313721e+02,2.500198596656697646e+03
6.899884402751922607e+02,2.501231231174017012e+03
6.992951781749725342e+02,2.502446938407882953e+03
7.048164281845092773e+02,2.502456501535206826e+03
7.103304014205932617e+02,2.503746875635789820e+03
7.157597091197967529e+02,2.503845251094155174e+03
7.213050832748413086e+02,2.504676778365245355e+03
7.269050958156585693e+02,2.505374399545940378e+03
7.324497117996215820e+02,2.505285189170911963e+03
7.379951410293579102e+02,2.506314095945414920e+03
7.435444583892822266e+02,2.505964583142883384e+03
7.490668659210205078e+02,2.507105651060683613e+03
7.586482565402984619e+02,2.513446365279891779e+03
7.642089071273803711e+02,2.514155558535030650e+03
7.698151869773864746e+02,2.513968006491213600e+03
7.752378275394439697e+02,2.515154403705798813e+03
7.806806364059448242e+02,2.514752875302493067e+03
7.862567756175994873e+02,2.516339310839440259e+03
7.919100513458251953e+02,2.517056168692686697e+03
7.973996877670288086e+02,2.515832652750775196e+03
8.029194579124450684e+02,2.516288240929834046e+03
8.084417212009429932e+02,2.516325683068186208e+03
8.182410764694213867e+02,2.518468793503252527e+03
8.237881519794464111e+02,2.518283196128691088e+03
8.294144206047058105e+02,2.519662043160032226e+03
8.347923038005828857e+02,2.519917519005880422e+03
8.403983035087585449e+02,2.520490332450712685e+03
8.459526376724243164e+02,2.520905583619963181e+03
8.515022237300872803e+02,2.520645632282250062e+03
8.569151225090026855e+02,2.521912547227318100e+03
8.625022253990173340e+02,2.521902566514229420e+03
8.680724723339080811e+02,2.522442210130377589e+03
8.781761691570281982e+02,2.522876447368099434e+03
8.838481743335723877e+02,2.529167258417617177e+03
8.893729579448699951e+02,2.523232877312807432e+03
8.948427150249481201e+02,2.530208916145924832e+03
9.002961821556091309e+02,2.530469850164778109e+03
9.069270296096801758e+02,2.530573253862289221e+03
9.123951942920684814e+02,2.531214372662449932e+03
9.180330855846405029e+02,2.531358716634533266e+03
9.235188887119293213e+02,2.532748896916134527e+03
9.290737211704254150e+02,2.532779737318678599e+03
9.397123317718505859e+02,2.533906520687664852e+03
9.453629662990570068e+02,2.533117443810362602e+03
9.508487203121185303e+02,2.534633289558594242e+03
9.562867109775543213e+02,2.534469442371885179e+03
9.619523484706878662e+02,2.535003959203763316e+03
9.674366028308868408e+02,2.535238912340060324e+03
9.728226966857910156e+02,2.534905239746957250e+03
9.784546554088592529e+02,2.536299612822946074e+03
9.840306432247161865e+02,2.535839227172679330e+03
9.895161788463592529e+02,2.536327112589520311e+03
1.000654954910278320e+03,2.535851313368931187e+03
1.006081688642501831e+03,2.536260044826374724e+03
1.011585219621658325e+03,2.535928442964016995e+03
1.017171876430511475e+03,2.536519456295968212e+03
1.022695183753967285e+03,2.536374697585457398e+03
1.028129685401916504e+03,2.535874237013551465e+03
1.033663752317428589e+03,2.536472484840121524e+03
1.039290985822677612e+03,2.535573713319248782e+03
1.044709545373916626e+03,2.536795255693255058e+03
1.050246181249618530e+03,2.536483180542068567e+03
1.061679507493972778e+03,2.536981781582242093e+03
1.067348477840423584e+03,2.536145193593853492e+03
1.072834316730499268e+03,2.537337314113635330e+03
1.078389709472656250e+03,2.537185444837950854e+03
1.083819040536880493e+03,2.537203130381515166e+03
1.089405153512954712e+03,2.537530419634751524e+03
1.094956179857254028e+03,2.536566791331839340e+03
1.100463269233703613e+03,2.536889756670926545e+03
1.105884714841842651e+03,2.536259917953837885e+03
1.111427652120590210e+03,2.538196700525035340e+03
1.123547264337539673e+03,2.537675800175395125e+03
1.129171540975570679e+03,2.538328987850985868e+03
1.134635895490646362e+03,2.537483639842310822e+03
1.140189682483673096e+03,2.537857219685684868e+03
1.145728711605072021e+03,2.537027866701541825e+03
1.151224563837051392e+03,2.536139473712181371e+03
1.156787933349609375e+03,2.536233527886395677e+03
1.162332883596420288e+03,2.535205453059600131e+03
1.167794630289077759e+03,2.535935923548110168e+03
1.173277444362640381e+03,2.535248266529346893e+03
1.185812335968017578e+03,2.534876352785792733e+03
1.191372502088546753e+03,2.534374577387995032e+03
1.196724489450454712e+03,2.534351429360461680e+03
1.203721505880355835e+03,2.534069764276008755e+03
1.209099699020385742e+03,2.533118318508339598e+03
1.214654836177825928e+03,2.533655553072433122e+03
1.220197290658950806e+03,2.533078272532278788e+03
1.225671617269515991e+03,2.532791152496371069e+03
1.231319083690643311e+03,2.532661777361054646e+03
1.236824805021286011e+03,2.531794172829281706e+03
1.249715116024017334e+03,2.532220289676529319e+03
1.255174154281616211e+03,2.531097943957264761e+03
1.260773314952850342e+03,2.532417063675248755e+03
1.266271287918090820e+03,2.531844508258488077e+03
1.271792073488235474e+03,2.531655159541178364e+03
1.277313671827316284e+03,2.531574020055272285e+03
1.282861570119857788e+03,2.531250685205847731e+03
1.288324897289276123e+03,2.533683722866900098e+03
1.293959666728973389e+03,2.538596455871838771e+03
1.299324153184890747e+03,2.569073305864430040e+03
1.312593214273452759e+03,2.635453253646625853e+03
1.317966180801391602e+03,2.648259994357005780e+03
1.323668877124786377e+03,2.649547712762852370e+03
1.329060795068740845e+03,2.660569032130854794e+03
1.334565188169479370e+03,2.660771534809123750e+03
1.340142791986465454e+03,2.660414478857374888e+03
1.345746182441711426e+03,2.661285083731072518e+03
1.351294444084167480e+03,2.660888254963842428e+03
1.356806183815002441e+03,2.676660796531241431e+03
1.362316177129745483e+03,2.678391669736945005e+03
1.376194655418395996e+03,2.674004723330417619e+03
1.381739803552627563e+03,2.662792030891795093e+03
1.387381782531738281e+03,2.649710994872618812e+03
1.392894517898559570e+03,2.621265112330822831e+03
1.398306998968124390e+03,2.556484953823309297e+03
1.403970130681991577e+03,2.424827917280705606e+03
1.409358688116073608e+03,2.025443759605310561e+03
1.414883675813674927e+03,1.053452617828549364e+03
1.420385767221450806e+03,1.019841146272386936e+03
1.426001808166503906e+03,1.011416203699999301e+03
1.439760311841964722e+03,1.007407551451804920e+03
1.445277006149291992e+03,1.007256421343336342e+03
1.450821767807006836e+03,1.006952646498615991e+03
1.456332204341888428e+03,1.006766702055136648e+03
1.461946204185485840e+03,1.006633999298308140e+03
1.467510698556900024e+03,1.006205373060619308e+03
1.472917184829711914e+03,1.006260918447576728e+03
1.478559713602066040e+03,1.005983411989256865e+03
1.484058008909225464e+03,1.005837219306312136e+03
1.489572280883789062e+03,1.005884651553508320e+03
1.505752004861831665e+03,1.005363694722217360e+03
1.511269462823867798e+03,1.005514096303031465e+03
1.516668962955474854e+03,1.005397416400543307e+03
1.522214476346969604e+03,1.005129288336111586e+03
1.527816814899444580e+03,1.005151106006577947e+03
1.533394969224929810e+03,1.004927426778924655e+03
1.538779020786285400e+03,1.005019502232549826e+03
1.544425888061523438e+03,9.980605535741680114e+02
1.549977183580398560e+03,9.979579026042058558e+02
1.555479706287384033e+03,9.979356451287186474e+02
1.570489597320556641e+03,9.976199360821240134e+02
1.576009316921234131e+03,9.977066889325160446e+02
1.581513381242752075e+03,9.977125359310309705e+02
1.587054713964462280e+03,9.976157364097574600e+02
1.592596160888671875e+03,9.977406330543050217e+02
1.597987324237823486e+03,9.974751921765349607e+02
1.603543884754180908e+03,9.975066578315245351e+02
1.609195086002349854e+03,9.975886648091750430e+02
1.614625742435455322e+03,9.973917424458768437e+02
1.620144024372100830e+03,9.974724705172075119e+02
1.635168702840805054e+03,9.973599048579114879e+02
1.640571128129959106e+03,9.973711444914590629e+02
1.646208247900009155e+03,9.972822324487273136e+02
1.651699425697326660e+03,9.974155569866289852e+02
1.657218357086181641e+03,9.971986101076628302e+02
1.662742419242858887e+03,9.971626283530573573e+02
1.668257119655609131e+03,9.972328540272710597e+02
1.673796369552612305e+03,9.971285129506877638e+02
1.679241497993469238e+03,9.972816838443625329e+02
1.684735093355178833e+03,9.970810446214006788e+02
1.700390210151672363e+03,9.970286669805535666e+02
1.705942929983139038e+03,9.971285693198984745e+02
1.711552610397338867e+03,9.969690187188738264e+02
1.716934231996536255e+03,9.970893719735577179e+02
1.722557157754898071e+03,9.970123851895563121e+02
1.728075978994369507e+03,9.968844399069479323e+02
1.733598494768142700e+03,9.970022590255689465e+02
1.739118602037429810e+03,9.968298084068673006e+02
1.744524761438369751e+03,9.969601330697018966e+02
