1.631478309631347656e+00 9.444630762300477045e+02
7.780327081680297852e+00 9.453905870627874037e+02
1.330546426773071289e+01 9.443792795263766493e+02
1.884600806236267090e+01 9.450769904303881503e+02
2.436433124542236328e+01 9.445836045420481923e+02
2.988596558570861816e+01 9.443038547873635480e+02
3.531880807876586914e+01 9.459382505903772653e+02
4.096011972427368164e+01 9.453746171863590462e+02
4.644758033752441406e+01 9.456059872224909668e+02
5.195869851112365723e+01 9.450811056806365968e+02
5.752911210060119629e+01 9.451374410895081155e+02
6.395944690704345703e+01 9.455275911379897025e+02
6.953430509567260742e+01 9.449583895114074039e+02
7.492984771728515625e+01 9.454263843004010823e+02
8.056529617309570312e+01 9.452954052089665993e+02
8.607915663719177246e+01 9.455237429236758544e+02
9.150464701652526855e+01 9.460826595048959007e+02
9.709675669670104980e+01 9.451164657300178078e+02
1.026669373512268066e+02 9.461349979466244804e+02
1.081560363769531250e+02 9.451711629805781740e+02
1.136844463348388672e+02 9.456857451852159784e+02
1.203355042934417725e+02 9.459220463084802759e+02
1.258914895057678223e+02 9.454030139361535703e+02
1.313759210109710693e+02 9.457685213718351633e+02
1.368077483177185059e+02 9.457403976300081467e+02
1.424811244010925293e+02 9.452138513870692123e+02
1.480224881172180176e+02 9.460771336149520039e+02
1.534588439464569092e+02 9.454966652149183801e+02
1.590349345207214355e+02 9.458195448527126246e+02
1.644705920219421387e+02 9.455685061808654837e+02
1.700800709724426270e+02 9.455509926770231459e+02
1.768113815784454346e+02 9.467005615740248459e+02
1.822378687858581543e+02 9.454893167006782733e+02
1.878451657295227051e+02 9.465819003323623519e+02
1.932959866523742676e+02 9.453738694333446801e+02
1.988434853553771973e+02 9.460160114369474513e+02
2.044224793910980225e+02 9.467385366655656753e+02
2.099745335578918457e+02 9.459815565422828740e+02
2.154991159439086914e+02 9.461688805021564121e+02
2.210214736461639404e+02 9.461602932805960791e+02
2.265032598972320557e+02 9.457129884996760438e+02
2.333479819297790527e+02 9.468659515743468091e+02
2.389853830337524414e+02 9.464150680343765316e+02
2.444285082817077637e+02 9.468317529976261540e+02
2.499655535221099854e+02 9.466748385410913897e+02
2.555306489467620850e+02 9.462886758776231773e+02
2.610969948768615723e+02 9.467946110594916718e+02
2.666214921474456787e+02 9.467080682047926530e+02
2.720426352024078369e+02 9.470638482972694874e+02
2.775927844047546387e+02 9.469302197015224465e+02
2.830849637985229492e+02 9.463187563745215130e+02
2.901059865951538086e+02 9.469317665401305248e+02
2.956229181289672852e+02 9.472555616632474766e+02
3.010873844623565674e+02 9.463008821811713460e+02
3.072657530307769775e+02 9.473870104633864457e+02
3.128457930088043213e+02 9.468260312818561033e+02
3.182725231647491455e+02 9.476343868165419053e+02
3.239208681583404541e+02 9.471776399983983765e+02
3.294034693241119385e+02 9.469052135539999426e+02
3.348785414695739746e+02 9.477865644583986295e+02
3.404445023536682129e+02 9.473890062661449747e+02
3.476707623004913330e+02 9.472057685801942171e+02
3.532824914455413818e+02 9.475900405599156784e+02
3.587722811698913574e+02 9.477751275402555393e+02
3.642801568508148193e+02 9.481102097857191211e+02
3.697699873447418213e+02 9.479928078813126149e+02
3.753278903961181641e+02 9.483441803489777158e+02
3.809179790019989014e+02 9.480212082056052623e+02
3.863445932865142822e+02 9.470453552138711757e+02
3.918354458808898926e+02 9.481106549310389937e+02
3.974453442096710205e+02 9.473422463153794979e+02
4.049604272842407227e+02 9.480944255847638260e+02
4.104399056434631348e+02 9.484760017402917356e+02
4.160340285301208496e+02 9.478263155207916952e+02
4.215676424503326416e+02 9.483557670822735872e+02
