2.000656999999999908e+00
2.000658000000000047e+00
2.000650999999999957e+00
2.000655999999999768e+00
2.000652999999999793e+00
2.000649000000000122e+00
2.000650000000000261e+00
2.000655000000000072e+00
2.000652999999999793e+00
2.000650999999999957e+00
2.000655999999999768e+00
2.000652000000000097e+00
2.000646999999999842e+00
2.000650999999999957e+00
2.000642000000000031e+00
2.000644000000000311e+00
2.000640999999999892e+00
2.000646999999999842e+00
2.000644000000000311e+00
2.000646000000000146e+00
2.000647999999999982e+00
2.000642000000000031e+00
2.000645000000000007e+00
2.000647999999999982e+00
2.000649000000000122e+00
2.000652000000000097e+00
2.000646000000000146e+00
2.000650000000000261e+00
2.000652000000000097e+00
2.000659000000000187e+00
2.000658000000000047e+00
2.000645000000000007e+00
2.000655000000000072e+00
2.000659000000000187e+00
2.000646000000000146e+00
2.000650999999999957e+00
2.000659000000000187e+00
2.000653999999999932e+00
2.000650000000000261e+00
2.000650000000000261e+00
2.000649000000000122e+00
2.000652000000000097e+00
2.000646000000000146e+00
2.000652000000000097e+00
2.000655999999999768e+00
2.000652999999999793e+00
2.000653999999999932e+00
2.000652000000000097e+00
2.000659000000000187e+00
2.000659000000000187e+00
2.000655000000000072e+00
2.000659000000000187e+00
2.000650999999999957e+00
2.000652999999999793e+00
2.000652000000000097e+00
2.000650000000000261e+00
2.000652000000000097e+00
2.000653999999999932e+00
2.000650000000000261e+00
2.000649000000000122e+00
2.000650000000000261e+00
2.000650000000000261e+00
2.000653999999999932e+00
2.000656999999999908e+00
2.000655000000000072e+00
2.000655999999999768e+00
2.000650000000000261e+00
2.000650000000000261e+00
2.000649000000000122e+00
2.000649000000000122e+00
2.000649000000000122e+00
2.000650000000000261e+00
2.000653999999999932e+00
2.000650000000000261e+00
2.000647999999999982e+00
2.000652000000000097e+00
2.000652999999999793e+00
2.000649000000000122e+00
2.000645000000000007e+00
2.000652000000000097e+00
2.000652000000000097e+00
2.000646000000000146e+00
2.000646000000000146e+00
2.000647999999999982e+00
2.000645000000000007e+00
2.000646000000000146e+00
2.000646000000000146e+00
2.000647999999999982e+00
2.000650999999999957e+00
2.000653999999999932e+00
2.000652999999999793e+00
2.000652000000000097e+00
2.000650999999999957e+00
2.000647999999999982e+00
2.000644000000000311e+00
2.000646999999999842e+00
2.000650999999999957e+00
2.000652000000000097e+00
2.000659000000000187e+00
2.000646999999999842e+00
2.000646999999999842e+00
2.000652999999999793e+00
2.000647999999999982e+00
2.000652999999999793e+00
2.000653999999999932e+00
2.000646999999999842e+00
