2.492017999999999844e+00
2.491928000000000143e+00
2.491616000000000053e+00
2.491522999999999932e+00
2.491457000000000033e+00
2.491413000000000100e+00
2.491372999999999838e+00
2.491246999999999989e+00
2.491188000000000180e+00
2.491093999999999919e+00
2.491086999999999829e+00
2.491047000000000011e+00
2.490994999999999848e+00
2.490960999999999981e+00
2.490925999999999974e+00
2.490947999999999940e+00
2.490966999999999931e+00
2.490955000000000030e+00
2.490931999999999924e+00
2.490896000000000221e+00
2.490838000000000108e+00
2.490848999999999869e+00
2.490882000000000041e+00
2.490841999999999778e+00
2.490806000000000076e+00
2.490771000000000068e+00
2.490755000000000052e+00
2.490777000000000019e+00
2.490714000000000095e+00
2.490743000000000151e+00
2.490693999999999964e+00
2.490638999999999825e+00
2.490634000000000015e+00
2.490660000000000096e+00
2.490629999999999900e+00
2.490641999999999801e+00
2.490612000000000048e+00
2.490581000000000156e+00
2.490617999999999999e+00
2.490613000000000188e+00
2.490600999999999843e+00
2.490626999999999924e+00
2.490671999999999997e+00
2.490661999999999932e+00
2.490685000000000038e+00
2.490651999999999866e+00
2.490676000000000112e+00
2.490642999999999940e+00
2.490682000000000063e+00
2.490682000000000063e+00
2.490629000000000204e+00
2.490599000000000007e+00
2.490569999999999951e+00
2.490580000000000016e+00
2.490584999999999827e+00
2.490546000000000149e+00
2.490568999999999811e+00
2.490580000000000016e+00
2.490514000000000117e+00
2.490508999999999862e+00
2.490533999999999804e+00
2.490533000000000108e+00
2.490495000000000125e+00
2.490486999999999895e+00
2.490476999999999830e+00
2.490454999999999863e+00
2.490456000000000003e+00
2.490464999999999929e+00
2.490429999999999922e+00
2.490413000000000210e+00
2.490457999999999839e+00
2.490432000000000201e+00
2.490409000000000095e+00
2.490404999999999980e+00
2.490362999999999882e+00
2.490399000000000029e+00
2.490350999999999981e+00
2.490327999999999875e+00
2.490301999999999794e+00
2.490349999999999842e+00
2.490346000000000171e+00
2.490320000000000089e+00
2.490307000000000048e+00
2.490279000000000131e+00
2.490314000000000139e+00
2.490315999999999974e+00
2.490251999999999910e+00
2.490245999999999960e+00
2.490245999999999960e+00
2.490222999999999853e+00
2.490207999999999977e+00
2.490184999999999871e+00
2.490175999999999945e+00
2.490149999999999864e+00
2.490175999999999945e+00
2.490168999999999855e+00
2.490187999999999846e+00
2.490153999999999979e+00
2.490134999999999987e+00
2.490142000000000078e+00
2.490155999999999814e+00
2.490625000000000089e+00
2.490441999999999823e+00
2.490349999999999842e+00
2.490282999999999802e+00
