1.552528381347656250e+00,9.483557670822735872e+02
7.615772485733032227e+00,9.484414847357533063e+02
1.313458418846130371e+01,9.484413223832842732e+02
1.868876266479492188e+01,9.486927207920033425e+02
2.421014118194580078e+01,9.485246015432185231e+02
2.971549248695373535e+01,9.486607907724528559e+02
3.522251057624816895e+01,9.485528050098424728e+02
4.070458698272705078e+01,9.486993225422547766e+02
4.634388422966003418e+01,9.487597990736394422e+02
5.175209283828735352e+01,9.486979116045188221e+02
5.735663890838623047e+01,9.486888480028505910e+02
6.380033040046691895e+01,9.485677246366718691e+02
6.930380916595458984e+01,9.486435380056186659e+02
7.485166215896606445e+01,9.488631810018204078e+02
8.036641478538513184e+01,9.487071234696128386e+02
8.588381099700927734e+01,9.487847490882508055e+02
9.140628957748413086e+01,9.489853963231605576e+02
9.692457604408264160e+01,9.488806865478455848e+02
1.024791171550750732e+02,9.488146918212962646e+02
1.079702954292297363e+02,9.489938741290883399e+02
1.134893996715545654e+02,9.490659987736589756e+02
1.200701155662536621e+02,9.489205890443111002e+02
1.256093492507934570e+02,9.489998609640896348e+02
1.310390539169311523e+02,9.490827886430901117e+02
1.366827728748321533e+02,9.489135673591599698e+02
1.421725046634674072e+02,9.489915843554473440e+02
1.477432653903961182e+02,9.491403159186821767e+02
1.532438132762908936e+02,9.488925273945254730e+02
1.586999671459197998e+02,9.493569523516554227e+02
1.642270693778991699e+02,9.491906709558726334e+02
1.697656829357147217e+02,9.490843788362823261e+02
1.765873425006866455e+02,9.489822671910582130e+02
1.820661492347717285e+02,9.491491527982960861e+02
1.875064997673034668e+02,9.492218091930378705e+02
1.930327141284942627e+02,9.491510753956900999e+02
1.986303949356079102e+02,9.490128207178383946e+02
2.041761374473571777e+02,9.493247859730736309e+02
2.096944897174835205e+02,9.494036805271484809e+02
2.152503147125244141e+02,9.493105561017271157e+02
2.207372448444366455e+02,9.492775244475494674e+02
2.262848458290100098e+02,9.493261175398947671e+02
2.332462902069091797e+02,9.493223251325043748e+02
2.387338104248046875e+02,9.493575139672660725e+02
2.442541408538818359e+02,9.494019923790764324e+02
2.497759177684783936e+02,9.494303778214806471e+02
2.552673196792602539e+02,9.492301750648135794e+02
2.608773365020751953e+02,9.492515820174216969e+02
2.663983201980590820e+02,9.493527113130422777e+02
2.718327898979187012e+02,9.495646964910494034e+02
2.773525040149688721e+02,9.496373984471216545e+02
2.829924404621124268e+02,9.494372307960803710e+02
2.902137515544891357e+02,9.494769168411017972e+02
2.956227989196777344e+02,9.493828490106722029e+02
3.012295415401458740e+02,9.495788678114446384e+02
3.073890421390533447e+02,9.496350109216263036e+02
3.128367369174957275e+02,9.496328521085382590e+02
3.184769065380096436e+02,9.496902965770924538e+02
3.239970648288726807e+02,9.497478698694906143e+02
3.293893890380859375e+02,9.496935348507277013e+02
3.350383424758911133e+02,9.497308129513145332e+02
3.404283108711242676e+02,9.498102919293976356e+02
3.478282833099365234e+02,9.496554343956382809e+02
3.532838108539581299e+02,9.497542095862534097e+02
3.589183287620544434e+02,9.496850326615857512e+02
3.643609681129455566e+02,9.497594108830269306e+02
3.698872823715209961e+02,9.497703731693009104e+02
3.754468703269958496e+02,9.498978526253797554e+02
3.809983191490173340e+02,9.499515087664700559e+02
3.864092433452606201e+02,9.498330688290092212e+02
3.919445927143096924e+02,9.498342979718565857e+02
3.974666869640350342e+02,9.499371956078207404e+02
4.051750721931457520e+02,9.497168611375404907e+02
4.106973435878753662e+02,9.498029467788254578e+02
4.161560518741607666e+02,9.498996994124973980e+02
4.218289957046508789e+02,9.498657693174822043e+02
4.273526396751403809e+02,9.498189032026290306e+02
4.328657693862915039e+02,9.507814404739474412e+02
4.383851137161254883e+02,9.527666570667332735e+02
4.439093995094299316e+02,9.608045351300231687e+02
4.494273283481597900e+02,9.616427534988550860e+02
4.549754705429077148e+02,9.626384815319117934e+02
4.628051841259002686e+02,9.635944089443376015e+02
4.684168424606323242e+02,9.639987128425588025e+02
4.738472907543182373e+02,9.648076864045367529e+02
4.793470568656921387e+02,9.647480575136946754e+02
4.849791336059570312e+02,9.650946856633377138e+02
4.904001774787902832e+02,9.656686624777161114e+02
4.959836485385894775e+02,9.657804060176504208e+02
5.015454816818237305e+02,9.661775553570877264e+02
5.070593533515930176e+02,9.663156777432932358e+02
5.125054094791412354e+02,9.663381897847456230e+02
5.208957254886627197e+02,9.716273030002150790e+02
5.264082667827606201e+02,9.716283384347589163e+02
5.319026629924774170e+02,9.717223658308636232e+02
5.375256121158599854e+02,9.726188309295207546e+02
5.430666205883026123e+02,9.724770996827885483e+02
5.485789372920989990e+02,9.728102122218853083e+02
5.540050446987152100e+02,9.728185906056004342e+02
5.595228011608123779e+02,9.731212907874403300e+02
5.650652205944061279e+02,9.736203037513724894e+02
5.706828262805938721e+02,9.736737916221302385e+02
5.792961761951446533e+02,9.740097178400368421e+02
5.848455269336700439e+02,9.746920468807471707e+02
5.903337857723236084e+02,9.745700116018629160e+02
5.958592131137847900e+02,9.751158858266493326e+02
6.013456192016601562e+02,9.747203262206566023e+02
6.076319458484649658e+02,9.750960448922719479e+02
6.131825475692749023e+02,9.755327988340247884e+02
6.186608486175537109e+02,9.754717327851557229e+02
6.241527786254882812e+02,9.760229967657738825e+02
6.296687798500061035e+02,9.759480139732613679e+02
6.383565819263458252e+02,9.761698662015927539e+02
6.440500330924987793e+02,9.761397643833144002e+02
6.495571672916412354e+02,9.769849485561081792e+02
6.550771915912628174e+02,9.768259709448111607e+02
6.606245534420013428e+02,9.772864738378270886e+02
6.660254313945770264e+02,9.770334131863507992e+02
6.716528263092041016e+02,9.775231763591859817e+02
6.771380999088287354e+02,9.778488609919744476e+02
6.825913963317871094e+02,9.774080637344610523e+02
6.881488473415374756e+02,9.779533888093711766e+02
6.971947464942932129e+02,9.781673745379978300e+02
7.028109526634216309e+02,9.778683097352118239e+02
7.083294308185577393e+02,9.783507717271722868e+02
7.138264224529266357e+02,9.781397079864743773e+02
7.194001891613006592e+02,9.780949313683730679e+02
7.248612818717956543e+02,9.788070421990568093e+02
7.304056816101074219e+02,9.785971238965836392e+02
7.359558298587799072e+02,9.789436963655981572e+02
7.414444854259490967e+02,9.787201203787225268e+02
7.469741966724395752e+02,9.787931597006963784e+02
7.564447965621948242e+02,9.788982397231472987e+02
7.619028124809265137e+02,9.792712742521218843e+02
7.673623352050781250e+02,9.790101170533677077e+02
7.729224810600280762e+02,9.794728756190642116e+02
7.784619257450103760e+02,9.792002844148402119e+02
7.840766606330871582e+02,9.793915671669437870e+02
7.895692670345306396e+02,9.797659889903616204e+02
7.951172096729278564e+02,9.794068442571399373e+02
8.005473392009735107e+02,9.801311737866959675e+02
8.061555581092834473e+02,9.797761102606159511e+02
8.159705495834350586e+02,9.799758227787248188e+02
8.214809885025024414e+02,9.798064827164537292e+02
8.269292509555816650e+02,9.852614600613231914e+02
8.325621812343597412e+02,9.803168034492248353e+02
8.380567784309387207e+02,9.853218810156749896e+02
8.435973370075225830e+02,9.803670008801766471e+02
8.491172533035278320e+02,9.857752748067736093e+02
8.546361362934112549e+02,9.857597162692024995e+02
8.601544816493988037e+02,9.806558892325738270e+02
8.656783082485198975e+02,9.857570828566524597e+02
8.757243547439575195e+02,9.854070031108268495e+02
8.812472038269042969e+02,9.857338811614058613e+02
8.867705850601196289e+02,9.859414577868118386e+02
8.923427801132202148e+02,9.863241194749076612e+02
8.977464780807495117e+02,9.862683739851430573e+02
9.043763351440429688e+02,9.856922604350302208e+02
9.098409547805786133e+02,9.862098396028467278e+02
9.153313364982604980e+02,9.861289478711997845e+02
9.209388082027435303e+02,9.869766275991559041e+02
9.264623076915740967e+02,9.865628701064308643e+02
9.368995466232299805e+02,9.867672986330616141e+02
9.423537149429321289e+02,9.864006986098612515e+02
9.479483032226562500e+02,9.870423705954619891e+02
9.533373231887817383e+02,9.866946517676385611e+02
9.589272344112396240e+02,9.869455391137745437e+02
9.645857536792755127e+02,9.873474662042381169e+02
9.700791597366333008e+02,9.868071766482815974e+02
9.755373094081878662e+02,9.877093156805354965e+02
9.810609314441680908e+02,9.869493782867950813e+02
9.865510296821594238e+02,9.877561218411893833e+02
9.973567953109741211e+02,9.872691939625055966e+02
1.002989001274108887e+03,9.876655098912955282e+02
1.008506659746170044e+03,9.870974366096930908e+02
1.014025454998016357e+03,9.879367312503727590e+02
1.019438841342926025e+03,9.875350736192542627e+02
1.024898607492446899e+03,9.871711108027194541e+02
1.030498463153839111e+03,9.883436188624818897e+02
1.036022171497344971e+03,9.878804990914244399e+02
1.041655941963195801e+03,9.883146317416469628e+02
1.047061424016952515e+03,9.880832362161548872e+02
1.058341931343078613e+03,9.884029930615367903e+02
1.063853806734085083e+03,9.880694204305302719e+02
1.069404408693313599e+03,9.885307650263254118e+02
1.074898251056671143e+03,9.877601255835625125e+02
1.080452620267868042e+03,9.885674219822788018e+02
1.085861816644668579e+03,9.886059644760841820e+02
1.091466123580932617e+03,9.880125088553783144e+02
1.096979347944259644e+03,9.884286452683570587e+02
1.102463760852813721e+03,9.878602004739490212e+02
1.107980179548263550e+03,9.883762992478186789e+02
1.119679281473159790e+03,9.878776202099131751e+02
1.125231618642807007e+03,9.883722504463029281e+02
1.130762872934341431e+03,9.876844695657406419e+02
1.136364546775817871e+03,9.882430797026534037e+02
1.141915924072265625e+03,9.883177415947201325e+02
1.147334472894668579e+03,9.877052719857621241e+02
1.152912797927856445e+03,9.882577668123631156e+02
1.158404510021209717e+03,9.875130740864882455e+02
1.163858309984207153e+03,9.879147714018122315e+02
1.169409410238265991e+03,9.874118606780667733e+02
1.181589754819869995e+03,9.878525075962543269e+02
1.187053685665130615e+03,9.874537212415427803e+02
1.192573812723159790e+03,9.878148400644849971e+02
1.198152239561080933e+03,9.874480904911695234e+02
1.204960114717483521e+03,9.871919565973362296e+02
1.210472780466079712e+03,9.873811526564790029e+02
1.216009209632873535e+03,9.869236196824907665e+02
1.221623811483383179e+03,9.868846687619577551e+02
1.227120495319366455e+03,9.875323254258745465e+02
1.232667318582534790e+03,9.869328533279572184e+02
1.245506659746170044e+03,9.873623205910698744e+02
1.251082837581634521e+03,9.869219656946612531e+02
1.256575341463088989e+03,9.870777253677947556e+02
1.261991350173950195e+03,9.869053289783091714e+02
1.267647335290908813e+03,9.873194290515306193e+02
1.273152402877807617e+03,9.877570369889980384e+02
1.278663565635681152e+03,9.872781163021381872e+02
1.284180731058120728e+03,9.867898982608766119e+02
1.289692815542221069e+03,9.873357077637023167e+02
1.295224916458129883e+03,9.868296595406260394e+02
1.308327279806137085e+03,9.869092786578818277e+02
1.313845556020736694e+03,9.863332607833118573e+02
1.319328793525695801e+03,9.867089546451935576e+02
1.324827343940734863e+03,9.861273635743295927e+02
1.330421872854232788e+03,9.865207034963563046e+02
1.335887049674987793e+03,9.869941548834718787e+02
1.341386189222335815e+03,9.867422483649759215e+02
1.346935870409011841e+03,9.868559541992124196e+02
1.352427063465118408e+03,9.863533940182620654e+02
1.358078242540359497e+03,9.871751252361233355e+02
1.371745543718338013e+03,9.860641340993219046e+02
1.377303813457489014e+03,9.865787047802139114e+02
1.382823811054229736e+03,9.870374205734595989e+02
