1.985905647277832031e+00,1.906049993552556998e+03
8.203215360641479492e+00,1.906591800600985835e+03
1.373588347434997559e+01,1.906570033351884604e+03
1.916464066505432129e+01,1.906061430893016905e+03
2.473639369010925293e+01,1.906695342860094797e+03
3.031328296661376953e+01,1.905866310057210285e+03
3.583235335350036621e+01,1.906215130223921960e+03
4.129588222503662109e+01,1.906286400650496489e+03
4.677345061302185059e+01,1.906589329337663003e+03
5.229038000106811523e+01,1.906702540733095248e+03
5.777438306808471680e+01,1.905965141775939173e+03
6.432404303550720215e+01,1.906436774026148669e+03
6.982297968864440918e+01,1.906282090959550260e+03
7.541312885284423828e+01,1.905804024498351509e+03
8.093685698509216309e+01,1.906537385575602002e+03
8.648687291145324707e+01,1.906282063202207837e+03
9.200549769401550293e+01,1.906336594504842196e+03
9.748726868629455566e+01,1.905539740006211559e+03
1.030488960742950439e+02,1.906331067566825368e+03
1.084459342956542969e+02,1.905704451957809397e+03
1.140151174068450928e+02,1.905717217302485778e+03
1.207554490566253662e+02,1.905816004827773440e+03
1.262857005596160889e+02,1.905505343881043245e+03
1.317993719577789307e+02,1.905905932854081811e+03
1.373003699779510498e+02,1.905766297463997262e+03
1.428189523220062256e+02,1.905526629339907004e+03
1.483804178237915039e+02,1.905840714238639521e+03
1.537657234668731689e+02,1.905284169739283243e+03
1.594139778614044189e+02,1.906036614911327888e+03
1.648192598819732666e+02,1.905453496692068256e+03
1.704417359828948975e+02,1.905417097001314914e+03
1.772476201057434082e+02,1.905886852285445457e+03
1.829090528488159180e+02,1.905300268602684127e+03
1.883730728626251221e+02,1.905412393097553377e+03
1.939038071632385254e+02,1.905935012285558287e+03
1.994674444198608398e+02,1.905230627563139251e+03
2.048405597209930420e+02,1.905701771050175921e+03
2.104203734397888184e+02,1.905296510072954561e+03
2.160423626899719238e+02,1.905884455202970457e+03
2.214949035644531250e+02,1.905695063257671563e+03
2.271218757629394531e+02,1.905186754416228268e+03
2.341633436679840088e+02,1.905812013127498176e+03
2.397087831497192383e+02,1.905284907444681494e+03
2.451951823234558105e+02,1.905248659988242480e+03
2.507904026508331299e+02,1.905712980692023166e+03
2.561246373653411865e+02,1.905046361001587911e+03
2.618080399036407471e+02,1.905915631387480062e+03
2.672789294719696045e+02,1.905445849096338179e+03
2.727514221668243408e+02,1.916881768523904611e+03
2.782939858436584473e+02,1.949195301247061707e+03
2.839502058029174805e+02,1.986835473126408942e+03
2.910729353427886963e+02,2.003229451407905344e+03
2.967001700401306152e+02,2.014821499304877307e+03
3.028350815773010254e+02,2.026462072728153089e+03
3.082944102287292480e+02,2.029738664418909138e+03
3.138251948356628418e+02,2.032542864813027791e+03
3.194048664569854736e+02,2.042011074993676402e+03
3.248268680572509766e+02,2.044420356118708696e+03
3.304928529262542725e+02,2.046579958012014913e+03
3.359714045524597168e+02,2.055245321289386538e+03
3.414256100654602051e+02,2.057208297078799205e+03
3.488926677703857422e+02,2.059315941692944307e+03
3.543694603443145752e+02,2.066353374511311813e+03
3.599026260375976562e+02,2.068663688358094987e+03
3.654365177154541016e+02,2.070968262026139200e+03
3.709313559532165527e+02,2.076027672905458076e+03
3.764368691444396973e+02,2.077969886938763921e+03
3.819383358955383301e+02,2.081661978401938086e+03
3.874191699028015137e+02,2.083616189685080826e+03
3.929758715629577637e+02,2.088920247382992329e+03
3.984245107173919678e+02,2.092134418979150723e+03
4.061627478599548340e+02,2.095264612672744079e+03
4.115830640792846680e+02,2.101319640834227357e+03
4.171630311012268066e+02,2.103328438495061164e+03
4.226267995834350586e+02,2.104884007920329623e+03
4.282888283729553223e+02,2.109115856836432158e+03
4.336429600715637207e+02,2.110394486323947604e+03
4.392893638610839844e+02,2.115288404662071116e+03
4.448283069133758545e+02,2.117487881717780510e+03
4.502757253646850586e+02,2.118680822234331572e+03
4.558368685245513916e+02,2.122001352619146473e+03
4.637258517742156982e+02,2.123776401894930586e+03
4.692588701248168945e+02,2.124599981566446331e+03
4.748216662406921387e+02,2.127857065853197128e+03
4.803951213359832764e+02,2.128872269428896288e+03
4.858958504199981689e+02,2.132991566662118203e+03
4.914469616413116455e+02,2.134225164381165996e+03
4.968859174251556396e+02,2.135193092730060016e+03
5.024883544445037842e+02,2.137868189430110760e+03
5.080221509933471680e+02,2.137095314076173509e+03
5.134312691688537598e+02,2.139935274704925178e+03
5.217308113574981689e+02,2.141438382980968072e+03
5.272633225917816162e+02,2.142425276013008443e+03
5.326855032444000244e+02,2.144644239911088334e+03
5.382161259651184082e+02,2.146099935245832512e+03
5.437608063220977783e+02,2.146164071574290119e+03
5.494120345115661621e+02,2.148618016418306524e+03
5.549121134281158447e+02,2.148386102792183010e+03
5.604815344810485840e+02,2.150147720715975538e+03
5.658653006553649902e+02,2.150976169620727433e+03
5.714713852405548096e+02,2.151881651358894032e+03
5.801058652400970459e+02,2.152572797660256583e+03
5.856742329597473145e+02,2.155677174148665927e+03
5.911937596797943115e+02,2.156009516992639419e+03
5.966318192481994629e+02,2.158132200578464563e+03
6.030694789886474609e+02,2.158210060939294635e+03
6.085031914710998535e+02,2.160060686040266319e+03
6.141536405086517334e+02,2.161187260685656383e+03
6.196258654594421387e+02,2.160378030210159523e+03
6.250558986663818359e+02,2.162271462062519277e+03
6.305669927597045898e+02,2.162632390305883291e+03
6.394352056980133057e+02,2.162768865313565129e+03
6.449954378604888916e+02,2.164566360677790271e+03
6.503394877910614014e+02,2.164866013119473791e+03
6.559930491447448730e+02,2.165347047282456515e+03
6.614621543884277344e+02,2.166647070800443998e+03
6.669694581031799316e+02,2.166398709020260412e+03
6.726158955097198486e+02,2.167292823719149510e+03
6.781420485973358154e+02,2.168092624350792903e+03
6.835875844955444336e+02,2.168637060723410286e+03
6.890653829574584961e+02,2.169538573429195367e+03
6.983873860836029053e+02,2.169942107497070992e+03
7.039955332279205322e+02,2.170205103877500733e+03
7.095600333213806152e+02,2.170773491793191624e+03
7.149316165447235107e+02,2.174437692749104372e+03
7.205791964530944824e+02,2.174636974810140146e+03
7.261054091453552246e+02,2.175616538132120240e+03
7.316359083652496338e+02,2.176114894663463929e+03
7.371558833122253418e+02,2.176083386411679840e+03
7.426050617694854736e+02,2.177224611179855401e+03
7.481658673286437988e+02,2.176919583084503302e+03
7.578278508186340332e+02,2.177640978816580628e+03
7.632303707599639893e+02,2.178605636013716321e+03
7.688600132465362549e+02,2.179089706128741454e+03
7.742615637779235840e+02,2.179071992493779362e+03
7.799437494277954102e+02,2.180329114796317299e+03
7.854183924198150635e+02,2.180412694808842389e+03
7.908553855419158936e+02,2.180780996014696484e+03
7.964696929454803467e+02,2.181123875352091090e+03
8.020045957565307617e+02,2.181567020198772752e+03
8.075721075534820557e+02,2.182128470616347386e+03
8.175675694942474365e+02,2.181863093275309893e+03
8.231364679336547852e+02,2.182581191809292250e+03
8.286483197212219238e+02,2.182936574008014759e+03
8.341308391094207764e+02,2.183307008575771761e+03
8.396805086135864258e+02,2.183356906545719994e+03
8.451762797832489014e+02,2.183946284589789229e+03
8.506243855953216553e+02,2.184209858089969657e+03
8.561357192993164062e+02,2.184433209185433498e+03
8.617803866863250732e+02,2.189107499204851138e+03
8.673178844451904297e+02,2.189704977121185493e+03
8.777210876941680908e+02,2.185095977994102213e+03
8.831698408126831055e+02,2.185704518438169544e+03
8.887825250625610352e+02,2.190648666384168791e+03
8.943212828636169434e+02,2.191014556846855612e+03
8.997468698024749756e+02,2.190937494942682406e+03
9.063395607471466064e+02,2.185632863534718126e+03
9.118148412704467773e+02,2.190994907897213125e+03
9.174898216724395752e+02,2.190774786111436242e+03
9.230025131702423096e+02,2.191542427076798049e+03
9.285227630138397217e+02,2.191442186714869422e+03
9.392141518592834473e+02,2.191198677193289768e+03
9.448602697849273682e+02,2.190975381138964167e+03
9.504033062458038330e+02,2.191939783483971496e+03
9.558318345546722412e+02,2.191279578382269392e+03
9.613944637775421143e+02,2.191166110716291769e+03
9.668217546939849854e+02,2.192032952150164419e+03
9.724594635963439941e+02,2.191259456376474645e+03
9.779596576690673828e+02,2.192185881640117259e+03
9.834788506031036377e+02,2.191592188441855342e+03
9.889103260040283203e+02,2.191679482248361182e+03
1.000027966499328613e+03,2.186342813446134187e+03
1.005489337205886841e+03,2.192329052724773192e+03
1.011137575387954712e+03,2.191293834163414886e+03
1.016571165561676025e+03,2.191456865450430087e+03
1.022199952840805054e+03,2.191471061338548679e+03
1.027603330373764038e+03,2.191762361204229819e+03
1.033139143466949463e+03,2.192659134217768042e+03
1.038766647577285767e+03,2.191978217248901274e+03
1.044301857709884644e+03,2.192573918296006923e+03
1.049759875535964966e+03,2.191490860188866463e+03
1.061115868091583252e+03,2.191102497996567308e+03
1.066705532550811768e+03,2.185545094203400367e+03
1.072221446275711060e+03,2.190995033571586191e+03
1.077680298805236816e+03,2.184946296835172689e+03
1.083340392827987671e+03,2.185181122031231553e+03
1.088749236822128296e+03,2.185087081509277596e+03
1.094344145536422729e+03,2.184439906147542843e+03
1.099903828620910645e+03,2.184949283581243890e+03
1.105401611804962158e+03,2.183867434251424129e+03
1.110853305816650391e+03,2.184243362633437755e+03
1.122838151216506958e+03,2.183423656424615729e+03
1.128426014423370361e+03,2.183897578283326311e+03
1.133819086790084839e+03,2.183108100238630868e+03
1.139345288991928101e+03,2.183233817945104875e+03
1.144979207038879395e+03,2.183251985342251373e+03
1.150391870975494385e+03,2.182863346833289143e+03
1.155977666139602661e+03,2.183358684484029254e+03
1.161492767810821533e+03,2.182509860837819360e+03
1.166935743331909180e+03,2.182750761032104492e+03
1.172555398702621460e+03,2.182510422073650716e+03
1.185143349170684814e+03,2.182498388345318745e+03
1.190581952095031738e+03,2.181923745329425401e+03
1.196148322343826294e+03,2.182776507078999202e+03
1.203091295957565308e+03,2.190417222589599987e+03
1.208570369720458984e+03,2.193112032488560544e+03
1.214003757953643799e+03,2.196795412299548843e+03
1.219545881986618042e+03,2.198794345015243380e+03
1.225124385833740234e+03,2.199789700092945168e+03
1.230629594564437866e+03,2.207114900613780264e+03
1.236168918132781982e+03,2.207255443373498110e+03
1.249081727266311646e+03,2.208682467426072890e+03
1.254625843048095703e+03,2.208689221896386698e+03
1.260227465152740479e+03,2.209159913836637770e+03
1.265744278192520142e+03,2.209134035069482707e+03
1.271284386634826660e+03,2.209116992844482866e+03
1.276709135055541992e+03,2.209467067894803677e+03
1.282282416820526123e+03,2.209253597443287617e+03
1.287736010789871216e+03,2.209764262365687955e+03
1.293302197694778442e+03,2.209579630506076683e+03
1.298780326843261719e+03,2.209615158439869447e+03
1.312306090116500854e+03,2.210339278501026456e+03
1.317772330999374390e+03,2.210261350264238445e+03
1.323312876224517822e+03,2.210785880487429495e+03
1.328823599100112915e+03,2.210305304092654751e+03
1.334355848789215088e+03,2.210092095963681459e+03
1.339835850238800049e+03,2.209943308342598812e+03
1.345417486190795898e+03,2.210385204425804204e+03
1.350971011161804199e+03,2.210366858289545235e+03
1.356442035436630249e+03,2.210914548720497351e+03
1.362020361185073853e+03,2.210990712993770103e+03
1.375905875205993652e+03,2.211935217055582143e+03
1.381425897598266602e+03,2.212032349216578950e+03
1.386951522827148438e+03,2.212009001444293972e+03
1.392457066535949707e+03,2.212173536248993514e+03
1.397899878501892090e+03,2.212107429171161584e+03
1.403425788879394531e+03,2.212395212372463902e+03
1.409057399749755859e+03,2.212584318459179940e+03
1.414464669466018677e+03,2.212529641380178418e+03
1.420094546318054199e+03,2.212717467521645631e+03
1.425495035171508789e+03,2.212550583539941272e+03
1.440089926242828369e+03,2.213406050303359279e+03
