3.349490000000000146e+04
3.180979999999999927e+04
2.719240000000000509e+04
3.012799999999998545e+04
3.662250000000000000e+04
5.125649999999998545e+04
7.573999999999998545e+04
7.960730000000001746e+04
5.689339999999998690e+04
4.400720000000001892e+04
4.367499999999999272e+04
3.708240000000000873e+04
2.934530000000001382e+04
2.832729999999999200e+04
3.663890000000000873e+04
6.131990000000001601e+04
7.918200000000000000e+04
6.359169999999999709e+04
4.122199999999999272e+04
3.539030000000001019e+04
3.151679999999999200e+04
2.790960000000000582e+04
3.030450000000000364e+04
3.254290000000000509e+04
3.989860000000000582e+04
5.691410000000001310e+04
6.341039999999999418e+04
4.825220000000001892e+04
3.051210000000000946e+04
2.489760000000000582e+04
2.617320000000000437e+04
2.712770000000001528e+04
2.742390000000001237e+04
2.847720000000000073e+04
3.296980000000000291e+04
4.054869999999998981e+04
4.474499999999999272e+04
3.978459999999999127e+04
2.989349999999998909e+04
2.379839999999999418e+04
2.588129999999999927e+04
3.198339999999999054e+04
4.080580000000001746e+04
6.011400000000000000e+04
7.928850000000000000e+04
7.139800000000002910e+04
4.489639999999999418e+04
2.955750000000000364e+04
2.603910000000000218e+04
2.483869999999999709e+04
2.814970000000000800e+04
3.188060000000002037e+04
3.259919999999999709e+04
4.365959999999997672e+04
7.035770000000001164e+04
8.676009999999999127e+04
7.107920000000001164e+04
4.162929999999998108e+04
2.948600000000000364e+04
2.945259999999998763e+04
2.656820000000000073e+04
2.461660000000000218e+04
3.005829999999999927e+04
5.447969999999998254e+04
9.290400000000005821e+04
1.009158000000000320e+05
6.324939999999998690e+04
3.304609999999999127e+04
2.932909999999999491e+04
2.853089999999999782e+04
3.178969999999998618e+04
3.667269999999998254e+04
4.362629999999998108e+04
7.845279999999997381e+04
1.139588999999999942e+05
9.363290000000000873e+04
5.176259999999999854e+04
4.033990000000000873e+04
4.540840000000000146e+04
4.584570000000000437e+04
3.660409999999999127e+04
3.559869999999999709e+04
5.826929999999999563e+04
8.068129999999995925e+04
1.033353999999999942e+05
1.256616999999999971e+05
9.899279999999997381e+04
5.447160000000001310e+04
5.645249999999999272e+04
5.975220000000002619e+04
4.964150000000002183e+04
7.973759999999996217e+04
1.333202000000000116e+05
1.486057000000000407e+05
1.052162000000000262e+05
5.128859999999999854e+04
4.117439999999999418e+04
4.339019999999997526e+04
3.618759999999999854e+04
4.648129999999998836e+04
5.649330000000001746e+04
7.755600000000000000e+04
1.245544999999999563e+05
1.191516000000000058e+05
6.133940000000000146e+04
3.954909999999999854e+04
4.308210000000001310e+04
3.820899999999999272e+04
3.637729999999998836e+04
3.915399999999998545e+04
5.649560000000000582e+04
8.166490000000000873e+04
7.786100000000002910e+04
5.066329999999998836e+04
3.557530000000001746e+04
3.000749999999999272e+04
2.628450000000000000e+04
2.813670000000000437e+04
2.901259999999999491e+04
3.407510000000002037e+04
6.234920000000001164e+04
9.985660000000000582e+04
1.005424000000000233e+05
6.367390000000000873e+04
3.424900000000000000e+04
2.887659999999999854e+04
2.570830000000000291e+04
2.539780000000000655e+04
3.178849999999999636e+04
4.483779999999999563e+04
8.437679999999995925e+04
1.227440000000000000e+05
1.023222000000000116e+05
5.412999999999999272e+04
3.786909999999999127e+04
3.449489999999998690e+04
2.719759999999999491e+04
3.030789999999999054e+04
3.593959999999999127e+04
5.071260000000000582e+04
8.229049999999994179e+04
9.006389999999997963e+04
6.179399999999999272e+04
3.859850000000000000e+04
4.263780000000001019e+04
5.144119999999999709e+04
4.403920000000001164e+04
3.441559999999999127e+04
4.622929999999998108e+04
8.050530000000000291e+04
1.037222999999999738e+05
7.828900000000002910e+04
3.933069999999999709e+04
3.053379999999999563e+04
4.087169999999998981e+04
6.653100000000000000e+04
7.910339999999996508e+04
5.921549999999998545e+04
5.769219999999999709e+04
9.341820000000002619e+04
1.069761000000000204e+05
7.133669999999999709e+04
3.799960000000000582e+04
4.245240000000001601e+04
4.610540000000000146e+04
4.211420000000001892e+04
5.318410000000001310e+04
5.263740000000003056e+04
6.239129999999999563e+04
9.524960000000003492e+04
8.798550000000001455e+04
5.683610000000000582e+04
4.786879999999997381e+04
4.040570000000000437e+04
3.180979999999999927e+04
3.249130000000001382e+04
4.609570000000003347e+04
6.986600000000000000e+04
7.988369999999996799e+04
8.013479999999997381e+04
9.623929999999997381e+04
1.030483999999999796e+05
7.149989999999999418e+04
4.104149999999999272e+04
3.110490000000000873e+04
2.794230000000000655e+04
3.776290000000000873e+04
4.900920000000000437e+04
8.256220000000004075e+04
1.249931999999999534e+05
9.917209999999994761e+04
4.877590000000000873e+04
3.450640000000000146e+04
2.908060000000000946e+04
3.641500000000000728e+04
4.697239999999999418e+04
4.575720000000001892e+04
6.775539999999996508e+04
1.162531999999999971e+05
1.231915999999999913e+05
7.456839999999997963e+04
4.697090000000000873e+04
3.785599999999999272e+04
3.234339999999999782e+04
4.428199999999999272e+04
4.086799999999999272e+04
6.641080000000001746e+04
1.253520999999999767e+05
1.284988000000000175e+05
8.226200000000000000e+04
5.066659999999999127e+04
5.010779999999999563e+04
4.304479999999998836e+04
3.360320000000001892e+04
3.883589999999999418e+04
4.580340000000001601e+04
9.487839999999996508e+04
1.486851999999999825e+05
1.257652999999999738e+05
6.666909999999997672e+04
4.534910000000002765e+04
6.937359999999996217e+04
7.633780000000003201e+04
5.384520000000000437e+04
4.156490000000000146e+04
5.966459999999999127e+04
1.407412999999999884e+05
1.927841999999999825e+05
1.314727999999999884e+05
5.820180000000001746e+04
3.668990000000000146e+04
4.185159999999998399e+04
4.751790000000000146e+04
4.350839999999999418e+04
3.974759999999999854e+04
5.988170000000001164e+04
1.088919000000000378e+05
1.237664999999999709e+05
8.132209999999996217e+04
4.514329999999999563e+04
3.354869999999998981e+04
2.903219999999999709e+04
2.645370000000000073e+04
3.123130000000000291e+04
5.749039999999997963e+04
1.158147000000000116e+05
1.556059999999999709e+05
1.113415000000000146e+05
4.850369999999998981e+04
3.862139999999998690e+04
3.802249999999999272e+04
2.793000000000000000e+04
2.990670000000000073e+04
4.359450000000000728e+04
1.176849999999999709e+05
2.413167000000000407e+05
2.532070000000000291e+05
1.360027999999999302e+05
5.177869999999998981e+04
3.596500000000000000e+04
3.220029999999999927e+04
2.910240000000000146e+04
3.444360000000001310e+04
4.243629999999999563e+04
8.967430000000000291e+04
1.371346000000000931e+05
1.035366999999999825e+05
5.845070000000000437e+04
4.536450000000001455e+04
3.633190000000000146e+04
3.688629999999998836e+04
3.751509999999999854e+04
3.915680000000001019e+04
5.108870000000001892e+04
5.979480000000003201e+04
8.697739999999993597e+04
1.880731000000000640e+05
2.416963000000000175e+05
1.423338999999999942e+05
6.415410000000000582e+04
4.689919999999999709e+04
4.765150000000001455e+04
7.071130000000000291e+04
9.080869999999993888e+04
1.454019000000000233e+05
1.482077999999999593e+05
9.100810000000004948e+04
7.597209999999997672e+04
5.677069999999999709e+04
3.903430000000001746e+04
3.339759999999999127e+04
3.475040000000000873e+04
4.696769999999999709e+04
7.331039999999997963e+04
1.045903000000000757e+05
7.554419999999996799e+04
4.331109999999999854e+04
5.108739999999998690e+04
5.485340000000000873e+04
4.765840000000000146e+04
3.714860000000001310e+04
4.248309999999999854e+04
5.788620000000000437e+04
8.579259999999999127e+04
8.125809999999997672e+04
4.352690000000002328e+04
3.683070000000000437e+04
3.901130000000001019e+04
4.182490000000000146e+04
4.353950000000000000e+04
4.752689999999999418e+04
5.583910000000001310e+04
1.073801999999999971e+05
1.970902000000000407e+05
1.700086000000000640e+05
7.416859999999999127e+04
4.175740000000000873e+04
3.474950000000000000e+04
3.199789999999999782e+04
5.337709999999999854e+04
7.676300000000001455e+04
9.886880000000000291e+04
1.868379999999999709e+05
2.259544999999999418e+05
1.260837999999999884e+05
4.743869999999999709e+04
3.270239999999999782e+04
3.904909999999999854e+04
4.183879999999998836e+04
4.642290000000002328e+04
9.993160000000000582e+04
1.661112000000000698e+05
2.362409999999999709e+05
2.265370000000000000e+05
1.176251999999999971e+05
5.090459999999999127e+04
3.705080000000001019e+04
4.751740000000000873e+04
4.745000000000000000e+04
5.876309999999999854e+04
1.284517000000000116e+05
2.003218999999999069e+05
2.325797000000000698e+05
1.839126999999999243e+05
1.026912999999999884e+05
4.981270000000003347e+04
3.468689999999999418e+04
3.884050000000002183e+04
3.861540000000000873e+04
4.544300000000002910e+04
8.843400000000001455e+04
1.601052000000000407e+05
1.517673999999999942e+05
8.125800000000000000e+04
4.665609999999999127e+04
3.629439999999998690e+04
3.165169999999999345e+04
3.029770000000000800e+04
4.425419999999997526e+04
6.065480000000000291e+04
1.012279000000000233e+05
1.479802000000000990e+05
1.141841000000000349e+05
6.576510000000003492e+04
5.611280000000000291e+04
5.569210000000000582e+04
4.747409999999999854e+04
3.514030000000001019e+04
4.423640000000001601e+04
6.334619999999998981e+04
6.616170000000002619e+04
1.102068999999999796e+05
2.005936000000001222e+05
1.673064000000000524e+05
1.034459999999999854e+05
1.236131000000000204e+05
9.062419999999998254e+04
6.225599999999999272e+04
6.816030000000000291e+04
1.117636000000000058e+05
1.765692999999999884e+05
1.288550999999999767e+05
5.335729999999998836e+04
3.871310000000002765e+04
6.008580000000001019e+04
8.964399999999998545e+04
7.603150000000001455e+04
5.613220000000000437e+04
7.133939999999996508e+04
1.433014999999999418e+05
1.939206000000000058e+05
1.269384999999999854e+05
5.374190000000001601e+04
3.563680000000001746e+04
3.795290000000000146e+04
5.919209999999999127e+04
6.063829999999998836e+04
5.810460000000000582e+04
8.917350000000000000e+04
1.314194999999999709e+05
1.277447999999999884e+05
7.425419999999998254e+04
3.968139999999998690e+04
3.551160000000000582e+04
3.875520000000000437e+04
5.548900000000000728e+04
6.173769999999998981e+04
6.178829999999999563e+04
1.142519999999999854e+05
1.635279999999999418e+05
1.120590000000000437e+05
4.908480000000001019e+04
3.163730000000002474e+04
3.701859999999999854e+04
4.579210000000000582e+04
4.091790000000000146e+04
4.217979999999999563e+04
7.842219999999996799e+04
1.533822999999999593e+05
1.391517999999999593e+05
5.994090000000000873e+04
3.406919999999998981e+04
3.572620000000001164e+04
4.049229999999995925e+04
3.644260000000001310e+04
4.731000000000000000e+04
4.894200000000000728e+04
7.753230000000000291e+04
1.009010999999999331e+05
6.456470000000001892e+04
4.481950000000002183e+04
3.688950000000000000e+04
3.402239999999998690e+04
3.374170000000001164e+04
3.471989999999999418e+04
5.597650000000000728e+04
9.533479999999998836e+04
1.781126000000000640e+05
2.339151999999999825e+05
1.648264999999999709e+05
1.031942000000000262e+05
8.024349999999998545e+04
4.691300000000000000e+04
4.103700000000000000e+04
3.690930000000001019e+04
4.456989999999999418e+04
7.699759999999994761e+04
1.550547999999999884e+05
1.889891000000000058e+05
1.091826999999999971e+05
6.691729999999998836e+04
6.090549999999999272e+04
4.128129999999998836e+04
3.684510000000000582e+04
4.416839999999999418e+04
6.237040000000000146e+04
1.076909999999999854e+05
1.615587000000000698e+05
1.151620000000000146e+05
5.013709999999998399e+04
3.271999999999999636e+04
2.934050000000000728e+04
4.447279999999998836e+04
6.681050000000002910e+04
8.972850000000000000e+04
1.252569000000000087e+05
1.099730999999999622e+05
1.236544999999999563e+05
2.721347999999999884e+05
2.177862000000000990e+05
9.185060000000003492e+04
6.257920000000002619e+04
5.913870000000001164e+04
9.529270000000002619e+04
9.625209999999999127e+04
1.448831999999999825e+05
1.451641999999999243e+05
8.089940000000002328e+04
4.465100000000001455e+04
3.840950000000001455e+04
3.183860000000000218e+04
4.161570000000000437e+04
6.892500000000000000e+04
1.025909999999999854e+05
1.470028999999999942e+05
2.171586000000000931e+05
2.137406999999999243e+05
1.004749999999999854e+05
4.388720000000000437e+04
3.375599999999998545e+04
3.526109999999998399e+04
4.299749999999998545e+04
5.191379999999998108e+04
6.155370000000003347e+04
9.941299999999998545e+04
1.433574000000000233e+05
1.211347999999999884e+05
6.060679999999997381e+04
3.609489999999999418e+04
3.151960000000000218e+04
2.703329999999999563e+04
2.873589999999999418e+04
3.318019999999999709e+04
5.661690000000000873e+04
1.170902999999999447e+05
1.858340999999999476e+05
1.599329999999999127e+05
9.308169999999999709e+04
5.519119999999996799e+04
3.705090000000000873e+04
3.875330000000000291e+04
3.514470000000001164e+04
4.045739999999999418e+04
7.817800000000002910e+04
1.728726999999999825e+05
1.982150000000000000e+05
1.138946000000000058e+05
8.280259999999997672e+04
6.334090000000000873e+04
4.713120000000001164e+04
4.522220000000000437e+04
4.189109999999998399e+04
6.504110000000000582e+04
1.266645999999999913e+05
2.083402999999999884e+05
1.484839000000000233e+05
6.380320000000000437e+04
4.983479999999998108e+04
4.995549999999999272e+04
5.055969999999999709e+04
4.295060000000001310e+04
5.705930000000000291e+04
1.070435999999999622e+05
2.157271000000000058e+05
2.647922000000000116e+05
1.453636000000000058e+05
5.887689999999999418e+04
4.066939999999998690e+04
3.025410000000000218e+04
3.286949999999999272e+04
3.367449999999999272e+04
4.467089999999998690e+04
9.439849999999995634e+04
1.641895000000000582e+05
1.455399000000000233e+05
7.007830000000000291e+04
3.492539999999997963e+04
2.749449999999999272e+04
2.603649999999999272e+04
3.161100000000000728e+04
5.312389999999999418e+04
1.031405999999999622e+05
1.808043000000001048e+05
2.092119999999999709e+05
1.144706999999999534e+05
4.392029999999998836e+04
3.160500000000000364e+04
3.357460000000000582e+04
4.139409999999997672e+04
5.360249999999999272e+04
8.323969999999996799e+04
1.246998000000000320e+05
1.088027000000000116e+05
9.171160000000000582e+04
1.752032000000000698e+05
1.325594000000000233e+05
7.339779999999995925e+04
4.777619999999998981e+04
3.859790000000000146e+04
3.430510000000001310e+04
5.632950000000002183e+04
1.184194999999999709e+05
2.180191999999999534e+05
2.098616000000000640e+05
1.050825000000000146e+05
5.828720000000002619e+04
3.611919999999998981e+04
3.606609999999999127e+04
3.040280000000001019e+04
4.069919999999999709e+04
7.992229999999997381e+04
1.844079000000000524e+05
2.240081999999999534e+05
1.307776999999999825e+05
6.936969999999999709e+04
5.083219999999998981e+04
3.685889999999999418e+04
3.948979999999999563e+04
3.840350000000000728e+04
6.465599999999997817e+04
1.299768999999999651e+05
2.362380000000000582e+05
1.669258999999999942e+05
6.133959999999997672e+04
4.022040000000000146e+04
3.332800000000001455e+04
2.862570000000000800e+04
3.094709999999999854e+04
4.572649999999999272e+04
1.031845000000000146e+05
2.243752000000000407e+05
2.917647000000000698e+05
1.524925999999999767e+05
5.624299999999997817e+04
4.024599999999998545e+04
3.166140000000000873e+04
2.951639999999998690e+04
3.549109999999999854e+04
5.538949999999999272e+04
1.249392999999999884e+05
2.049997000000000116e+05
1.765072000000000116e+05
8.060840000000000873e+04
4.063680000000000291e+04
3.048720000000001528e+04
3.002899999999998909e+04
3.267620000000000800e+04
5.287690000000002328e+04
9.974609999999996217e+04
2.077433000000000175e+05
2.284735000000000000e+05
1.152823000000000175e+05
4.338940000000000873e+04
2.878189999999999054e+04
2.508440000000000146e+04
2.832570000000000800e+04
3.580400000000002183e+04
5.699459999999999127e+04
1.030395999999999767e+05
2.097858999999999942e+05
2.235383000000001048e+05
1.049609999999999563e+05
4.429690000000002328e+04
3.044300000000000364e+04
3.354919999999999709e+04
3.569809999999999127e+04
4.953099999999997817e+04
9.066139999999996508e+04
1.634698000000000757e+05
2.936353000000002212e+05
2.422923000000000175e+05
9.561869999999995343e+04
4.526919999999999709e+04
2.974840000000000873e+04
3.600360000000000582e+04
3.598840000000000146e+04
5.170789999999997963e+04
1.010644999999999854e+05
1.935823999999999942e+05
2.383536999999999825e+05
1.318742999999999884e+05
5.511980000000000291e+04
3.620599999999999272e+04
3.534429999999998836e+04
4.539539999999998690e+04
5.675880000000001019e+04
9.156610000000000582e+04
1.284043999999999505e+05
9.398050000000004366e+04
1.171531000000000495e+05
1.925195999999999767e+05
1.247255999999999622e+05
7.710990000000000873e+04
4.217799999999999272e+04
3.815929999999998108e+04
4.180369999999999709e+04
8.747350000000002910e+04
1.371461000000000058e+05
1.766001000000000058e+05
1.084110999999999622e+05
4.415730000000001019e+04
2.979539999999999418e+04
2.769429999999999563e+04
2.891410000000000582e+04
3.648109999999999854e+04
5.821240000000001601e+04
1.378786999999999825e+05
2.099516999999999243e+05
1.643811999999998952e+05
6.945309999999997672e+04
4.335180000000001746e+04
3.684530000000000291e+04
3.164580000000000291e+04
3.607629999999998836e+04
4.082029999999999563e+04
7.062999999999998545e+04
1.653207000000000116e+05
2.176250000000000582e+05
1.299355999999999767e+05
5.517100000000002910e+04
5.030050000000000000e+04
4.309270000000000437e+04
3.329119999999999709e+04
3.557559999999999854e+04
4.504369999999998254e+04
8.400940000000000873e+04
2.058532999999999302e+05
2.888348999999997905e+05
1.659786000000000349e+05
9.604609999999996217e+04
6.028429999999998836e+04
3.841969999999996799e+04
3.244760000000000218e+04
3.497789999999997963e+04
5.686670000000000437e+04
1.469820000000000582e+05
2.815381000000000349e+05
2.323614999999999709e+05
1.156607000000000116e+05
7.677130000000004657e+04
4.563789999999997235e+04
4.370080000000001019e+04
4.045529999999999563e+04
6.627589999999997963e+04
8.758289999999997963e+04
1.940158000000000175e+05
2.339583999999999651e+05
1.216240000000000000e+05
6.027769999999998981e+04
3.770389999999998690e+04
3.239040000000000509e+04
3.923369999999998981e+04
4.913439999999999418e+04
8.643529999999998836e+04
1.430245999999999767e+05
2.382680000000000873e+05
1.899066000000000058e+05
7.975779999999997381e+04
4.310350000000000000e+04
2.799929999999999927e+04
3.136629999999999563e+04
4.029730000000001019e+04
5.790360000000002037e+04
9.863050000000001455e+04
1.679465999999999476e+05
1.931019999999999418e+05
1.151600999999999913e+05
5.178220000000000437e+04
3.314279999999998108e+04
3.546630000000001019e+04
3.852569999999998254e+04
4.261829999999998836e+04
6.829759999999996217e+04
1.405877999999999593e+05
2.032476999999999534e+05
1.644027999999999884e+05
8.142590000000000873e+04
4.145529999999999563e+04
3.006980000000000655e+04
3.565309999999999854e+04
3.941359999999999127e+04
4.762669999999998981e+04
5.681439999999998690e+04
6.073910000000000582e+04
7.143840000000003783e+04
1.494351000000000058e+05
1.389937999999999884e+05
6.729829999999997381e+04
4.228860000000001310e+04
3.768960000000002765e+04
4.090699999999999272e+04
4.577780000000001019e+04
8.693700000000000000e+04
1.758499999999999709e+05
2.286948000000000466e+05
1.472435000000000000e+05
8.055279999999994470e+04
4.118460000000001310e+04
3.853470000000000437e+04
3.917800000000000728e+04
4.228440000000000146e+04
6.321199999999997090e+04
1.286048000000000175e+05
2.146665999999999185e+05
1.889381000000000349e+05
1.065401000000000204e+05
6.120720000000001164e+04
3.755710000000001310e+04
3.617400000000000000e+04
3.475510000000001310e+04
5.244740000000001601e+04
1.003943000000000175e+05
2.037742999999999593e+05
2.332364000000000524e+05
1.368720000000000291e+05
5.865320000000001164e+04
3.295510000000001310e+04
2.896260000000001310e+04
2.848620000000000437e+04
3.802350000000000728e+04
6.001360000000002765e+04
1.312518000000000175e+05
2.082549999999998545e+05
1.688303999999999942e+05
8.159329999999995925e+04
3.739370000000001892e+04
2.750579999999999927e+04
3.062169999999998981e+04
3.502640000000000873e+04
4.437659999999999854e+04
7.829369999999993888e+04
1.534163000000000466e+05
1.846951000000000931e+05
1.278610999999999622e+05
6.004320000000000437e+04
3.234500000000000364e+04
2.616980000000000291e+04
2.811790000000000146e+04
3.596129999999999563e+04
5.746349999999998545e+04
1.024308999999999796e+05
1.685174999999999418e+05
1.547450000000000000e+05
8.194210000000000582e+04
3.791390000000001601e+04
2.709629999999999563e+04
2.736220000000000437e+04
2.678990000000000146e+04
3.022820000000000073e+04
4.238920000000001164e+04
9.306930000000000291e+04
2.055217999999999302e+05
2.238176999999999534e+05
1.183057999999999593e+05
4.964999999999998545e+04
3.117049999999999272e+04
2.517580000000000655e+04
2.639589999999999418e+04
3.325229999999999563e+04
5.399430000000001019e+04
1.372541000000000349e+05
2.459387999999999884e+05
2.106898999999999942e+05
9.916159999999997672e+04
4.713159999999999854e+04
3.202779999999999927e+04
2.649040000000000146e+04
2.942060000000000218e+04
3.930020000000000437e+04
8.295940000000000873e+04
1.560337999999999302e+05
1.855411999999999534e+05
1.245789000000000087e+05
5.666989999999997963e+04
3.519879999999999563e+04
2.954300000000000000e+04
3.103749999999999636e+04
4.157280000000002474e+04
5.646949999999998545e+04
7.795239999999999418e+04
6.451569999999999709e+04
1.033608999999999942e+05
1.350410000000000000e+05
8.211199999999997090e+04
5.022630000000000291e+04
3.891320000000000437e+04
3.269889999999999418e+04
5.083970000000000437e+04
7.399369999999996799e+04
1.407806999999999825e+05
1.786304999999999709e+05
1.058019999999999854e+05
4.366320000000000437e+04
2.874199999999999636e+04
2.481409999999998763e+04
2.620210000000000946e+04
3.601340000000000146e+04
6.780639999999997963e+04
1.360656999999999243e+05
2.082512000000000407e+05
1.909812999999999593e+05
9.406959999999997672e+04
4.058479999999998108e+04
3.316650000000000728e+04
2.637329999999998108e+04
3.123000000000000000e+04
4.484340000000000873e+04
8.247319999999998254e+04
1.534282999999999010e+05
1.755702000000000116e+05
1.142959000000000087e+05
5.184859999999997672e+04
3.115239999999999782e+04
2.914210000000000218e+04
2.541150000000000728e+04
3.228929999999999563e+04
5.524200000000000000e+04
1.151576000000000349e+05
2.229817999999999593e+05
2.519756000000000640e+05
1.459374999999999709e+05
5.731759999999999854e+04
3.747840000000000146e+04
3.004250000000000000e+04
3.028600000000001455e+04
3.936349999999998545e+04
6.546809999999998399e+04
1.443870999999999767e+05
2.248391000000000058e+05
1.864137000000000407e+05
8.300499999999998545e+04
3.800400000000000000e+04
3.227319999999999709e+04
2.708480000000001382e+04
3.514940000000000146e+04
5.509350000000000000e+04
1.038092999999999884e+05
1.729203999999999360e+05
1.813901999999999534e+05
1.089658999999999796e+05
4.459179999999999563e+04
2.908929999999999927e+04
2.676399999999999636e+04
2.848139999999999782e+04
4.039110000000000582e+04
6.660390000000000873e+04
1.187343999999999651e+05
1.437847999999999884e+05
1.053824000000000087e+05
5.158539999999999418e+04
2.755779999999999927e+04
2.583110000000000946e+04
2.732610000000000218e+04
3.345180000000000291e+04
5.295600000000002183e+04
9.041950000000000000e+04
1.279958000000000466e+05
1.216602999999999738e+05
7.454529999999998836e+04
3.570990000000000146e+04
2.644800000000000364e+04
2.985210000000000946e+04
2.987709999999999127e+04
3.409990000000000146e+04
6.146749999999999272e+04
1.017105000000000291e+05
1.157802999999999447e+05
9.560020000000002619e+04
6.039220000000001164e+04
3.178519999999998981e+04
2.613619999999998981e+04
2.884509999999999854e+04
2.806410000000000218e+04
3.183869999999999345e+04
5.016650000000000000e+04
6.261460000000004220e+04
6.878690000000002328e+04
1.068680999999999913e+05
9.768799999999997090e+04
4.656000000000001455e+04
4.334340000000000146e+04
3.990190000000001601e+04
4.116330000000000291e+04
6.339349999999999272e+04
1.068053999999999796e+05
1.985644999999999709e+05
2.326603000000001048e+05
1.305433000000000175e+05
4.933500000000002183e+04
3.945240000000000873e+04
3.354240000000000146e+04
3.209910000000000218e+04
4.056829999999998836e+04
6.410710000000000582e+04
1.140384000000000378e+05
1.629734000000001397e+05
1.443637000000000407e+05
6.964219999999998254e+04
3.741639999999998690e+04
3.786660000000001310e+04
3.574690000000000146e+04
3.903869999999998254e+04
4.881590000000000873e+04
8.264580000000000291e+04
1.201578999999999796e+05
1.258138000000000029e+05
9.195280000000003201e+04
5.076780000000000291e+04
3.412480000000001019e+04
3.840679999999998108e+04
3.394979999999999563e+04
3.737469999999998254e+04
6.044739999999998690e+04
9.190829999999995925e+04
1.170260000000000291e+05
1.077834999999999854e+05
6.349079999999996653e+04
3.606680000000001746e+04
3.524720000000000437e+04
4.294680000000001019e+04
4.600199999999997817e+04
5.143320000000003347e+04
7.989430000000001746e+04
9.918420000000001164e+04
9.616169999999995343e+04
7.617439999999997963e+04
4.532980000000000291e+04
2.923489999999999418e+04
3.274309999999999491e+04
3.728529999999999563e+04
4.390549999999998545e+04
6.182590000000000873e+04
9.400739999999999418e+04
9.661199999999997090e+04
6.775900000000001455e+04
4.306090000000000873e+04
2.914510000000000582e+04
3.017740000000000873e+04
3.411050000000001455e+04
3.453929999999998836e+04
4.534410000000002765e+04
6.626519999999998254e+04
1.052287000000000262e+05
1.296128999999999505e+05
9.424450000000002910e+04
4.537180000000001019e+04
2.819610000000000218e+04
3.023439999999999418e+04
2.907870000000000073e+04
3.618250000000000000e+04
5.627789999999998690e+04
9.132740000000002328e+04
1.499216999999999243e+05
1.583034000000000815e+05
8.900990000000000873e+04
3.987469999999999709e+04
3.476609999999999854e+04
3.576829999999997381e+04
3.083200000000001091e+04
3.686659999999999127e+04
5.934679999999999563e+04
9.651019999999999709e+04
1.342839000000000233e+05
1.131270000000000146e+05
5.742839999999997235e+04
2.950509999999999127e+04
2.486179999999999563e+04
2.659529999999999563e+04
2.606180000000000291e+04
3.093049999999999272e+04
4.863259999999999854e+04
6.435420000000001164e+04
7.829560000000002037e+04
9.473159999999997672e+04
7.129990000000002328e+04
3.729119999999998981e+04
3.788190000000000146e+04
4.081759999999999854e+04
3.926629999999999563e+04
5.246489999999998690e+04
6.789040000000000873e+04
7.135610000000002037e+04
7.303040000000000873e+04
5.512469999999998254e+04
3.121479999999999563e+04
2.791530000000002474e+04
2.994280000000000291e+04
3.185760000000001673e+04
4.410009999999999127e+04
6.900870000000002619e+04
8.010399999999997090e+04
6.925759999999999127e+04
6.180990000000001601e+04
4.576210000000000582e+04
2.889699999999998545e+04
2.867969999999998981e+04
3.007729999999998472e+04
3.294550000000000000e+04
4.719279999999999563e+04
6.743029999999997381e+04
7.609259999999999127e+04
6.633279999999998836e+04
5.079039999999999418e+04
3.377030000000001746e+04
2.964869999999998618e+04
3.007569999999999345e+04
2.720249999999999636e+04
3.830080000000000291e+04
5.907009999999997672e+04
1.334897999999999884e+05
2.407683000000000175e+05
2.072159999999999709e+05
8.868530000000001746e+04
4.500890000000000873e+04
3.656790000000000146e+04
2.869110000000001310e+04
3.551759999999997672e+04
5.169200000000002183e+04
9.519609999999997672e+04
1.857077000000000990e+05
2.344138999999999942e+05
1.542802999999999884e+05
6.102580000000001019e+04
3.989780000000000291e+04
3.019770000000000073e+04
2.970389999999998690e+04
3.671469999999998981e+04
5.123490000000000146e+04
9.270729999999995925e+04
1.292433999999999796e+05
1.168673000000000175e+05
6.584879999999998836e+04
3.388459999999999854e+04
3.069170000000000437e+04
2.861309999999999854e+04
3.493619999999998981e+04
4.774719999999999709e+04
8.398470000000002619e+04
1.481051000000000058e+05
1.679311999999998952e+05
1.097986999999999971e+05
4.688059999999999127e+04
3.018700000000000364e+04
3.011660000000000218e+04
2.980620000000000437e+04
3.913040000000000146e+04
5.768780000000002474e+04
9.875269999999996799e+04
1.303998999999999942e+05
1.065813999999999796e+05
5.660039999999997963e+04
2.991850000000000364e+04
2.894220000000000437e+04
3.160370000000000800e+04
3.647840000000000873e+04
6.025780000000000291e+04
9.424450000000004366e+04
1.234188000000000466e+05
1.198271000000000640e+05
7.784600000000000000e+04
4.023139999999999418e+04
2.577559999999998763e+04
2.381460000000000218e+04
2.541980000000001382e+04
2.641249999999999636e+04
3.522430000000001019e+04
5.013709999999996944e+04
4.672629999999998836e+04
6.325209999999999127e+04
8.487849999999997090e+04
5.512849999999998545e+04
3.407940000000000873e+04
3.586129999999998836e+04
2.851000000000000000e+04
3.530130000000000291e+04
5.290289999999998690e+04
1.008460000000000146e+05
1.682992999999999593e+05
1.484851999999999243e+05
6.776490000000000873e+04
3.672600000000002183e+04
3.279009999999999854e+04
2.794670000000000800e+04
3.377440000000000873e+04
4.768439999999999418e+04
8.359530000000000291e+04
1.566206000000000349e+05
1.932623000000000466e+05
1.194712000000000407e+05
4.757399999999997817e+04
3.787470000000002619e+04
3.427239999999999418e+04
3.443160000000001310e+04
4.146170000000001892e+04
5.919910000000002765e+04
1.062025999999999767e+05
1.508419999999999418e+05
1.288316999999999680e+05
6.431929999999999563e+04
3.382729999999999563e+04
3.215760000000001310e+04
3.276709999999999854e+04
3.846820000000001892e+04
5.425599999999999272e+04
8.824489999999999418e+04
1.169171000000000058e+05
1.151772999999999738e+05
8.075999999999998545e+04
4.102389999999998690e+04
2.758600000000000728e+04
2.905809999999998763e+04
3.030680000000000291e+04
3.850749999999998545e+04
6.241379999999998108e+04
9.996729999999995925e+04
1.152318000000000029e+05
9.276489999999999418e+04
5.396550000000000728e+04
3.077419999999999709e+04
3.008919999999999709e+04
3.191080000000000655e+04
3.264180000000001019e+04
4.018789999999999418e+04
6.373539999999998690e+04
8.799549999999998545e+04
8.331390000000000873e+04
6.340279999999998108e+04
4.151639999999999418e+04
2.902550000000000364e+04
3.445259999999999854e+04
3.492140000000000146e+04
3.967029999999999563e+04
5.828389999999997963e+04
9.414129999999998836e+04
1.615551000000000349e+05
1.733921000000000058e+05
9.608699999999998545e+04
3.911530000000001019e+04
3.342110000000000582e+04
3.105379999999999200e+04
3.044679999999999200e+04
4.206800000000000000e+04
6.282350000000000000e+04
1.076981000000000204e+05
1.539792000000000698e+05
1.300985999999999913e+05
6.293110000000000582e+04
3.302759999999999854e+04
3.364079999999998108e+04
3.175629999999999927e+04
3.690900000000000728e+04
5.750359999999999127e+04
9.017820000000001164e+04
1.342028999999999651e+05
1.431543000000000175e+05
9.043390000000002328e+04
4.088040000000000146e+04
2.512230000000000655e+04
2.267079999999999563e+04
2.312379999999998836e+04
2.419650000000000000e+04
3.328650000000000000e+04
5.021260000000000582e+04
5.335380000000002474e+04
6.438759999999998399e+04
7.225909999999997672e+04
4.447589999999997963e+04
3.095979999999999927e+04
3.563619999999999709e+04
3.454900000000001455e+04
4.339450000000000728e+04
6.065729999999999563e+04
7.056580000000001746e+04
7.050459999999999127e+04
5.864449999999999272e+04
3.763020000000000437e+04
2.643380000000000655e+04
2.969999999999999636e+04
3.212659999999999491e+04
3.755090000000000146e+04
5.950969999999998254e+04
7.738110000000000582e+04
7.681560000000000582e+04
6.733400000000001455e+04
4.862580000000001019e+04
2.912779999999999927e+04
2.648729999999999563e+04
3.201750000000000364e+04
3.192549999999999272e+04
3.902479999999998836e+04
5.738559999999999854e+04
6.447939999999999418e+04
5.529909999999999127e+04
4.661790000000000873e+04
3.440979999999999563e+04
2.512849999999999272e+04
2.822629999999999563e+04
2.990100000000000728e+04
3.480570000000001164e+04
5.348629999999999563e+04
8.611350000000001455e+04
1.298033999999999942e+05
1.309809999999999709e+05
7.296109999999997672e+04
3.261699999999999272e+04
2.955100000000000728e+04
2.858139999999999782e+04
3.136799999999999636e+04
4.468650000000001455e+04
6.653890000000000873e+04
1.069092000000000116e+05
1.396855000000000291e+05
1.124415000000000146e+05
5.549429999999998108e+04
2.943269999999999709e+04
2.937909999999999854e+04
2.959090000000000509e+04
3.186279999999998836e+04
4.280810000000001310e+04
6.276819999999998254e+04
9.343550000000005821e+04
1.084680000000000291e+05
7.840689999999997963e+04
4.213650000000000000e+04
3.435989999999999418e+04
3.763390000000001601e+04
3.861530000000001019e+04
3.696910000000002037e+04
5.074690000000000873e+04
6.749990000000003783e+04
7.164670000000002619e+04
6.792509999999997672e+04
5.148000000000000000e+04
3.058369999999999345e+04
2.648550000000000728e+04
2.866969999999999345e+04
2.742700000000000364e+04
3.535440000000000146e+04
4.703429999999999563e+04
4.876009999999999854e+04
5.279169999999999709e+04
5.478080000000000291e+04
3.905429999999998836e+04
2.562519999999999709e+04
2.334669999999999709e+04
2.353710000000000946e+04
2.550560000000000946e+04
3.475640000000000146e+04
4.155299999999999272e+04
3.661160000000000582e+04
4.295830000000000291e+04
4.825340000000000146e+04
3.643140000000000146e+04
2.807609999999998763e+04
2.508460000000000582e+04
2.597060000000000218e+04
2.727790000000000146e+04
4.278860000000000582e+04
6.025640000000001601e+04
6.597080000000000291e+04
7.265259999999999127e+04
5.870180000000001019e+04
3.338080000000000291e+04
2.645939999999999054e+04
2.976239999999999782e+04
3.538919999999999709e+04
4.912980000000000291e+04
7.435790000000003783e+04
1.114965000000000146e+05
1.194300000000000146e+05
7.524929999999997381e+04
3.595839999999999418e+04
2.994809999999999127e+04
3.140170000000000073e+04
3.663909999999999854e+04
4.777449999999999272e+04
6.513810000000000582e+04
1.041938000000000175e+05
1.329221000000000058e+05
1.109801000000000204e+05
6.008809999999998399e+04
3.131100000000000364e+04
2.807329999999999200e+04
2.900199999999999636e+04
3.316340000000000146e+04
4.389650000000000000e+04
7.048810000000000582e+04
1.111522999999999447e+05
1.175337000000000407e+05
7.590159999999999127e+04
3.753169999999999709e+04
2.729889999999999782e+04
2.806459999999999127e+04
2.827440000000000509e+04
3.499759999999999854e+04
5.114580000000000291e+04
7.540200000000000000e+04
9.684330000000000291e+04
8.755440000000000873e+04
5.307439999999999418e+04
3.020839999999998690e+04
2.812269999999998618e+04
2.944599999999998545e+04
2.876729999999999927e+04
3.949230000000001746e+04
5.502200000000000000e+04
6.796440000000002328e+04
8.109639999999997963e+04
7.578419999999996799e+04
4.557019999999998981e+04
2.730449999999998909e+04
2.829520000000001164e+04
2.926709999999998763e+04
3.154750000000000000e+04
4.927499999999998545e+04
6.687580000000003201e+04
6.580569999999999709e+04
6.205280000000001019e+04
5.105679999999998836e+04
3.197950000000000000e+04
2.620900000000000000e+04
2.847040000000001601e+04
2.872289999999998327e+04
3.985329999999999563e+04
6.259289999999999418e+04
1.031658999999999651e+05
1.287847000000000407e+05
9.708199999999992724e+04
4.639540000000000146e+04
2.686879999999999563e+04
2.571060000000000218e+04
2.610989999999999054e+04
3.453949999999999272e+04
4.808190000000000146e+04
8.178899999999997090e+04
1.395243000000000466e+05
1.508526000000000640e+05
8.971670000000001164e+04
3.924830000000000291e+04
3.039940000000000146e+04
2.907069999999998618e+04
3.304540000000000146e+04
4.569919999999999709e+04
6.172859999999999854e+04
9.459749999999998545e+04
1.172291000000000204e+05
8.807359999999999127e+04
4.406349999999998545e+04
2.688579999999999200e+04
2.470209999999999491e+04
2.332709999999999127e+04
2.174710000000000218e+04
2.579150000000000364e+04
3.989839999999999418e+04
4.435160000000001310e+04
3.735310000000000582e+04
4.110240000000000873e+04
4.210370000000000437e+04
3.587839999999999418e+04
3.649960000000000582e+04
4.310110000000000582e+04
4.922710000000000582e+04
7.394819999999998254e+04
8.619369999999998254e+04
8.187710000000000582e+04
7.931440000000000873e+04
5.502660000000003492e+04
3.028559999999999491e+04
2.506350000000000364e+04
2.372829999999999200e+04
2.268789999999999418e+04
2.517699999999998909e+04
3.044360000000000582e+04
3.067640000000000509e+04
4.611680000000001019e+04
6.215969999999999709e+04
5.876909999999999127e+04
4.145559999999999854e+04
3.084349999999999636e+04
3.634549999999999272e+04
3.607330000000000291e+04
5.042179999999997381e+04
6.219050000000000728e+04
6.699810000000002037e+04
6.917740000000002328e+04
5.016450000000002183e+04
2.906840000000000146e+04
2.352879999999999927e+04
2.285359999999999491e+04
2.398920000000000073e+04
3.355479999999999563e+04
5.072629999999999563e+04
1.008835999999999913e+05
1.817962000000000698e+05
1.680798000000000757e+05
7.858719999999999709e+04
4.592160000000002037e+04
3.692100000000000000e+04
2.897119999999998254e+04
3.740649999999999272e+04
4.462869999999999709e+04
7.308190000000000873e+04
1.425162000000000407e+05
1.835334999999999127e+05
1.308623000000000320e+05
6.117519999999999709e+04
3.886829999999998836e+04
2.958349999999999272e+04
2.816559999999999491e+04
3.414789999999999418e+04
3.889380000000001019e+04
6.080680000000001019e+04
9.168750000000001455e+04
9.922800000000000000e+04
6.906880000000000291e+04
3.737629999999999563e+04
3.610690000000000146e+04
3.453480000000000291e+04
4.112149999999998545e+04
6.255689999999999418e+04
9.433430000000001746e+04
1.483393000000001048e+05
1.605327000000000407e+05
9.977630000000003201e+04
4.487579999999998108e+04
3.302459999999999854e+04
2.918000000000000364e+04
2.847360000000000218e+04
3.953989999999999418e+04
5.138040000000000873e+04
8.584309999999999127e+04
1.241170999999999185e+05
1.046902000000000262e+05
5.817989999999997963e+04
3.385819999999999709e+04
3.139549999999998181e+04
3.174219999999998981e+04
2.979329999999999563e+04
4.023840000000000146e+04
5.923289999999999418e+04
8.561450000000001455e+04
1.154189999999999563e+05
9.743739999999999418e+04
4.842480000000000291e+04
2.832919999999999709e+04
2.688919999999998618e+04
2.743469999999999345e+04
2.652940000000000873e+04
3.437149999999998545e+04
4.796250000000000728e+04
4.675489999999998690e+04
4.095119999999998981e+04
5.573080000000000291e+04
5.223020000000001892e+04
3.476079999999998836e+04
3.419990000000000873e+04
3.698400000000000728e+04
5.662649999999999272e+04
8.379600000000001455e+04
1.454502000000000407e+05
2.125437999999999884e+05
1.782282000000001281e+05
9.105450000000001455e+04
4.557489999999997235e+04
2.948930000000000655e+04
2.565640000000000873e+04
2.886729999999999563e+04
3.349200000000000728e+04
5.181890000000000873e+04
9.599280000000001746e+04
1.196004999999999709e+05
8.197069999999995343e+04
4.211850000000000000e+04
3.747890000000000146e+04
3.605709999999999854e+04
4.130430000000000291e+04
5.659860000000000582e+04
6.660500000000000000e+04
1.116605000000000437e+05
1.669256000000000058e+05
1.476802000000000407e+05
7.600769999999999709e+04
3.589619999999999709e+04
3.188939999999999418e+04
3.307339999999999418e+04
4.294920000000001164e+04
6.079459999999999127e+04
8.486289999999997963e+04
1.158629000000000378e+05
1.216859999999999418e+05
8.160489999999999418e+04
4.066729999999998836e+04
3.110740000000000146e+04
2.921819999999999709e+04
2.717739999999999782e+04
3.328820000000001164e+04
4.586990000000001601e+04
7.297759999999999127e+04
1.085678000000000466e+05
1.012750000000000291e+05
5.608250000000000728e+04
3.203100000000000000e+04
3.120510000000000218e+04
3.475259999999998399e+04
4.228679999999998836e+04
5.313300000000000728e+04
8.113319999999998254e+04
1.120531000000000349e+05
1.125102999999999738e+05
8.318119999999999709e+04
4.615480000000000291e+04
2.723939999999999782e+04
2.781600000000000000e+04
2.946400000000000728e+04
3.679289999999997235e+04
5.183710000000000582e+04
8.286900000000002910e+04
1.451122000000000116e+05
1.599128000000000175e+05
9.599909999999999127e+04
4.476539999999999418e+04
3.330539999999997963e+04
2.564169999999999709e+04
2.716159999999999127e+04
3.246899999999999272e+04
3.379979999999999563e+04
6.265550000000001455e+04
1.119157000000000262e+05
1.083210000000000000e+05
6.091850000000000728e+04
3.584919999999999709e+04
3.232140000000000146e+04
2.728400000000000364e+04
3.449099999999999272e+04
4.570690000000000873e+04
6.572200000000000000e+04
1.253967999999999593e+05
1.613645000000000582e+05
1.133625999999999622e+05
5.290980000000000291e+04
3.373000000000000000e+04
2.518939999999999054e+04
2.245470000000000073e+04
2.384410000000000218e+04
2.647569999999998981e+04
3.128350000000000728e+04
3.030720000000000800e+04
3.859350000000001455e+04
4.763200000000000000e+04
3.594530000000001019e+04
2.763979999999998836e+04
2.760220000000000073e+04
2.936549999999999636e+04
4.166669999999999709e+04
5.937639999999998690e+04
9.658119999999995343e+04
1.189631000000000058e+05
7.922969999999998254e+04
3.812640000000001601e+04
3.105800000000001455e+04
2.966509999999999854e+04
3.073480000000000655e+04
4.221419999999999709e+04
6.741889999999996508e+04
1.016543000000000320e+05
1.305961000000000349e+05
1.198101999999999971e+05
6.604659999999997672e+04
3.452670000000000437e+04
3.408490000000000146e+04
3.006910000000000582e+04
3.303479999999999563e+04
4.439689999999997963e+04
6.183429999999997381e+04
8.463919999999998254e+04
8.722550000000002910e+04
6.565609999999997672e+04
3.960700000000000728e+04
2.850250000000001091e+04
2.776039999999999054e+04
2.476500000000000728e+04
2.897999999999998909e+04
3.903990000000000873e+04
6.032580000000000291e+04
1.084846999999999971e+05
1.252707000000000407e+05
7.770169999999999709e+04
4.050700000000000000e+04
3.472449999999998545e+04
2.902490000000000509e+04
3.400589999999998690e+04
4.637530000000003201e+04
6.641329999999998836e+04
1.089570999999999767e+05
1.411551000000000058e+05
1.139365999999999476e+05
6.002260000000001310e+04
3.904640000000000873e+04
3.490490000000000873e+04
2.992960000000000218e+04
4.173770000000000437e+04
6.035870000000000437e+04
9.004889999999999418e+04
1.387151999999999534e+05
1.456410000000000291e+05
9.070650000000001455e+04
4.402620000000001164e+04
3.424210000000000582e+04
2.830100000000000364e+04
2.974569999999999345e+04
4.146789999999999418e+04
5.052719999999999709e+04
7.972709999999996217e+04
1.047230000000000000e+05
7.884240000000002328e+04
4.054659999999997672e+04
2.869559999999999127e+04
2.684899999999998909e+04
2.588140000000000873e+04
3.534499999999999272e+04
5.328709999999999127e+04
7.898620000000002619e+04
1.112932000000000116e+05
1.125882000000000262e+05
7.061119999999999709e+04
3.538700000000001455e+04
2.951799999999999272e+04
2.949719999999998981e+04
2.829299999999999272e+04
3.713480000000000291e+04
4.556680000000001746e+04
5.223350000000002910e+04
6.750090000000000873e+04
7.107900000000000000e+04
5.200800000000000000e+04
3.115979999999999200e+04
2.404040000000000509e+04
2.334329999999999927e+04
2.304620000000000437e+04
2.691220000000000073e+04
3.476889999999997963e+04
3.961450000000000728e+04
4.286239999999999418e+04
4.598889999999998690e+04
3.720860000000000582e+04
2.616260000000000946e+04
2.757750000000001091e+04
3.058489999999999782e+04
4.088569999999998981e+04
5.765129999999998108e+04
9.469759999999997672e+04
1.548853999999999942e+05
1.582681000000000349e+05
9.525519999999996799e+04
5.131489999999999418e+04
3.753430000000001746e+04
2.675629999999999563e+04
2.751129999999998836e+04
3.327469999999998981e+04
3.664740000000000873e+04
6.302719999999998254e+04
9.868170000000001164e+04
9.012799999999995634e+04
5.179050000000000000e+04
3.668549999999999272e+04
3.507089999999997963e+04
3.149940000000000146e+04
3.991569999999998254e+04
5.099730000000001746e+04
6.606379999999997381e+04
9.667429999999998836e+04
1.048245000000000000e+05
6.831999999999997090e+04
4.121649999999999272e+04
3.719799999999998545e+04
2.984049999999998909e+04
3.364650000000000728e+04
4.604020000000004075e+04
6.032749999999997817e+04
9.688609999999999127e+04
1.205630999999999767e+05
9.043130000000003201e+04
4.627110000000000582e+04
2.928129999999999563e+04
2.674679999999999200e+04
2.436870000000000800e+04
3.115969999999999345e+04
4.269500000000001455e+04
5.808120000000000437e+04
9.103310000000002037e+04
1.066366999999999971e+05
7.153910000000000582e+04
3.727950000000000728e+04
3.444639999999999418e+04
3.412780000000000291e+04
3.891200000000000000e+04
5.449150000000000000e+04
7.626580000000001746e+04
1.002870000000000291e+05
1.053195000000000291e+05
8.074779999999997381e+04
4.796860000000001310e+04
3.051109999999999127e+04
2.999889999999999418e+04
2.625589999999999418e+04
2.382950000000001091e+04
3.055290000000000509e+04
3.763909999999999854e+04
5.434610000000001310e+04
7.004230000000000291e+04
5.897629999999999563e+04
3.745250000000000000e+04
3.059099999999999272e+04
2.592690000000000146e+04
2.386460000000000218e+04
2.944639999999999782e+04
3.677009999999999854e+04
5.281650000000000728e+04
7.214890000000000873e+04
6.814289999999997963e+04
4.240690000000000146e+04
3.136100000000000364e+04
3.344950000000000728e+04
2.988699999999999636e+04
3.708009999999999854e+04
5.487930000000001746e+04
7.345900000000001455e+04
1.074010000000000291e+05
1.214243000000000029e+05
8.539140000000000873e+04
4.423879999999997381e+04
3.069030000000001382e+04
2.779110000000000946e+04
2.588660000000000218e+04
2.604749999999999636e+04
2.929870000000000437e+04
3.163930000000001019e+04
3.095539999999999054e+04
3.944099999999999272e+04
4.476809999999999127e+04
3.402520000000000437e+04
2.738429999999999200e+04
2.874739999999999054e+04
2.644679999999999927e+04
3.348860000000000582e+04
4.630940000000000873e+04
5.454209999999999127e+04
6.676890000000002328e+04
6.400910000000001310e+04
3.956749999999999272e+04
2.924120000000000800e+04
2.872220000000000437e+04
2.513159999999999491e+04
2.965540000000001237e+04
3.664400000000000000e+04
4.389690000000000873e+04
5.704990000000000873e+04
5.576870000000001164e+04
3.730440000000001601e+04
2.721420000000001164e+04
2.775649999999999272e+04
2.790250000000000000e+04
3.048459999999999854e+04
4.326720000000000437e+04
5.982010000000002037e+04
6.954900000000000000e+04
7.148440000000000873e+04
6.153359999999999854e+04
4.179470000000000437e+04
2.719170000000000437e+04
2.639970000000000437e+04
2.511199999999999636e+04
2.427049999999998909e+04
3.170820000000001528e+04
4.157169999999998254e+04
5.238650000000002183e+04
6.051699999999999272e+04
4.998279999999999563e+04
3.650439999999999418e+04
3.553279999999999563e+04
3.072649999999998181e+04
3.249499999999999272e+04
5.067480000000000291e+04
6.682390000000000873e+04
9.362360000000003492e+04
1.253430000000000146e+05
1.094366000000000204e+05
5.932580000000000291e+04
3.500429999999999563e+04
3.127710000000000582e+04
2.645439999999999054e+04
2.917129999999999927e+04
3.857820000000001164e+04
4.956840000000004511e+04
5.841249999999997817e+04
5.852500000000001455e+04
4.485080000000001019e+04
3.015950000000000000e+04
3.119950000000000728e+04
3.365790000000001601e+04
2.812100000000000000e+04
3.609919999999998254e+04
4.982629999999997381e+04
5.458039999999999418e+04
6.478229999999999563e+04
6.697410000000000582e+04
4.441430000000001019e+04
2.996680000000000291e+04
2.798040000000000146e+04
2.345550000000000364e+04
2.507760000000000582e+04
3.017969999999999345e+04
3.728929999999998836e+04
5.150309999999999854e+04
5.445600000000000728e+04
3.948479999999998108e+04
2.888419999999999709e+04
2.598250000000000728e+04
2.440150000000000364e+04
2.607000000000001455e+04
3.049549999999998545e+04
3.917419999999999709e+04
4.650189999999996508e+04
4.725279999999998836e+04
4.737780000000000291e+04
4.581850000000002183e+04
3.590690000000000146e+04
2.646720000000000437e+04
2.602760000000000218e+04
2.500039999999999782e+04
2.189039999999999782e+04
2.172219999999999709e+04
2.579140000000001601e+04
3.849250000000000000e+04
5.323149999999998545e+04
4.644510000000000582e+04
2.956739999999999418e+04
2.789950000000000728e+04
3.494950000000000000e+04
3.798669999999998981e+04
5.248829999999998108e+04
8.061120000000001164e+04
9.655030000000003201e+04
8.411439999999997963e+04
5.565889999999999418e+04
3.420490000000000146e+04
2.887749999999999636e+04
2.943230000000000655e+04
2.791810000000000582e+04
3.391729999999998108e+04
4.524070000000000437e+04
5.185500000000002910e+04
5.665640000000002328e+04
5.519449999999999272e+04
3.957380000000001019e+04
2.979080000000000655e+04
3.359410000000000582e+04
3.125100000000000000e+04
3.114510000000000218e+04
4.605390000000002328e+04
5.514980000000000291e+04
5.346410000000000582e+04
5.287220000000001164e+04
4.289200000000000728e+04
2.855000000000000364e+04
2.991489999999999782e+04
3.144509999999999127e+04
2.663199999999999272e+04
3.237329999999999563e+04
3.942220000000001892e+04
4.030530000000000291e+04
4.761249999999998545e+04
4.970409999999999127e+04
3.696390000000000873e+04
3.019890000000000873e+04
3.025899999999999272e+04
2.445350000000000728e+04
2.503239999999999418e+04
3.499579999999998836e+04
4.060570000000000437e+04
4.363550000000000728e+04
4.479969999999997526e+04
3.468219999999999709e+04
2.443950000000000728e+04
2.380080000000000291e+04
2.334120000000000800e+04
2.113459999999999854e+04
2.529180000000000291e+04
2.931949999999998545e+04
3.248739999999998327e+04
4.308800000000001455e+04
4.737869999999999709e+04
3.555890000000001601e+04
2.413840000000000146e+04
2.342990000000000146e+04
2.377569999999999709e+04
2.686030000000001019e+04
3.578869999999999709e+04
4.849000000000001455e+04
6.509520000000000437e+04
7.082610000000004948e+04
5.194800000000000000e+04
3.025779999999998836e+04
2.826110000000000218e+04
3.144180000000000655e+04
3.113630000000000291e+04
4.111600000000000728e+04
5.770159999999999127e+04
6.887520000000001164e+04
7.330550000000000000e+04
6.342780000000000291e+04
4.173340000000000873e+04
2.912450000000000728e+04
2.983499999999999272e+04
2.873569999999999345e+04
2.847520000000000073e+04
3.798129999999998836e+04
5.011850000000000000e+04
5.795550000000001455e+04
5.939319999999999709e+04
4.829780000000000291e+04
3.305559999999999127e+04
2.762029999999999563e+04
2.893359999999999491e+04
2.524560000000000218e+04
2.337399999999999636e+04
2.697069999999998981e+04
2.735530000000000291e+04
2.788410000000000218e+04
3.611159999999999854e+04
3.972369999999998981e+04
3.064829999999999200e+04
2.328699999999999636e+04
2.705929999999998836e+04
3.262609999999998763e+04
3.391970000000001164e+04
3.722829999999999563e+04
4.686360000000000582e+04
5.475439999999999418e+04
4.986459999999999854e+04
3.455630000000001746e+04
2.358220000000000073e+04
2.444280000000000291e+04
2.660460000000000946e+04
2.656069999999999709e+04
3.390470000000000437e+04
4.859499999999999272e+04
5.518309999999999854e+04
4.877680000000000291e+04
3.626630000000001019e+04
2.578299999999999636e+04
2.321119999999999709e+04
2.703089999999999418e+04
2.922179999999999927e+04
3.331790000000000146e+04
4.510299999999999272e+04
5.571659999999999854e+04
5.691090000000000146e+04
5.193559999999999127e+04
4.163549999999999272e+04
2.822999999999999272e+04
2.587540000000000146e+04
3.495050000000001455e+04
3.906120000000000437e+04
3.852070000000001164e+04
5.313890000000001601e+04
7.147410000000000582e+04
6.689010000000000582e+04
4.281980000000000291e+04
2.713100000000001091e+04
2.597519999999998981e+04
2.608559999999999127e+04
2.612000000000000728e+04
3.250500000000000000e+04
4.725489999999997235e+04
6.508800000000000000e+04
7.237489999999999418e+04
5.646869999999999709e+04
