1.980966091156005859e+00,6.673573573573573867e+02
5.038426637649536133e+00,6.651951951951951969e+02
6.711800813674926758e+00,6.654804804804805372e+02
8.162275314331054688e+00,6.687837837837837469e+02
9.684055805206298828e+00,6.693543543543544274e+02
1.134975695610046387e+01,6.696396396396396540e+02
1.280826258659362793e+01,6.699249249249248805e+02
1.450236773490905762e+01,6.699249249249248805e+02
1.614292001724243164e+01,6.690690690690690872e+02
1.771987223625183105e+01,6.684984984984985203e+02
1.931758832931518555e+01,6.676426426426426133e+02
2.091871500015258789e+01,6.673573573573573867e+02
2.255192136764526367e+01,6.663363363363363305e+02
2.396095728874206543e+01,6.660510510510509903e+02
2.545641064643859863e+01,6.666216216216216708e+02
2.699169731140136719e+01,6.669069069069068973e+02
2.850794434547424316e+01,6.669069069069068973e+02
3.017536449432373047e+01,6.669069069069068973e+02
3.158705544471740723e+01,6.663363363363363305e+02
3.325305461883544922e+01,6.669069069069068973e+02
3.484904575347900391e+01,6.654804804804805372e+02
3.646833586692810059e+01,6.651951951951951969e+02
3.810667014122009277e+01,6.651951951951951969e+02
3.975146150588989258e+01,6.654804804804805372e+02
4.138690328598022461e+01,6.651951951951951969e+02
4.305200886726379395e+01,6.654804804804805372e+02
4.465244340896606445e+01,6.651951951951951969e+02
4.609991407394409180e+01,6.651951951951951969e+02
4.778715991973876953e+01,6.651951951951951969e+02
4.921793007850646973e+01,6.654804804804805372e+02
5.073436546325683594e+01,6.651951951951951969e+02
5.245974802970886230e+01,6.651951951951951969e+02
5.410702633857727051e+01,6.651951951951951969e+02
5.573581409454345703e+01,6.657657657657657637e+02
5.738755798339843750e+01,6.657657657657657637e+02
5.888403558731079102e+01,6.657657657657657637e+02
6.051200771331787109e+01,6.651951951951951969e+02
6.211751222610473633e+01,6.651951951951951969e+02
6.355581116676330566e+01,6.657657657657657637e+02
6.526555895805358887e+01,6.654804804804805372e+02
6.669697928428649902e+01,6.657657657657657637e+02
6.819115352630615234e+01,6.651951951951951969e+02
6.988061714172363281e+01,6.651951951951951969e+02
7.132682108879089355e+01,6.651951951951951969e+02
7.303864145278930664e+01,6.649099099099098567e+02
7.446752810478210449e+01,6.654804804804805372e+02
7.603252172470092773e+01,6.651951951951951969e+02
7.770877408981323242e+01,6.651951951951951969e+02
7.935876035690307617e+01,6.651951951951951969e+02
8.101303458213806152e+01,6.651951951951951969e+02
8.269220066070556641e+01,6.657657657657657637e+02
8.434845948219299316e+01,6.657657657657657637e+02
8.599514889717102051e+01,6.663363363363363305e+02
8.744808936119079590e+01,6.663363363363363305e+02
8.917346572875976562e+01,6.651951951951951969e+02
9.082805943489074707e+01,6.660510510510509903e+02
9.248730969429016113e+01,6.660510510510509903e+02
9.415351033210754395e+01,6.663363363363363305e+02
9.580829143524169922e+01,6.663363363363363305e+02
9.747421431541442871e+01,6.660510510510509903e+02
9.893259048461914062e+01,6.660510510510509903e+02
1.006039664745330811e+02,6.654804804804805372e+02
1.022351408004760742e+02,6.657657657657657637e+02
1.038218381404876709e+02,6.660510510510509903e+02
1.055459461212158203e+02,6.657657657657657637e+02
1.072167332172393799e+02,6.663363363363363305e+02
1.088366889953613281e+02,6.660510510510509903e+02
1.104409601688385010e+02,6.663363363363363305e+02
1.120987517833709717e+02,6.666216216216216708e+02
1.138171136379241943e+02,6.669069069069068973e+02
1.154451763629913330e+02,6.666216216216216708e+02
1.169314916133880615e+02,6.660510510510509903e+02
1.186045684814453125e+02,6.657657657657657637e+02
1.202840261459350586e+02,6.663363363363363305e+02
1.220298011302947998e+02,6.666216216216216708e+02
1.237113919258117676e+02,6.671921921921922376e+02
1.253791766166687012e+02,6.666216216216216708e+02
1.268516926765441895e+02,6.663363363363363305e+02
1.285806958675384521e+02,6.657657657657657637e+02
1.302579944133758545e+02,6.663363363363363305e+02
1.317577195167541504e+02,6.666216216216216708e+02
1.332822425365447998e+02,6.663363363363363305e+02
1.347818305492401123e+02,6.657657657657657637e+02
1.363112201690673828e+02,6.657657657657657637e+02
1.379581813812255859e+02,6.654804804804805372e+02
1.394340577125549316e+02,6.657657657657657637e+02
1.411670613288879395e+02,6.657657657657657637e+02
1.428277947902679443e+02,6.660510510510509903e+02
1.445737118721008301e+02,6.660510510510509903e+02
1.460640685558319092e+02,6.660510510510509903e+02
1.476276767253875732e+02,6.657657657657657637e+02
1.493476722240447998e+02,6.657657657657657637e+02
1.508738055229187012e+02,6.663363363363363305e+02
1.524089345932006836e+02,6.660510510510509903e+02
1.539634790420532227e+02,6.654804804804805372e+02
1.556213619709014893e+02,6.651951951951951969e+02
1.573835024833679199e+02,6.654804804804805372e+02
1.591760976314544678e+02,6.660510510510509903e+02
1.608403956890106201e+02,6.663363363363363305e+02
1.625722429752349854e+02,6.657657657657657637e+02
1.642493460178375244e+02,6.657657657657657637e+02
1.678788194656372070e+02,6.682132132132131801e+02
1.695738503932952881e+02,6.663363363363363305e+02
1.712509176731109619e+02,6.654804804804805372e+02
1.729933564662933350e+02,6.651951951951951969e+02
1.745378451347351074e+02,6.651951951951951969e+02
1.760528719425201416e+02,6.651951951951951969e+02
1.777718396186828613e+02,6.651951951951951969e+02
1.793432612419128418e+02,6.654804804804805372e+02
1.811795423030853271e+02,6.654804804804805372e+02
1.827225193977355957e+02,6.654804804804805372e+02
1.844725069999694824e+02,6.651951951951951969e+02
1.861804766654968262e+02,6.657657657657657637e+02
1.879384319782257080e+02,6.657657657657657637e+02
1.895238087177276611e+02,6.657657657657657637e+02
1.912601289749145508e+02,6.657657657657657637e+02
1.930687057971954346e+02,6.663363363363363305e+02
1.948415505886077881e+02,6.669069069069068973e+02
1.964004247188568115e+02,6.671921921921922376e+02
1.980970048904418945e+02,6.669069069069068973e+02
1.998681206703186035e+02,6.676426426426426133e+02
2.014073364734649658e+02,6.669069069069068973e+02
2.029672372341156006e+02,6.666216216216216708e+02
2.047702097892761230e+02,6.666216216216216708e+02
2.063255608081817627e+02,6.673573573573573867e+02
2.080776896476745605e+02,6.669069069069068973e+02
2.096417906284332275e+02,6.666216216216216708e+02
2.112303590774536133e+02,6.660510510510509903e+02
2.129573519229888916e+02,6.660510510510509903e+02
2.147101223468780518e+02,6.669069069069068973e+02
2.162610058784484863e+02,6.669069069069068973e+02
2.180294377803802490e+02,6.663363363363363305e+02
2.197752106189727783e+02,6.663363363363363305e+02
2.213626723289489746e+02,6.660510510510509903e+02
2.231265480518341064e+02,6.660510510510509903e+02
2.249368309974670410e+02,6.660510510510509903e+02
2.265148937702178955e+02,6.666216216216216708e+02
2.282937304973602295e+02,6.660510510510509903e+02
2.300919847488403320e+02,6.654804804804805372e+02
2.318576045036315918e+02,6.657657657657657637e+02
2.336775209903717041e+02,6.660510510510509903e+02
2.353209166526794434e+02,6.666216216216216708e+02
2.370527005195617676e+02,6.660510510510509903e+02
2.388731336593627930e+02,6.654804804804805372e+02
2.407132852077484131e+02,6.660510510510509903e+02
2.423811414241790771e+02,6.666216216216216708e+02
2.441612174510955811e+02,6.657657657657657637e+02
2.459378638267517090e+02,6.663363363363363305e+02
2.476940722465515137e+02,6.657657657657657637e+02
2.493214125633239746e+02,6.657657657657657637e+02
2.511123101711273193e+02,6.657657657657657637e+02
2.529451956748962402e+02,6.663363363363363305e+02
2.547750580310821533e+02,6.663363363363363305e+02
2.566052272319793701e+02,6.663363363363363305e+02
2.582377550601959229e+02,6.657657657657657637e+02
2.600779478549957275e+02,6.654804804804805372e+02
2.619630367755889893e+02,6.663363363363363305e+02
2.636224784851074219e+02,6.663363363363363305e+02
2.654580483436584473e+02,6.660510510510509903e+02
2.672535433769226074e+02,6.654804804804805372e+02
2.690493133068084717e+02,6.657657657657657637e+02
2.706957015991210938e+02,6.663363363363363305e+02
2.724994425773620605e+02,6.660510510510509903e+02
2.743017230033874512e+02,6.660510510510509903e+02
2.759631781578063965e+02,6.663363363363363305e+02
2.777467465400695801e+02,6.654804804804805372e+02
2.795361196994781494e+02,6.660510510510509903e+02
2.813722879886627197e+02,6.663363363363363305e+02
2.830445628166198730e+02,6.666216216216216708e+02
2.848730208873748779e+02,6.657657657657657637e+02
2.866927039623260498e+02,6.657657657657657637e+02
2.885730240345001221e+02,6.660510510510509903e+02
2.904396781921386719e+02,6.666216216216216708e+02
2.920972855091094971e+02,6.669069069069068973e+02
2.939231486320495605e+02,6.660510510510509903e+02
2.957974863052368164e+02,6.660510510510509903e+02
2.976386091709136963e+02,6.666216216216216708e+02
2.993023669719696045e+02,6.669069069069068973e+02
3.009714744091033936e+02,6.666216216216216708e+02
3.035726850032806396e+02,6.666216216216216708e+02
3.053368461132049561e+02,6.654804804804805372e+02
3.070411179065704346e+02,6.657657657657657637e+02
3.087573487758636475e+02,6.654804804804805372e+02
3.104385755062103271e+02,6.654804804804805372e+02
3.123535950183868408e+02,6.654804804804805372e+02
3.140274615287780762e+02,6.654804804804805372e+02
3.159110550880432129e+02,6.654804804804805372e+02
3.178110258579254150e+02,6.657657657657657637e+02
3.197971315383911133e+02,6.657657657657657637e+02
3.217350473403930664e+02,6.660510510510509903e+02
3.234899518489837646e+02,6.654804804804805372e+02
3.254229364395141602e+02,6.654804804804805372e+02
3.273104808330535889e+02,6.660510510510509903e+02
3.292422065734863281e+02,6.660510510510509903e+02
3.309928145408630371e+02,6.663363363363363305e+02
3.327270612716674805e+02,6.654804804804805372e+02
3.344612288475036621e+02,6.657657657657657637e+02
3.362379908561706543e+02,6.657657657657657637e+02
3.379774715900421143e+02,6.660510510510509903e+02
3.398960192203521729e+02,6.657657657657657637e+02
3.418023436069488525e+02,6.657657657657657637e+02
3.468124871253967285e+02,6.687837837837837469e+02
3.484071509838104248e+02,6.660510510510509903e+02
3.499968869686126709e+02,6.657657657657657637e+02
3.516224598884582520e+02,6.660510510510509903e+02
3.532036027908325195e+02,6.673573573573573867e+02
3.547900114059448242e+02,6.684984984984985203e+02
3.563818898200988770e+02,6.687837837837837469e+02
3.579853327274322510e+02,6.690690690690690872e+02
3.595352780818939209e+02,6.690690690690690872e+02
3.611927878856658936e+02,6.687837837837837469e+02
3.627429261207580566e+02,6.690690690690690872e+02
3.641334602832794189e+02,6.693543543543544274e+02
3.658367061614990234e+02,6.690690690690690872e+02
3.672364923954010010e+02,6.693543543543544274e+02
3.689274137020111084e+02,6.684984984984985203e+02
3.705364880561828613e+02,6.690690690690690872e+02
3.719356381893157959e+02,6.693543543543544274e+02
3.734669992923736572e+02,6.690690690690690872e+02
3.751175034046173096e+02,6.690690690690690872e+02
3.765017769336700439e+02,6.696396396396396540e+02
3.781994292736053467e+02,6.699249249249248805e+02
3.797835192680358887e+02,6.702102102102102208e+02
3.811993906497955322e+02,6.702102102102102208e+02
3.827124636173248291e+02,6.702102102102102208e+02
3.842033872604370117e+02,6.696396396396396540e+02
3.859458510875701904e+02,6.693543543543544274e+02
3.875515644550323486e+02,6.699249249249248805e+02
3.891762182712554932e+02,6.699249249249248805e+02
3.906379675865173340e+02,6.702102102102102208e+02
3.921474108695983887e+02,6.699249249249248805e+02
3.937844433784484863e+02,6.696396396396396540e+02
3.953823337554931641e+02,6.699249249249248805e+02
3.970030016899108887e+02,6.699249249249248805e+02
3.984565577507019043e+02,6.699249249249248805e+02
4.001733758449554443e+02,6.699249249249248805e+02
4.017423064708709717e+02,6.699249249249248805e+02
4.033335201740264893e+02,6.699249249249248805e+02
4.050327367782592773e+02,6.699249249249248805e+02
4.066635820865631104e+02,6.699249249249248805e+02
4.082844073772430420e+02,6.699249249249248805e+02
4.097669305801391602e+02,6.699249249249248805e+02
4.112881996631622314e+02,6.699249249249248805e+02
4.129624242782592773e+02,6.696396396396396540e+02
4.145399510860443115e+02,6.699249249249248805e+02
4.159612429141998291e+02,6.699249249249248805e+02
4.176920266151428223e+02,6.699249249249248805e+02
4.192965376377105713e+02,6.699249249249248805e+02
4.207976465225219727e+02,6.699249249249248805e+02
4.222973101139068604e+02,6.699249249249248805e+02
4.239940323829650879e+02,6.693543543543544274e+02
4.255358288288116455e+02,6.699249249249248805e+02
4.271798136234283447e+02,6.696396396396396540e+02
4.288035538196563721e+02,6.699249249249248805e+02
4.304822201728820801e+02,6.699249249249248805e+02
4.321481907367706299e+02,6.702102102102102208e+02
4.337879302501678467e+02,6.699249249249248805e+02
4.352875399589538574e+02,6.702102102102102208e+02
4.368116183280944824e+02,6.696396396396396540e+02
4.383415992259979248e+02,6.693543543543544274e+02
4.400093362331390381e+02,6.693543543543544274e+02
4.415157759189605713e+02,6.696396396396396540e+02
4.432038905620574951e+02,6.696396396396396540e+02
4.446985511779785156e+02,6.702102102102102208e+02
4.463626313209533691e+02,6.699249249249248805e+02
4.480378262996673584e+02,6.702102102102102208e+02
4.494945979118347168e+02,6.704954954954955610e+02
4.512119398117065430e+02,6.699249249249248805e+02
4.529298739433288574e+02,6.704954954954955610e+02
4.545578567981719971e+02,6.710660660660660142e+02
4.560149333477020264e+02,6.713513513513513544e+02
4.577386488914489746e+02,6.713513513513513544e+02
4.593755128383636475e+02,6.719219219219219212e+02
4.608330488204956055e+02,6.719219219219219212e+02
4.625663619041442871e+02,6.722072072072071478e+02
4.642409846782684326e+02,6.727777777777778283e+02
4.658977594375610352e+02,6.733483483483483951e+02
4.673983123302459717e+02,6.739189189189189619e+02
4.691293387413024902e+02,6.742042042042041885e+02
4.707894184589385986e+02,6.744894894894895288e+02
4.723395471572875977e+02,6.756306306306306624e+02
4.740028188228607178e+02,6.759159159159158889e+02
4.754806091785430908e+02,6.767717717717717960e+02
4.770276107788085938e+02,6.773423423423423628e+02
4.785237407684326172e+02,6.779129129129129296e+02
4.802429754734039307e+02,6.781981981981982699e+02
4.817580988407135010e+02,6.796246246246246301e+02
4.832714140415191650e+02,6.801951951951951969e+02
4.849749832153320312e+02,6.810510510510509903e+02
4.864494879245758057e+02,6.823573573573573867e+02
4.881396505832672119e+02,6.829279279279279535e+02
4.896329834461212158e+02,6.840690690690690872e+02
4.912961568832397461e+02,6.843543543543544274e+02
4.930073368549346924e+02,6.863513513513513544e+02
4.947522902488708496e+02,6.874924924924924881e+02
4.963010356426239014e+02,6.889189189189189619e+02
4.978088223934173584e+02,6.892042042042041885e+02
4.995693280696868896e+02,6.892042042042041885e+02
5.012239217758178711e+02,6.906306306306306624e+02
5.027333817481994629e+02,6.917717717717717960e+02
5.042693393230438232e+02,6.923423423423423628e+02
5.078577501773834229e+02,6.926276276276275894e+02
5.095334482192993164e+02,6.914864864864864558e+02
5.112935972213745117e+02,6.923423423423423628e+02
5.130270211696624756e+02,6.943393393393394035e+02
5.147326738834381104e+02,6.957657657657657637e+02
5.164269824028015137e+02,6.963363363363363305e+02
5.179681251049041748e+02,6.971921921921922376e+02
5.196739256381988525e+02,6.979279279279279535e+02
5.212079792022705078e+02,6.984984984984985203e+02
5.227192065715789795e+02,6.982132132132131801e+02
5.244153156280517578e+02,6.984984984984985203e+02
5.260811159610748291e+02,6.990690690690690872e+02
5.277433173656463623e+02,6.993543543543544274e+02
5.294275071620941162e+02,7.002102102102102208e+02
5.311305224895477295e+02,7.004954954954955610e+02
5.326630160808563232e+02,7.007807807807807876e+02
5.342336375713348389e+02,7.004954954954955610e+02
5.359760191440582275e+02,6.996396396396396540e+02
5.376895406246185303e+02,7.007807807807807876e+02
5.392311863899230957e+02,7.016366366366366947e+02
5.408036181926727295e+02,7.010660660660660142e+02
5.423622727394104004e+02,7.007807807807807876e+02
5.439589183330535889e+02,7.007807807807807876e+02
5.455119004249572754e+02,7.002102102102102208e+02
5.470478346347808838e+02,7.002102102102102208e+02
5.487973685264587402e+02,7.007807807807807876e+02
5.505762453079223633e+02,7.007807807807807876e+02
5.521251542568206787e+02,7.013513513513513544e+02
5.536867604255676270e+02,7.016366366366366947e+02
5.553574397563934326e+02,7.013513513513513544e+02
5.570848169326782227e+02,7.016366366366366947e+02
5.588637168407440186e+02,7.036336336336336217e+02
5.606195402145385742e+02,7.047747747747747553e+02
5.623620536327362061e+02,7.044894894894895288e+02
5.641619558334350586e+02,7.047747747747747553e+02
5.657748718261718750e+02,7.047747747747747553e+02
5.675307724475860596e+02,7.036336336336336217e+02
5.690720546245574951e+02,7.036336336336336217e+02
5.706376354694366455e+02,7.027777777777778283e+02
5.723927910327911377e+02,7.024924924924924881e+02
5.741199438571929932e+02,7.027777777777778283e+02
5.759136769771575928e+02,7.030630630630630549e+02
5.774997565746307373e+02,7.036336336336336217e+02
5.792566909790039062e+02,7.027777777777778283e+02
5.810463261604309082e+02,7.027777777777778283e+02
5.828438143730163574e+02,7.030630630630630549e+02
5.846230716705322266e+02,7.030630630630630549e+02
5.864271593093872070e+02,7.030630630630630549e+02
5.882213180065155029e+02,7.033483483483483951e+02
5.898036694526672363e+02,7.030630630630630549e+02
5.914473979473114014e+02,7.019219219219219212e+02
5.931980028152465820e+02,7.010660660660660142e+02
5.948327219486236572e+02,7.019219219219219212e+02
5.964256055355072021e+02,7.016366366366366947e+02
5.982195680141448975e+02,7.010660660660660142e+02
5.998406269550323486e+02,7.019219219219219212e+02
6.023964653015136719e+02,6.996396396396396540e+02
6.041728575229644775e+02,7.002102102102102208e+02
6.059390654563903809e+02,7.010660660660660142e+02
6.075448474884033203e+02,7.010660660660660142e+02
6.091623830795288086e+02,7.004954954954955610e+02
6.109539306163787842e+02,7.004954954954955610e+02
6.127293159961700439e+02,7.004954954954955610e+02
6.145343315601348877e+02,7.010660660660660142e+02
6.163291864395141602e+02,7.010660660660660142e+02
6.181932723522186279e+02,7.013513513513513544e+02
6.200546300411224365e+02,7.010660660660660142e+02
6.218818385601043701e+02,7.010660660660660142e+02
6.235183789730072021e+02,7.007807807807807876e+02
6.251819076538085938e+02,7.007807807807807876e+02
6.268137459754943848e+02,6.996396396396396540e+02
6.286709928512573242e+02,6.990690690690690872e+02
6.304851703643798828e+02,6.993543543543544274e+02
6.322921879291534424e+02,6.996396396396396540e+02
6.341274075508117676e+02,6.996396396396396540e+02
6.359624617099761963e+02,6.993543543543544274e+02
6.378128423690795898e+02,6.990690690690690872e+02
6.394523923397064209e+02,6.990690690690690872e+02
6.413257126808166504e+02,6.979279279279279535e+02
6.431839568614959717e+02,6.979279279279279535e+02
6.451230990886688232e+02,6.971921921921922376e+02
6.467714276313781738e+02,6.971921921921922376e+02
6.486473760604858398e+02,6.960510510510509903e+02
6.505020201206207275e+02,6.960510510510509903e+02
6.522036354541778564e+02,6.954804804804805372e+02
6.538997161388397217e+02,6.937687687687687230e+02
6.557503864765167236e+02,6.929129129129129296e+02
6.574083955287933350e+02,6.923423423423423628e+02
6.592928414344787598e+02,6.912012012012012292e+02
6.611399860382080078e+02,6.912012012012012292e+02
6.629723744392395020e+02,6.900600600600600956e+02
6.648507263660430908e+02,6.892042042042041885e+02
6.666959052085876465e+02,6.874924924924924881e+02
6.684041354656219482e+02,6.869219219219219212e+02
6.701223855018615723e+02,6.857807807807807876e+02
6.720251040458679199e+02,6.843543543543544274e+02
6.739351093769073486e+02,6.834984984984985203e+02
6.758884136676788330e+02,6.823573573573573867e+02
6.778136358261108398e+02,6.816216216216216708e+02
6.797130703926086426e+02,6.807657657657657637e+02
6.845315723419189453e+02,6.801951951951951969e+02
6.859158771038055420e+02,6.759159159159158889e+02
6.876542091369628906e+02,6.753453453453453221e+02
6.892609183788299561e+02,6.762012012012012292e+02
6.908865633010864258e+02,6.767717717717717960e+02
6.923625621795654297e+02,6.764864864864864558e+02
6.940388226509094238e+02,6.753453453453453221e+02
6.954528503417968750e+02,6.756306306306306624e+02
6.969190795421600342e+02,6.744894894894895288e+02
6.985997264385223389e+02,6.739189189189189619e+02
7.002022809982299805e+02,6.739189189189189619e+02
7.016024997234344482e+02,6.742042042042041885e+02
7.031325604915618896e+02,6.730630630630630549e+02
7.048150703907012939e+02,6.724924924924924881e+02
7.062016475200653076e+02,6.730630630630630549e+02
7.079382636547088623e+02,6.722072072072071478e+02
7.095815596580505371e+02,6.724924924924924881e+02
7.111876246929168701e+02,6.722072072072071478e+02
7.126265957355499268e+02,6.722072072072071478e+02
7.141717829704284668e+02,6.719219219219219212e+02
7.158414878845214844e+02,6.716366366366366947e+02
7.174686760902404785e+02,6.716366366366366947e+02
7.190880243778228760e+02,6.716366366366366947e+02
7.206476986408233643e+02,6.716366366366366947e+02
7.222272670269012451e+02,6.713513513513513544e+02
7.237016749382019043e+02,6.710660660660660142e+02
7.254226748943328857e+02,6.713513513513513544e+02
7.270625894069671631e+02,6.713513513513513544e+02
7.284680700302124023e+02,6.710660660660660142e+02
7.302213053703308105e+02,6.702102102102102208e+02
7.318531506061553955e+02,6.704954954954955610e+02
7.334938080310821533e+02,6.702102102102102208e+02
7.350858633518218994e+02,6.696396396396396540e+02
7.366971378326416016e+02,6.696396396396396540e+02
7.383242034912109375e+02,6.693543543543544274e+02
7.397616963386535645e+02,6.684984984984985203e+02
7.414751744270324707e+02,6.690690690690690872e+02
7.429172410964965820e+02,6.687837837837837469e+02
7.444413580894470215e+02,6.693543543543544274e+02
7.459786932468414307e+02,6.699249249249248805e+02
7.474516379833221436e+02,6.702102102102102208e+02
7.489924602508544922e+02,6.702102102102102208e+02
7.504963684082031250e+02,6.704954954954955610e+02
7.521869411468505859e+02,6.707807807807807876e+02
7.538085069656372070e+02,6.707807807807807876e+02
7.552585258483886719e+02,6.704954954954955610e+02
7.567947685718536377e+02,6.702102102102102208e+02
7.583327782154083252e+02,6.704954954954955610e+02
7.599881417751312256e+02,6.704954954954955610e+02
7.614100613594055176e+02,6.704954954954955610e+02
7.629726240634918213e+02,6.704954954954955610e+02
7.644795415401458740e+02,6.702102102102102208e+02
7.661182515621185303e+02,6.699249249249248805e+02
7.676027438640594482e+02,6.699249249249248805e+02
7.691327974796295166e+02,6.699249249249248805e+02
7.708233752250671387e+02,6.702102102102102208e+02
7.722688729763031006e+02,6.702102102102102208e+02
7.739870390892028809e+02,6.702102102102102208e+02
7.756580209732055664e+02,6.699249249249248805e+02
7.771381762027740479e+02,6.699249249249248805e+02
7.788464658260345459e+02,6.699249249249248805e+02
7.803218121528625488e+02,6.699249249249248805e+02
7.818378267288208008e+02,6.699249249249248805e+02
7.835406758785247803e+02,6.696396396396396540e+02
7.851469457149505615e+02,6.696396396396396540e+02
7.868255679607391357e+02,6.696396396396396540e+02
7.884390490055084229e+02,6.699249249249248805e+02
7.900635046958923340e+02,6.699249249249248805e+02
7.915953924655914307e+02,6.699249249249248805e+02
7.932570650577545166e+02,6.696396396396396540e+02
7.947484509944915771e+02,6.696396396396396540e+02
7.964409697055816650e+02,6.696396396396396540e+02
7.980564010143280029e+02,6.696396396396396540e+02
7.995531303882598877e+02,6.699249249249248805e+02
8.012296481132507324e+02,6.696396396396396540e+02
8.028727843761444092e+02,6.693543543543544274e+02
8.044086852073669434e+02,6.693543543543544274e+02
8.058953270912170410e+02,6.696396396396396540e+02
8.075628135204315186e+02,6.693543543543544274e+02
8.092471315860748291e+02,6.693543543543544274e+02
8.109410152435302734e+02,6.696396396396396540e+02
8.124262230396270752e+02,6.693543543543544274e+02
8.141251530647277832e+02,6.693543543543544274e+02
8.158253221511840820e+02,6.696396396396396540e+02
8.174527485370635986e+02,6.693543543543544274e+02
8.191384298801422119e+02,6.696396396396396540e+02
8.206061081886291504e+02,6.696396396396396540e+02
8.223586854934692383e+02,6.693543543543544274e+02
8.238827993869781494e+02,6.696396396396396540e+02
8.253800163269042969e+02,6.693543543543544274e+02
8.268941261768341064e+02,6.693543543543544274e+02
8.285532491207122803e+02,6.687837837837837469e+02
8.302662112712860107e+02,6.693543543543544274e+02
8.317786681652069092e+02,6.690690690690690872e+02
8.332910072803497314e+02,6.690690690690690872e+02
8.348172001838684082e+02,6.690690690690690872e+02
8.363574626445770264e+02,6.690690690690690872e+02
8.378891732692718506e+02,6.687837837837837469e+02
8.395971374511718750e+02,6.687837837837837469e+02
8.411374695301055908e+02,6.690690690690690872e+02
8.449678845405578613e+02,6.654804804804805372e+02
8.465097208023071289e+02,6.666216216216216708e+02
8.480371303558349609e+02,6.671921921921922376e+02
8.497428658008575439e+02,6.673573573573573867e+02
8.512753617763519287e+02,6.687837837837837469e+02
8.529775655269622803e+02,6.687837837837837469e+02
8.546730124950408936e+02,6.690690690690690872e+02
8.561908526420593262e+02,6.687837837837837469e+02
8.578640167713165283e+02,6.687837837837837469e+02
8.594426929950714111e+02,6.687837837837837469e+02
8.611227412223815918e+02,6.690690690690690872e+02
8.628432266712188721e+02,6.693543543543544274e+02
8.646433477401733398e+02,6.693543543543544274e+02
8.664087722301483154e+02,6.696396396396396540e+02
8.681501522064208984e+02,6.696396396396396540e+02
8.699584348201751709e+02,6.696396396396396540e+02
8.716620779037475586e+02,6.696396396396396540e+02
8.732753252983093262e+02,6.696396396396396540e+02
8.749925694465637207e+02,6.693543543543544274e+02
8.767109973430633545e+02,6.696396396396396540e+02
8.782451863288879395e+02,6.693543543543544274e+02
8.799761893749237061e+02,6.696396396396396540e+02
8.817528860569000244e+02,6.696396396396396540e+02
8.835155930519104004e+02,6.696396396396396540e+02
8.852865700721740723e+02,6.696396396396396540e+02
8.870151393413543701e+02,6.696396396396396540e+02
8.887254061698913574e+02,6.693543543543544274e+02
8.904417290687561035e+02,6.693543543543544274e+02
8.921980004310607910e+02,6.696396396396396540e+02
8.939326913356781006e+02,6.696396396396396540e+02
8.954994220733642578e+02,6.696396396396396540e+02
8.971869790554046631e+02,6.693543543543544274e+02
8.989739573001861572e+02,6.696396396396396540e+02
9.007315688133239746e+02,6.696396396396396540e+02
9.030251758098602295e+02,6.682132132132131801e+02
9.046123518943786621e+02,6.684984984984985203e+02
9.061639673709869385e+02,6.682132132132131801e+02
9.077271049022674561e+02,6.684984984984985203e+02
9.092937555313110352e+02,6.687837837837837469e+02
9.109236516952514648e+02,6.687837837837837469e+02
9.126540341377258301e+02,6.687837837837837469e+02
9.142535719871520996e+02,6.690690690690690872e+02
9.160764012336730957e+02,6.684984984984985203e+02
9.178081021308898926e+02,6.682132132132131801e+02
9.195559787750244141e+02,6.682132132132131801e+02
9.212920892238616943e+02,6.684984984984985203e+02
9.230571424961090088e+02,6.687837837837837469e+02
9.248216576576232910e+02,6.687837837837837469e+02
9.264353322982788086e+02,6.687837837837837469e+02
9.280632672309875488e+02,6.687837837837837469e+02
9.299006273746490479e+02,6.684984984984985203e+02
9.316909730434417725e+02,6.687837837837837469e+02
9.335386528968811035e+02,6.693543543543544274e+02
9.353528022766113281e+02,6.690690690690690872e+02
9.369339294433593750e+02,6.696396396396396540e+02
9.385985600948333740e+02,6.696396396396396540e+02
9.402396180629730225e+02,6.696396396396396540e+02
9.418977277278900146e+02,6.696396396396396540e+02
9.435435051918029785e+02,6.696396396396396540e+02
9.453640201091766357e+02,6.693543543543544274e+02
9.471719141006469727e+02,6.696396396396396540e+02
9.488567101955413818e+02,6.696396396396396540e+02
9.507094962596893311e+02,6.693543543543544274e+02
9.523781993389129639e+02,6.693543543543544274e+02
9.542480041980743408e+02,6.693543543543544274e+02
9.559431955814361572e+02,6.696396396396396540e+02
9.578836393356323242e+02,6.690690690690690872e+02
9.595275900363922119e+02,6.693543543543544274e+02
9.613829069137573242e+02,6.687837837837837469e+02
9.630282115936279297e+02,6.693543543543544274e+02
9.648961586952209473e+02,6.690690690690690872e+02
9.666952986717224121e+02,6.693543543543544274e+02
9.685151813030242920e+02,6.690690690690690872e+02
9.701462161540985107e+02,6.690690690690690872e+02
9.720032861232757568e+02,6.687837837837837469e+02
9.737908725738525391e+02,6.690690690690690872e+02
9.756181950569152832e+02,6.687837837837837469e+02
9.774451117515563965e+02,6.690690690690690872e+02
9.793409693241119385e+02,6.690690690690690872e+02
9.812314040660858154e+02,6.693543543543544274e+02
9.830551323890686035e+02,6.693543543543544274e+02
9.847163851261138916e+02,6.690690690690690872e+02
9.865872645378112793e+02,6.687837837837837469e+02
9.884719836711883545e+02,6.687837837837837469e+02
9.903178751468658447e+02,6.690690690690690872e+02
9.920116984844207764e+02,6.687837837837837469e+02
9.938378422260284424e+02,6.684984984984985203e+02
9.956868500709533691e+02,6.687837837837837469e+02
9.975728831291198730e+02,6.687837837837837469e+02
9.994613735675811768e+02,6.684984984984985203e+02
1.001316903114318848e+03,6.687837837837837469e+02
1.003151246309280396e+03,6.684984984984985203e+02
1.005068181276321411e+03,6.684984984984985203e+02
1.006807434082031250e+03,6.687837837837837469e+02
1.008652856826782227e+03,6.682132132132131801e+02
1.010508761882781982e+03,6.682132132132131801e+02
1.012365982294082642e+03,6.684984984984985203e+02
1.014227259159088135e+03,6.684984984984985203e+02
1.016117298364639282e+03,6.684984984984985203e+02
1.017826888799667358e+03,6.687837837837837469e+02
1.022637314319610596e+03,6.673573573573573867e+02
1.024216926574707031e+03,6.657657657657657637e+02
1.025779554843902588e+03,6.673573573573573867e+02
1.027326939105987549e+03,6.684984984984985203e+02
1.028861030817031860e+03,6.690690690690690872e+02
1.030427280187606812e+03,6.693543543543544274e+02
1.031857378482818604e+03,6.696396396396396540e+02
1.033552241086959839e+03,6.693543543543544274e+02
1.035158368349075317e+03,6.696396396396396540e+02
1.036753261566162109e+03,6.696396396396396540e+02
1.038299975395202637e+03,6.699249249249248805e+02
1.039688126802444458e+03,6.696396396396396540e+02
1.041361289978027344e+03,6.696396396396396540e+02
1.042762648344039917e+03,6.696396396396396540e+02
1.044482502460479736e+03,6.690690690690690872e+02
1.045919525861740112e+03,6.696396396396396540e+02
1.047552772283554077e+03,6.693543543543544274e+02
1.048930978536605835e+03,6.696396396396396540e+02
1.050457571029663086e+03,6.693543543543544274e+02
1.052123527288436890e+03,6.693543543543544274e+02
1.053568014860153198e+03,6.690690690690690872e+02
1.055263926744461060e+03,6.687837837837837469e+02
1.056692369461059570e+03,6.699249249249248805e+02
1.058202401876449585e+03,6.696396396396396540e+02
1.059884643554687500e+03,6.693543543543544274e+02
1.061490953683853149e+03,6.696396396396396540e+02
1.063105185508728027e+03,6.699249249249248805e+02
1.064552243709564209e+03,6.696396396396396540e+02
1.066176456689834595e+03,6.696396396396396540e+02
1.067852332592010498e+03,6.699249249249248805e+02
1.069269056558609009e+03,6.699249249249248805e+02
1.071052347421646118e+03,6.696396396396396540e+02
1.072483208656311035e+03,6.699249249249248805e+02
1.074138451099395752e+03,6.693543543543544274e+02
1.075732910394668579e+03,6.699249249249248805e+02
1.077212215662002563e+03,6.699249249249248805e+02
1.078706734895706177e+03,6.696396396396396540e+02
1.080239385843276978e+03,6.696396396396396540e+02
1.081902438402175903e+03,6.693543543543544274e+02
1.083503528118133545e+03,6.696396396396396540e+02
1.085121857881546021e+03,6.699249249249248805e+02
1.086682679176330566e+03,6.699249249249248805e+02
1.088322453737258911e+03,6.696396396396396540e+02
1.089815169572830200e+03,6.699249249249248805e+02
1.091313229084014893e+03,6.696396396396396540e+02
1.092993179798126221e+03,6.693543543543544274e+02
1.094612515926361084e+03,6.696396396396396540e+02
1.096210028409957886e+03,6.699249249249248805e+02
1.097807371139526367e+03,6.699249249249248805e+02
1.099402540922164917e+03,6.699249249249248805e+02
1.101027314662933350e+03,6.696396396396396540e+02
1.102672922134399414e+03,6.693543543543544274e+02
1.104288016080856323e+03,6.696396396396396540e+02
1.105737179517745972e+03,6.696396396396396540e+02
1.107463263750076294e+03,6.699249249249248805e+02
1.108917245626449585e+03,6.699249249249248805e+02
1.110441210746765137e+03,6.696396396396396540e+02
1.112118142843246460e+03,6.696396396396396540e+02
1.113765807628631592e+03,6.699249249249248805e+02
1.115230888366699219e+03,6.699249249249248805e+02
1.116898058652877808e+03,6.699249249249248805e+02
1.118581923961639404e+03,6.699249249249248805e+02
1.120196213483810425e+03,6.696396396396396540e+02
1.121837678432464600e+03,6.696396396396396540e+02
1.123501327753067017e+03,6.696396396396396540e+02
1.125115870952606201e+03,6.699249249249248805e+02
1.126725547790527344e+03,6.699249249249248805e+02
1.128370747327804565e+03,6.699249249249248805e+02
1.129848259925842285e+03,6.696396396396396540e+02
1.131520350456237793e+03,6.699249249249248805e+02
1.133033931255340576e+03,6.699249249249248805e+02
1.134766378879547119e+03,6.699249249249248805e+02
1.136434089899063110e+03,6.699249249249248805e+02
1.138276878118515015e+03,6.696396396396396540e+02
1.139979799032211304e+03,6.693543543543544274e+02
1.141683105945587158e+03,6.687837837837837469e+02
1.143188814640045166e+03,6.684984984984985203e+02
1.144730720043182373e+03,6.684984984984985203e+02
1.146226098775863647e+03,6.684984984984985203e+02
1.147928503036499023e+03,6.684984984984985203e+02
1.149663032531738281e+03,6.679279279279279535e+02
1.151413026809692383e+03,6.669069069069068973e+02
1.152947839498519897e+03,6.666216216216216708e+02
1.154673742055892944e+03,6.671921921921922376e+02
1.156432712078094482e+03,6.666216216216216708e+02
1.158157360792160034e+03,6.660510510510509903e+02
1.159817707061767578e+03,6.671921921921922376e+02
1.161539191722869873e+03,6.671921921921922376e+02
1.163187303781509399e+03,6.679279279279279535e+02
1.164688178777694702e+03,6.676426426426426133e+02
1.166182551860809326e+03,6.684984984984985203e+02
1.167726978063583374e+03,6.690690690690690872e+02
1.169428676128387451e+03,6.693543543543544274e+02
1.170919109344482422e+03,6.690690690690690872e+02
1.172430295944213867e+03,6.693543543543544274e+02
1.173961965322494507e+03,6.696396396396396540e+02
1.175651613473892212e+03,6.693543543543544274e+02
1.177182778835296631e+03,6.693543543543544274e+02
1.178787515401840210e+03,6.699249249249248805e+02
1.180458427906036377e+03,6.696396396396396540e+02
1.183965167999267578e+03,6.660510510510509903e+02
1.185672907352447510e+03,6.679279279279279535e+02
1.187357132196426392e+03,6.693543543543544274e+02
1.189092007160186768e+03,6.696396396396396540e+02
1.190759119510650635e+03,6.699249249249248805e+02
1.192282592773437500e+03,6.702102102102102208e+02
1.193817524194717407e+03,6.699249249249248805e+02
1.195357641935348511e+03,6.699249249249248805e+02
1.197071095228195190e+03,6.702102102102102208e+02
1.198765524625778198e+03,6.704954954954955610e+02
1.200322970867156982e+03,6.707807807807807876e+02
1.202475321292877197e+03,6.702102102102102208e+02
1.204027786254882812e+03,6.704954954954955610e+02
1.205787420511245728e+03,6.710660660660660142e+02
1.207517601728439331e+03,6.716366366366366947e+02
1.209253504753112793e+03,6.719219219219219212e+02
1.210813131570816040e+03,6.724924924924924881e+02
1.212392130851745605e+03,6.724924924924924881e+02
1.214122430086135864e+03,6.727777777777778283e+02
1.215676755905151367e+03,6.736336336336336217e+02
1.217412258863449097e+03,6.742042042042041885e+02
1.219162096738815308e+03,6.750600600600600956e+02
1.220912435293197632e+03,6.759159159159158889e+02
1.222510039567947388e+03,6.762012012012012292e+02
1.224181155204772949e+03,6.767717717717717960e+02
1.225876252889633179e+03,6.776276276276275894e+02
1.227613622903823853e+03,6.790540540540540633e+02
1.229223320245742798e+03,6.799099099099098567e+02
1.230942103147506714e+03,6.804804804804805372e+02
1.232676109790802002e+03,6.813363363363363305e+02
1.234487679958343506e+03,6.823573573573573867e+02
1.236193611860275269e+03,6.837837837837837469e+02
1.237942432880401611e+03,6.846396396396396540e+02
1.239536304473876953e+03,6.860660660660660142e+02
1.241272538900375366e+03,6.863513513513513544e+02
1.242869699239730835e+03,6.874924924924924881e+02
1.244510372400283813e+03,6.883483483483483951e+02
1.246271039247512817e+03,6.894894894894895288e+02
1.247892759084701538e+03,6.906306306306306624e+02
1.249476352453231812e+03,6.909159159159158889e+02
1.251290158510208130e+03,6.914864864864864558e+02
1.252863584756851196e+03,6.926276276276275894e+02
1.254437429189682007e+03,6.931981981981982699e+02
1.256246957063674927e+03,6.937687687687687230e+02
1.258001085758209229e+03,6.954804804804805372e+02
1.259760159492492676e+03,6.960510510510509903e+02
1.261593770742416382e+03,6.966216216216216708e+02
1.263170656919479370e+03,6.976426426426426133e+02
1.264743743896484375e+03,6.976426426426426133e+02
1.266462818861007690e+03,6.979279279279279535e+02
1.268228362321853638e+03,6.987837837837837469e+02
1.269834055185317993e+03,6.993543543543544274e+02
1.271666144371032715e+03,6.993543543543544274e+02
1.273266794919967651e+03,7.004954954954955610e+02
1.274882275342941284e+03,7.002102102102102208e+02
1.276697647809982300e+03,6.999249249249248805e+02
1.278306482791900635e+03,7.007807807807807876e+02
1.279913953542709351e+03,7.004954954954955610e+02
1.281563246011734009e+03,7.004954954954955610e+02
1.283196445465087891e+03,7.007807807807807876e+02
1.285003206014633179e+03,7.007807807807807876e+02
1.286814182519912720e+03,7.010660660660660142e+02
1.288463772058486938e+03,7.022072072072071478e+02
1.290279234170913696e+03,7.013513513513513544e+02
1.291927372694015503e+03,7.019219219219219212e+02
1.293790125846862793e+03,7.016366366366366947e+02
1.295430262327194214e+03,7.024924924924924881e+02
1.297246385812759399e+03,7.016366366366366947e+02
1.299048359394073486e+03,7.022072072072071478e+02
1.300681809663772583e+03,7.024924924924924881e+02
1.302447094917297363e+03,7.019219219219219212e+02
1.304262646675109863e+03,7.022072072072071478e+02
1.306096692323684692e+03,7.027777777777778283e+02
1.307786381483078003e+03,7.027777777777778283e+02
1.309594889402389526e+03,7.016366366366366947e+02
1.311231964111328125e+03,7.022072072072071478e+02
1.313054159164428711e+03,7.019219219219219212e+02
1.314907752275466919e+03,7.022072072072071478e+02
1.316764156341552734e+03,7.022072072072071478e+02
1.318629410505294800e+03,7.027777777777778283e+02
1.320321100234985352e+03,7.027777777777778283e+02
1.322161256790161133e+03,7.013513513513513544e+02
1.324001957654953003e+03,7.019219219219219212e+02
1.325846460819244385e+03,7.022072072072071478e+02
1.327673381090164185e+03,7.019219219219219212e+02
1.329529459953308105e+03,7.022072072072071478e+02
1.331213640928268433e+03,7.022072072072071478e+02
1.332877514600753784e+03,7.016366366366366947e+02
1.334740984916687012e+03,7.010660660660660142e+02
1.336627696275711060e+03,7.019219219219219212e+02
1.338525138378143311e+03,7.022072072072071478e+02
1.340411432981491089e+03,7.019219219219219212e+02
1.342270997285842896e+03,7.019219219219219212e+02
1.344001467227935791e+03,7.022072072072071478e+02
1.345702105283737183e+03,7.024924924924924881e+02
1.347627647638320923e+03,7.024924924924924881e+02
1.349483259439468384e+03,7.036336336336336217e+02
1.351363169431686401e+03,7.039189189189189619e+02
1.353202063083648682e+03,7.044894894894895288e+02
1.355077731370925903e+03,7.044894894894895288e+02
1.359711834907531738e+03,6.993543543543544274e+02
1.361383604764938354e+03,7.004954954954955610e+02
1.363015206575393677e+03,7.042042042042041885e+02
1.364639446020126343e+03,7.050600600600600956e+02
1.366093103408813477e+03,7.056306306306306624e+02
1.367852188110351562e+03,7.053453453453453221e+02
1.369318143367767334e+03,7.059159159159158889e+02
1.371056702136993408e+03,7.059159159159158889e+02
1.372502099752426147e+03,7.062012012012012292e+02
1.374241879224777222e+03,7.056306306306306624e+02
1.375847680568695068e+03,7.059159159159158889e+02
1.377412628650665283e+03,7.056306306306306624e+02
1.378970189571380615e+03,7.059159159159158889e+02
1.380568918943405151e+03,7.062012012012012292e+02
1.381957498788833618e+03,7.062012012012012292e+02
1.383467954397201538e+03,7.056306306306306624e+02
1.385149601936340332e+03,7.053453453453453221e+02
1.386534228324890137e+03,7.053453453453453221e+02
1.388200604915618896e+03,7.050600600600600956e+02
1.389794116497039795e+03,7.059159159159158889e+02
1.391209618568420410e+03,7.059159159159158889e+02
1.392716677427291870e+03,7.053453453453453221e+02
1.394441643476486206e+03,7.047747747747747553e+02
1.396067460298538208e+03,7.053453453453453221e+02
1.397694007158279419e+03,7.059159159159158889e+02
1.399266702890396118e+03,7.062012012012012292e+02
1.400851143836975098e+03,7.059159159159158889e+02
1.402461094379425049e+03,7.059159159159158889e+02
1.404039291381835938e+03,7.056306306306306624e+02
1.405637200355529785e+03,7.056306306306306624e+02
1.407219030618667603e+03,7.059159159159158889e+02
1.408804074525833130e+03,7.062012012012012292e+02
1.410394068479537964e+03,7.059159159159158889e+02
1.412006469488143921e+03,7.059159159159158889e+02
1.413431767225265503e+03,7.056306306306306624e+02
1.415102630138397217e+03,7.056306306306306624e+02
1.416685337066650391e+03,7.062012012012012292e+02
1.418269307374954224e+03,7.064864864864864558e+02
1.419747644662857056e+03,7.062012012012012292e+02
1.421408044815063477e+03,7.059159159159158889e+02
1.422837160110473633e+03,7.059159159159158889e+02
1.424524358272552490e+03,7.062012012012012292e+02
1.425975022315979004e+03,7.070570570570570226e+02
1.427652806997299194e+03,7.067717717717717960e+02
1.429084859371185303e+03,7.070570570570570226e+02
1.430810907840728760e+03,7.067717717717717960e+02
1.432462740182876587e+03,7.073423423423423628e+02
1.434120234251022339e+03,7.076276276276275894e+02
1.435742531299591064e+03,7.084834834834834965e+02
1.437313773870468140e+03,7.084834834834834965e+02
1.438893443584442139e+03,7.081981981981982699e+02
1.440582258224487305e+03,7.084834834834834965e+02
1.442159164190292358e+03,7.090540540540540633e+02
1.443593879699707031e+03,7.096246246246246301e+02
1.445279549598693848e+03,7.101951951951951969e+02
1.446868354320526123e+03,7.101951951951951969e+02
1.448440953016281128e+03,7.104804804804805372e+02
1.449897796630859375e+03,7.113363363363363305e+02
1.451638866662979126e+03,7.116216216216216708e+02
1.453106624364852905e+03,7.123573573573573867e+02
1.454735259771347046e+03,7.129279279279279535e+02
1.456394051551818848e+03,7.137837837837837469e+02
1.458060795068740845e+03,7.143543543543544274e+02
1.459498239278793335e+03,7.149249249249248805e+02
1.461177122354507446e+03,7.149249249249248805e+02
1.462833725690841675e+03,7.157807807807807876e+02
1.464438474416732788e+03,7.169219219219219212e+02
1.465931924581527710e+03,7.172072072072071478e+02
1.467647174596786499e+03,7.174924924924924881e+02
1.469120009660720825e+03,7.177777777777778283e+02
1.470800588846206665e+03,7.177777777777778283e+02
1.472416782379150391e+03,7.192042042042041885e+02
1.473867310047149658e+03,7.200600600600600956e+02
1.475389409303665161e+03,7.200600600600600956e+02
1.477063579559326172e+03,7.200600600600600956e+02
1.478538301467895508e+03,7.203453453453453221e+02
1.480241038799285889e+03,7.209159159159158889e+02
1.481887080669403076e+03,7.217717717717717960e+02
1.483577452898025513e+03,7.229129129129129296e+02
1.485050702810287476e+03,7.229129129129129296e+02
1.486742184877395630e+03,7.226276276276275894e+02
1.488252028465270996e+03,7.231981981981982699e+02
1.489884133100509644e+03,7.231981981981982699e+02
1.491522023439407349e+03,7.243393393393394035e+02
1.493032438755035400e+03,7.249099099099098567e+02
1.494737006187438965e+03,7.243393393393394035e+02
1.496421008586883545e+03,7.249099099099098567e+02
1.498090513944625854e+03,7.251951951951951969e+02
1.499577659845352173e+03,7.251951951951951969e+02
1.501297128915786743e+03,7.260510510510509903e+02
1.503325747251510620e+03,7.240540540540540633e+02
1.504848564386367798e+03,7.246246246246246301e+02
1.506539268970489502e+03,7.249099099099098567e+02
1.508237805604934692e+03,7.260510510510509903e+02
1.509948302745819092e+03,7.263363363363363305e+02
1.511642211198806763e+03,7.269069069069068973e+02
1.513272799253463745e+03,7.263363363363363305e+02
1.514922882318496704e+03,7.263363363363363305e+02
1.516616985797882080e+03,7.263363363363363305e+02
1.518332602500915527e+03,7.263363363363363305e+02
1.521887758731842041e+03,7.217717717717717960e+02
1.523572178363800049e+03,7.220570570570570226e+02
1.525302760362625122e+03,7.243393393393394035e+02
1.526981064558029175e+03,7.254804804804805372e+02
1.528522609949111938e+03,7.260510510510509903e+02
1.530222137212753296e+03,7.263363363363363305e+02
1.531739426136016846e+03,7.263363363363363305e+02
1.533505545616149902e+03,7.263363363363363305e+02
1.535190901517868042e+03,7.263363363363363305e+02
1.536932738780975342e+03,7.263363363363363305e+02
1.538658473730087280e+03,7.269069069069068973e+02
1.540341245651245117e+03,7.269069069069068973e+02
1.541866673946380615e+03,7.266216216216216708e+02
1.543586792230606079e+03,7.260510510510509903e+02
1.545341922998428345e+03,7.260510510510509903e+02
1.547075465202331543e+03,7.266216216216216708e+02
1.548788680315017700e+03,7.269069069069068973e+02
1.550506478786468506e+03,7.266216216216216708e+02
1.552253124475479126e+03,7.269069069069068973e+02
1.553957052469253540e+03,7.266216216216216708e+02
1.555461838722229004e+03,7.266216216216216708e+02
1.557148204088211060e+03,7.263363363363363305e+02
1.558698546409606934e+03,7.263363363363363305e+02
1.560420160293579102e+03,7.263363363363363305e+02
1.562169437170028687e+03,7.266216216216216708e+02
1.563748196363449097e+03,7.263363363363363305e+02
1.565535145044326782e+03,7.263363363363363305e+02
1.567086172342300415e+03,7.263363363363363305e+02
1.568836228847503662e+03,7.266216216216216708e+02
1.570415323495864868e+03,7.266216216216216708e+02
1.571993649721145630e+03,7.263363363363363305e+02
1.573696743011474609e+03,7.260510510510509903e+02
1.575399184942245483e+03,7.263363363363363305e+02
1.577170747041702271e+03,7.276426426426426133e+02
1.578922416687011719e+03,7.276426426426426133e+02
1.580467017173767090e+03,7.271921921921922376e+02
1.582232896566390991e+03,7.269069069069068973e+02
1.583827143907546997e+03,7.271921921921922376e+02
1.585547913312911987e+03,7.269069069069068973e+02
1.587288971900939941e+03,7.276426426426426133e+02
1.588853924989700317e+03,7.269069069069068973e+02
1.590423799514770508e+03,7.266216216216216708e+02
1.592176764249801636e+03,7.266216216216216708e+02
1.593902055978775024e+03,7.269069069069068973e+02
1.595653343915939331e+03,7.269069069069068973e+02
1.597478875875473022e+03,7.271921921921922376e+02
1.599277241230010986e+03,7.266216216216216708e+02
1.601085200786590576e+03,7.269069069069068973e+02
1.602873052835464478e+03,7.269069069069068973e+02
1.604440936803817749e+03,7.266216216216216708e+02
1.606242580175399780e+03,7.266216216216216708e+02
1.608007342815399170e+03,7.266216216216216708e+02
1.609612310886383057e+03,7.266216216216216708e+02
1.611240139007568359e+03,7.263363363363363305e+02
1.613059327363967896e+03,7.263363363363363305e+02
1.614784280538558960e+03,7.269069069069068973e+02
1.616397559642791748e+03,7.266216216216216708e+02
1.618025063991546631e+03,7.263363363363363305e+02
1.619823909997940063e+03,7.260510510510509903e+02
1.621575045585632324e+03,7.263363363363363305e+02
1.623398884773254395e+03,7.263363363363363305e+02
1.624993267059326172e+03,7.266216216216216708e+02
1.626784436702728271e+03,7.254804804804805372e+02
1.628617343902587891e+03,7.260510510510509903e+02
1.630255408525466919e+03,7.263363363363363305e+02
1.631934107542037964e+03,7.257657657657657637e+02
1.633704175710678101e+03,7.263363363363363305e+02
1.635308019399642944e+03,7.260510510510509903e+02
1.636938054084777832e+03,7.257657657657657637e+02
1.638756021261215210e+03,7.251951951951951969e+02
1.640526032924652100e+03,7.260510510510509903e+02
1.642161921501159668e+03,7.260510510510509903e+02
1.644012509584426880e+03,7.251951951951951969e+02
1.645664133310317993e+03,7.257657657657657637e+02
1.647335554361343384e+03,7.251951951951951969e+02
1.649150243282318115e+03,7.254804804804805372e+02
1.650832718372344971e+03,7.254804804804805372e+02
1.652663928747177124e+03,7.257657657657657637e+02
1.654351777791976929e+03,7.254804804804805372e+02
1.656227119922637939e+03,7.257657657657657637e+02
1.658015979528427124e+03,7.254804804804805372e+02
1.659711939811706543e+03,7.260510510510509903e+02
1.661594210863113403e+03,7.251951951951951969e+02
1.663345580577850342e+03,7.246246246246246301e+02
1.665034063100814819e+03,7.249099099099098567e+02
1.666752120494842529e+03,7.249099099099098567e+02
1.668447761535644531e+03,7.243393393393394035e+02
1.670273401975631714e+03,7.246246246246246301e+02
1.672116176128387451e+03,7.260510510510509903e+02
1.673886866092681885e+03,7.254804804804805372e+02
1.675745957136154175e+03,7.251951951951951969e+02
1.677610115051269531e+03,7.249099099099098567e+02
1.679286839723587036e+03,7.251951951951951969e+02
1.681020487785339355e+03,7.249099099099098567e+02
1.682876564979553223e+03,7.246246246246246301e+02
1.684812335968017578e+03,7.257657657657657637e+02
1.686510559082031250e+03,7.254804804804805372e+02
1.688229106903076172e+03,7.249099099099098567e+02
1.690202863931655884e+03,7.249099099099098567e+02
1.691926619768142700e+03,7.257657657657657637e+02
1.696907642602920532e+03,7.279279279279279535e+02
1.698486290693283081e+03,7.249099099099098567e+02
1.699916689634323120e+03,7.254804804804805372e+02
1.701626458883285522e+03,7.254804804804805372e+02
1.703027036905288696e+03,7.271921921921922376e+02
1.704722683668136597e+03,7.271921921921922376e+02
1.706272679567337036e+03,7.279279279279279535e+02
1.707796511888504028e+03,7.287837837837837469e+02
1.709215237140655518e+03,7.290690690690690872e+02
1.710735337018966675e+03,7.279279279279279535e+02
1.712435651540756226e+03,7.279279279279279535e+02
1.714036038875579834e+03,7.284984984984985203e+02
1.715434210062026978e+03,7.287837837837837469e+02
1.716943656444549561e+03,7.282132132132131801e+02
1.718697744369506836e+03,7.284984984984985203e+02
1.720302910089492798e+03,7.290690690690690872e+02
1.721843865394592285e+03,7.293543543543544274e+02
1.723265312433242798e+03,7.296396396396396540e+02
1.724922726392745972e+03,7.287837837837837469e+02
1.726529609441757202e+03,7.293543543543544274e+02
1.728113798379898071e+03,7.296396396396396540e+02
1.729683046340942383e+03,7.293543543543544274e+02
1.731309287548065186e+03,7.296396396396396540e+02
1.732903854846954346e+03,7.293543543543544274e+02
1.734503040313720703e+03,7.296396396396396540e+02
1.736067867755889893e+03,7.299249249249248805e+02
1.737701268434524536e+03,7.296396396396396540e+02
1.739301043748855591e+03,7.296396396396396540e+02
1.740967564344406128e+03,7.293543543543544274e+02
1.742564011096954346e+03,7.290690690690690872e+02
1.744118788957595825e+03,7.290690690690690872e+02
1.745569089651107788e+03,7.296396396396396540e+02
1.747231662273406982e+03,7.293543543543544274e+02
1.748802276134490967e+03,7.293543543543544274e+02
1.750277523517608643e+03,7.293543543543544274e+02
1.751756463050842285e+03,7.290690690690690872e+02
1.753265404701232910e+03,7.282132132132131801e+02
1.754777821540832520e+03,7.282132132132131801e+02
1.756453191280364990e+03,7.276426426426426133e+02
1.757901785135269165e+03,7.287837837837837469e+02
1.759589141845703125e+03,7.287837837837837469e+02
1.761239753723144531e+03,7.282132132132131801e+02
1.762679635047912598e+03,7.282132132132131801e+02
1.764197785139083862e+03,7.279279279279279535e+02
1.765867698192596436e+03,7.279279279279279535e+02
1.767540429115295410e+03,7.282132132132131801e+02
1.769127818107604980e+03,7.282132132132131801e+02
1.770788257360458374e+03,7.282132132132131801e+02
1.772418372631072998e+03,7.282132132132131801e+02
1.774128688573837280e+03,7.282132132132131801e+02
1.775553673267364502e+03,7.282132132132131801e+02
1.777247309207916260e+03,7.282132132132131801e+02
1.778911146402359009e+03,7.293543543543544274e+02
1.780344997882843018e+03,7.293543543543544274e+02
1.782047852277755737e+03,7.293543543543544274e+02
1.783477805852890015e+03,7.299249249249248805e+02
1.785152305364608765e+03,7.296396396396396540e+02
1.786589844703674316e+03,7.293543543543544274e+02
1.788101562261581421e+03,7.290690690690690872e+02
1.789609799861907959e+03,7.284984984984985203e+02
1.791301645994186401e+03,7.284984984984985203e+02
1.792907947540283203e+03,7.293543543543544274e+02
1.794581725835800171e+03,7.293543543543544274e+02
1.796061657190322876e+03,7.290690690690690872e+02
1.797707664489746094e+03,7.287837837837837469e+02
1.799166896581649780e+03,7.287837837837837469e+02
1.800854149580001831e+03,7.282132132132131801e+02
1.802823632001876831e+03,7.279279279279279535e+02
1.804301964998245239e+03,7.279279279279279535e+02
1.806023701667785645e+03,7.276426426426426133e+02
1.807680350065231323e+03,7.282132132132131801e+02
1.809127697706222534e+03,7.284984984984985203e+02
1.810817577600479126e+03,7.276426426426426133e+02
1.812272517204284668e+03,7.287837837837837469e+02
1.814001219987869263e+03,7.279279279279279535e+02
1.815451764106750488e+03,7.282132132132131801e+02
1.817000393152236938e+03,7.279279279279279535e+02
1.818671974182128906e+03,7.282132132132131801e+02
1.820143559455871582e+03,7.282132132132131801e+02
1.821810035705566406e+03,7.282132132132131801e+02
1.823459084749221802e+03,7.287837837837837469e+02
1.825091264486312866e+03,7.284984984984985203e+02
1.826766498565673828e+03,7.282132132132131801e+02
1.828223115444183350e+03,7.282132132132131801e+02
1.829916694879531860e+03,7.279279279279279535e+02
1.831399677991867065e+03,7.287837837837837469e+02
1.833042080402374268e+03,7.279279279279279535e+02
1.834538363218307495e+03,7.282132132132131801e+02
1.836241708278656006e+03,7.276426426426426133e+02
1.837768093347549438e+03,7.282132132132131801e+02
1.839277703285217285e+03,7.284984984984985203e+02
1.840975922107696533e+03,7.284984984984985203e+02
1.842641300916671753e+03,7.290690690690690872e+02
1.844188183784484863e+03,7.293543543543544274e+02
1.845850927591323853e+03,7.290690690690690872e+02
1.847512617349624634e+03,7.293543543543544274e+02
1.849183814764022827e+03,7.304954954954955610e+02
1.850696917772293091e+03,7.302102102102102208e+02
1.852223812818527222e+03,7.299249249249248805e+02
1.853891881704330444e+03,7.302102102102102208e+02
1.857405058622360229e+03,7.284984984984985203e+02
1.858936699390411377e+03,7.276426426426426133e+02
1.860648295879364014e+03,7.284984984984985203e+02
1.862358034849166870e+03,7.302102102102102208e+02
1.863857880353927612e+03,7.313513513513513544e+02
1.865567843198776245e+03,7.316366366366366947e+02
1.867229407548904419e+03,7.330630630630630549e+02
1.868741077423095703e+03,7.342042042042041885e+02
1.870461008310317993e+03,7.347747747747747553e+02
1.871960375070571899e+03,7.359159159159158889e+02
1.873628638744354248e+03,7.356306306306306624e+02
1.875309956073760986e+03,7.367717717717717960e+02
1.877096782684326172e+03,7.387687687687687230e+02
1.878598679780960083e+03,7.396246246246246301e+02
1.880325137853622437e+03,7.399099099099098567e+02
1.882048910856246948e+03,7.413363363363363305e+02
1.883723779201507568e+03,7.424774774774774642e+02
1.885461115598678589e+03,7.434984984984985203e+02
1.887008335828781128e+03,7.446396396396396540e+02
1.888726575613021851e+03,7.452102102102102208e+02
1.890477326393127441e+03,7.460660660660660142e+02
1.892200847148895264e+03,7.474924924924924881e+02
1.893740562677383423e+03,7.489189189189189619e+02
1.895470920562744141e+03,7.494894894894895288e+02
1.897055955410003662e+03,7.497747747747747553e+02
1.898795196056365967e+03,7.503453453453453221e+02
1.900522130727767944e+03,7.517717717717717960e+02
1.902046154260635376e+03,7.523423423423423628e+02
1.903781760454177856e+03,7.520570570570570226e+02
1.905345595836639404e+03,7.537687687687687230e+02
1.906912698507308960e+03,7.537687687687687230e+02
1.908507541894912720e+03,7.543393393393394035e+02
1.910069797992706299e+03,7.549099099099098567e+02
1.911866811275482178e+03,7.549099099099098567e+02
1.913622475862503052e+03,7.566216216216216708e+02
1.915392858266830444e+03,7.571921921921922376e+02
1.916957782983779907e+03,7.571921921921922376e+02
1.918515167236328125e+03,7.571921921921922376e+02
1.920300818920135498e+03,7.569069069069068973e+02
1.921997332572937012e+03,7.573573573573573867e+02
1.923595025300979614e+03,7.587837837837837469e+02
1.925216272592544556e+03,7.576426426426426133e+02
1.926957181453704834e+03,7.576426426426426133e+02
1.928569664716720581e+03,7.584984984984985203e+02
1.930175340414047241e+03,7.582132132132131801e+02
1.931995697975158691e+03,7.576426426426426133e+02
1.933803061246871948e+03,7.590690690690690872e+02
1.935377590894699097e+03,7.587837837837837469e+02
1.937177158594131470e+03,7.587837837837837469e+02
1.938806697130203247e+03,7.593543543543544274e+02
1.940393565654754639e+03,7.584984984984985203e+02
1.942147490739822388e+03,7.587837837837837469e+02
1.943988160848617554e+03,7.587837837837837469e+02
1.945750144004821777e+03,7.590690690690690872e+02
1.947556139945983887e+03,7.593543543543544274e+02
1.949156128406524658e+03,7.582132132132131801e+02
1.950823753595352173e+03,7.590690690690690872e+02
1.952447870969772339e+03,7.587837837837837469e+02
1.954303012609481812e+03,7.587837837837837469e+02
1.955907449245452881e+03,7.590690690690690872e+02
1.957735997438430786e+03,7.584984984984985203e+02
1.959359134435653687e+03,7.590690690690690872e+02
1.961158915519714355e+03,7.584984984984985203e+02
1.962967492103576660e+03,7.593543543543544274e+02
1.964779920339584351e+03,7.590690690690690872e+02
1.966603024721145630e+03,7.590690690690690872e+02
1.968433536052703857e+03,7.593543543543544274e+02
1.970080773115158081e+03,7.593543543543544274e+02
1.971911253929138184e+03,7.593543543543544274e+02
1.973797739982604980e+03,7.602102102102102208e+02
1.975646682024002075e+03,7.604954954954955610e+02
1.977488267183303833e+03,7.604954954954955610e+02
1.979338306427001953e+03,7.604954954954955610e+02
1.981151587009429932e+03,7.613513513513513544e+02
1.982993267059326172e+03,7.604954954954955610e+02
1.984832490444183350e+03,7.604954954954955610e+02
1.986609275341033936e+03,7.613513513513513544e+02
1.988506880998611450e+03,7.610660660660660142e+02
1.990330890417098999e+03,7.607807807807807876e+02
1.992181296586990356e+03,7.602102102102102208e+02
1.993821909427642822e+03,7.602102102102102208e+02
1.995706236839294434e+03,7.602102102102102208e+02
1.997557945013046265e+03,7.599249249249248805e+02
1.999216705322265625e+03,7.596396396396396540e+02
2.001072927474975586e+03,7.590690690690690872e+02
2.002733070611953735e+03,7.590690690690690872e+02
2.004571200370788574e+03,7.590690690690690872e+02
2.006232877969741821e+03,7.593543543543544274e+02
2.008116801023483276e+03,7.582132132132131801e+02
2.009950889587402344e+03,7.590690690690690872e+02
2.011861036062240601e+03,7.587837837837837469e+02
2.013688282012939453e+03,7.596396396396396540e+02
2.015551939249038696e+03,7.593543543543544274e+02
2.017425096035003662e+03,7.593543543543544274e+02
2.019341669559478760e+03,7.593543543543544274e+02
2.021206766128540039e+03,7.593543543543544274e+02
2.023064147472381592e+03,7.593543543543544274e+02
2.024777559757232666e+03,7.599249249249248805e+02
2.026665146112442017e+03,7.590690690690690872e+02
2.028606035947799683e+03,7.590690690690690872e+02
2.033185416698455811e+03,7.579279279279279535e+02
2.034723048686981201e+03,7.574774774774774642e+02
2.036217174768447876e+03,7.569069069069068973e+02
2.037732877731323242e+03,7.566216216216216708e+02
2.039268390655517578e+03,7.576426426426426133e+02
2.040777433633804321e+03,7.582132132132131801e+02
2.042476294279098511e+03,7.587837837837837469e+02
2.044008389472961426e+03,7.602102102102102208e+02
2.045581533908843994e+03,7.607807807807807876e+02
2.046954809904098511e+03,7.610660660660660142e+02
2.048653642654418945e+03,7.607807807807807876e+02
2.050280707836151123e+03,7.613513513513513544e+02
2.051659247159957886e+03,7.616366366366366947e+02
2.053417575359344482e+03,7.616366366366366947e+02
2.054836220264434814e+03,7.619219219219219212e+02
2.056560767650604248e+03,7.619219219219219212e+02
2.057986641645431519e+03,7.622072072072071478e+02
2.059663575410842896e+03,7.619219219219219212e+02
2.061287501573562622e+03,7.630630630630630549e+02
2.062901547908782959e+03,7.636336336336336217e+02
2.064315665006637573e+03,7.633483483483483951e+02
2.066041929483413696e+03,7.633483483483483951e+02
2.067663954019546509e+03,7.630630630630630549e+02
2.069278056383132935e+03,7.642042042042041885e+02
2.070851086378097534e+03,7.647747747747747553e+02
2.072387274980545044e+03,7.647747747747747553e+02
2.073959489583969116e+03,7.653453453453453221e+02
2.075547580003738403e+03,7.650600600600600956e+02
2.076933729648590088e+03,7.656306306306306624e+02
2.078657775402069092e+03,7.664864864864864558e+02
2.080277671813964844e+03,7.670570570570570226e+02
2.081883639335632324e+03,7.670570570570570226e+02
2.083483579874038696e+03,7.676276276276275894e+02
2.084943607091903687e+03,7.679129129129129296e+02
2.086587813615798950e+03,7.676276276276275894e+02
2.087996690750122070e+03,7.687687687687687230e+02
2.089501517772674561e+03,7.687687687687687230e+02
2.091235854625701904e+03,7.684834834834834965e+02
2.092847324132919312e+03,7.696246246246246301e+02
2.094263374805450439e+03,7.699099099099098567e+02
2.095966041088104248e+03,7.701951951951951969e+02
2.097566952228546143e+03,7.704804804804805372e+02
2.099166618585586548e+03,7.719069069069068973e+02
2.100623673439025879e+03,7.721921921921922376e+02
2.102733622550964355e+03,7.699099099099098567e+02
2.104180247783660889e+03,7.713363363363363305e+02
2.105671602964401245e+03,7.713363363363363305e+02
2.107373900890350342e+03,7.707657657657657637e+02
2.108816487789154053e+03,7.729279279279279535e+02
2.110532135725021362e+03,7.726426426426426133e+02
2.111966973304748535e+03,7.732132132132131801e+02
2.113697466135025024e+03,7.732132132132131801e+02
2.115301100492477417e+03,7.734984984984985203e+02
2.116738003730773926e+03,7.746396396396396540e+02
2.118439720392227173e+03,7.737837837837837469e+02
2.120055139780044556e+03,7.743543543543544274e+02
2.121682873249053955e+03,7.743543543543544274e+02
2.123307932376861572e+03,7.746396396396396540e+02
2.124783139467239380e+03,7.746396396396396540e+02
2.126410551309585571e+03,7.746396396396396540e+02
2.128087399005889893e+03,7.746396396396396540e+02
2.129709775924682617e+03,7.746396396396396540e+02
2.131363746643066406e+03,7.746396396396396540e+02
2.133029202461242676e+03,7.749249249249248805e+02
2.134667907476425171e+03,7.749249249249248805e+02
2.136354057788848877e+03,7.757807807807807876e+02
2.137821385622024536e+03,7.752102102102102208e+02
2.139486031055450439e+03,7.749249249249248805e+02
2.141001902818679810e+03,7.754954954954955610e+02
2.142657528400421143e+03,7.746396396396396540e+02
2.144121502161026001e+03,7.752102102102102208e+02
2.145779860973358154e+03,7.746396396396396540e+02
2.147403398275375366e+03,7.754954954954955610e+02
2.149040919303894043e+03,7.754954954954955610e+02
2.150676543474197388e+03,7.754954954954955610e+02
2.152299419879913330e+03,7.752102102102102208e+02
2.153763258457183838e+03,7.754954954954955610e+02
2.155273261070251465e+03,7.754954954954955610e+02
2.156982810735702515e+03,7.746396396396396540e+02
2.158643440485000610e+03,7.754954954954955610e+02
2.160252805233001709e+03,7.754954954954955610e+02
2.161948010921478271e+03,7.752102102102102208e+02
2.163626681327819824e+03,7.760660660660660142e+02
2.165267758846282959e+03,7.754954954954955610e+02
2.166736558675765991e+03,7.752102102102102208e+02
2.168421806335449219e+03,7.749249249249248805e+02
2.170050957679748535e+03,7.746396396396396540e+02
2.171553185939788818e+03,7.743543543543544274e+02
2.173084800958633423e+03,7.746396396396396540e+02
2.174579868316650391e+03,7.746396396396396540e+02
2.176115692377090454e+03,7.746396396396396540e+02
2.177688504934310913e+03,7.743543543543544274e+02
2.179201949357986450e+03,7.743543543543544274e+02
2.180717491626739502e+03,7.752102102102102208e+02
2.182402057170867920e+03,7.749249249249248805e+02
2.184038188934326172e+03,7.743543543543544274e+02
2.185528737545013428e+03,7.746396396396396540e+02
2.187292112112045288e+03,7.754954954954955610e+02
2.188791087627410889e+03,7.754954954954955610e+02
2.190472577571868896e+03,7.752102102102102208e+02
2.194169414281845093e+03,7.696246246246246301e+02
2.195803172588348389e+03,7.716216216216216708e+02
2.197321155548095703e+03,7.737837837837837469e+02
2.199040139198303223e+03,7.737837837837837469e+02
2.200677865982055664e+03,7.740690690690690872e+02
2.202371845006942749e+03,7.746396396396396540e+02
2.204078919410705566e+03,7.752102102102102208e+02
2.205593342065811157e+03,7.752102102102102208e+02
2.207243474483489990e+03,7.749249249249248805e+02
2.208997548580169678e+03,7.752102102102102208e+02
2.210552006244659424e+03,7.746396396396396540e+02
2.212265164852142334e+03,7.746396396396396540e+02
2.213928945302963257e+03,7.752102102102102208e+02
2.215463408231735229e+03,7.754954954954955610e+02
2.217143862962722778e+03,7.752102102102102208e+02
2.218874973058700562e+03,7.752102102102102208e+02
2.220573324441909790e+03,7.749249249249248805e+02
2.222148201227188110e+03,7.752102102102102208e+02
2.223858435153961182e+03,7.746396396396396540e+02
2.225363952636718750e+03,7.752102102102102208e+02
2.226901476621627808e+03,7.746396396396396540e+02
2.228485208988189697e+03,7.740690690690690872e+02
2.230159965276718140e+03,7.732132132132131801e+02
2.231736682176589966e+03,7.740690690690690872e+02
2.233485168933868408e+03,7.734984984984985203e+02
2.235207752227783203e+03,7.743543543543544274e+02
2.236785946369171143e+03,7.749249249249248805e+02
2.238502506017684937e+03,7.740690690690690872e+02
2.240098532915115356e+03,7.743543543543544274e+02
2.241641852140426636e+03,7.734984984984985203e+02
2.243204999923706055e+03,7.729279279279279535e+02
2.244946571350097656e+03,7.726426426426426133e+02
2.246687494277954102e+03,7.737837837837837469e+02
2.248246398925781250e+03,7.737837837837837469e+02
2.250042360782623291e+03,7.726426426426426133e+02
2.251793537139892578e+03,7.737837837837837469e+02
2.253544547796249390e+03,7.737837837837837469e+02
2.255122773885726929e+03,7.732132132132131801e+02
2.256681825637817383e+03,7.721921921921922376e+02
2.258242552042007446e+03,7.707657657657657637e+02
2.259993231296539307e+03,7.704804804804805372e+02
2.261769213676452637e+03,7.713363363363363305e+02
2.263538676261901855e+03,7.713363363363363305e+02
2.265347604274749756e+03,7.707657657657657637e+02
2.267201667308807373e+03,7.707657657657657637e+02
2.268977830886840820e+03,7.696246246246246301e+02
2.270709291696548462e+03,7.684834834834834965e+02
2.272367327928543091e+03,7.679129129129129296e+02
2.274123958587646484e+03,7.684834834834834965e+02
2.276013568401336670e+03,7.667717717717717960e+02
2.277658635377883911e+03,7.673423423423423628e+02
2.279456639289855957e+03,7.656306306306306624e+02
2.281197620153427124e+03,7.656306306306306624e+02
2.282958272457122803e+03,7.656306306306306624e+02
2.284728119850158691e+03,7.656306306306306624e+02
2.286513807058334351e+03,7.647747747747747553e+02
2.288317617177963257e+03,7.644894894894895288e+02
2.289953717470169067e+03,7.644894894894895288e+02
2.291815149068832397e+03,7.636336336336336217e+02
2.293646793603897095e+03,7.633483483483483951e+02
2.295496169328689575e+03,7.627777777777778283e+02
2.297312218666076660e+03,7.622072072072071478e+02
2.299111905813217163e+03,7.616366366366366947e+02
2.300927653074264526e+03,7.613513513513513544e+02
2.302746301651000977e+03,7.613513513513513544e+02
2.304599663972854614e+03,7.613513513513513544e+02
2.306437674522399902e+03,7.610660660660660142e+02
2.308097172498703003e+03,7.604954954954955610e+02
2.309913412332534790e+03,7.596396396396396540e+02
2.311736793518066406e+03,7.599249249249248805e+02
2.313381800889968872e+03,7.596396396396396540e+02
2.315002438783645630e+03,7.582132132132131801e+02
2.316862277030944824e+03,7.571921921921922376e+02
2.318705336570739746e+03,7.576426426426426133e+02
2.320619456529617310e+03,7.579279279279279535e+02
2.322431611776351929e+03,7.576426426426426133e+02
2.324072802305221558e+03,7.569069069069068973e+02
2.325900365352630615e+03,7.569069069069068973e+02
2.327547153711318970e+03,7.574774774774774642e+02
2.329447505712509155e+03,7.566216216216216708e+02
2.331283564090728760e+03,7.571921921921922376e+02
2.332964174270629883e+03,7.569069069069068973e+02
2.334858498811721802e+03,7.557657657657657637e+02
2.336742938518524170e+03,7.560510510510509903e+02
2.338568375587463379e+03,7.566216216216216708e+02
2.340396749734878540e+03,7.563363363363363305e+02
2.342096389770507812e+03,7.563363363363363305e+02
2.343946411371231079e+03,7.557657657657657637e+02
2.345820610284805298e+03,7.557657657657657637e+02
2.347654283046722412e+03,7.566216216216216708e+02
2.349513354539871216e+03,7.566216216216216708e+02
2.351354099035263062e+03,7.563363363363363305e+02
2.353048045158386230e+03,7.563363363363363305e+02
2.354967339992523193e+03,7.554804804804805372e+02
2.356634129285812378e+03,7.563363363363363305e+02
2.358333271265029907e+03,7.560510510510509903e+02
2.360011636734008789e+03,7.557657657657657637e+02
2.361897421360015869e+03,7.551951951951951969e+02
2.363780959367752075e+03,7.557657657657657637e+02
2.365727681875228882e+03,7.560510510510509903e+02
2.370625219345092773e+03,7.554804804804805372e+02
2.372165012121200562e+03,7.546246246246246301e+02
2.373716442584991455e+03,7.557657657657657637e+02
2.375309580087661743e+03,7.576426426426426133e+02
2.376858363389968872e+03,7.584984984984985203e+02
2.378416380167007446e+03,7.584984984984985203e+02
2.379813349008560181e+03,7.590690690690690872e+02
2.381476563930511475e+03,7.590690690690690872e+02
2.382909918069839478e+03,7.584984984984985203e+02
2.384634809255599976e+03,7.584984984984985203e+02
2.386221229791641235e+03,7.584984984984985203e+02
2.387618189334869385e+03,7.584984984984985203e+02
2.389322922706604004e+03,7.593543543543544274e+02
2.390892831802368164e+03,7.590690690690690872e+02
2.392513725280761719e+03,7.584984984984985203e+02
2.394073563098907471e+03,7.582132132132131801e+02
2.395505533218383789e+03,7.582132132132131801e+02
2.396997262716293335e+03,7.584984984984985203e+02
2.398668684482574463e+03,7.593543543543544274e+02
2.400079033613204956e+03,7.587837837837837469e+02
2.402182794809341431e+03,7.573573573573573867e+02
2.403790565252304077e+03,7.584984984984985203e+02
2.405207319259643555e+03,7.584984984984985203e+02
2.406696806907653809e+03,7.576426426426426133e+02
2.408387772560119629e+03,7.584984984984985203e+02
2.409958756446838379e+03,7.584984984984985203e+02
2.411363774061203003e+03,7.582132132132131801e+02
2.412871652603149414e+03,7.584984984984985203e+02
2.414600322723388672e+03,7.582132132132131801e+02
2.416193281888961792e+03,7.584984984984985203e+02
2.417651629686355591e+03,7.590690690690690872e+02
2.419351188421249390e+03,7.587837837837837469e+02
2.420914112567901611e+03,7.584984984984985203e+02
2.422349134683609009e+03,7.584984984984985203e+02
2.424042659759521484e+03,7.587837837837837469e+02
2.425471063852310181e+03,7.584984984984985203e+02
2.427135740756988525e+03,7.590690690690690872e+02
2.428721981525421143e+03,7.587837837837837469e+02
2.430169104337692261e+03,7.579279279279279535e+02
2.431865800142288208e+03,7.582132132132131801e+02
2.433313416957855225e+03,7.579279279279279535e+02
2.435003631830215454e+03,7.582132132132131801e+02
2.436568510055541992e+03,7.587837837837837469e+02
2.438188148260116577e+03,7.582132132132131801e+02
2.439636905908584595e+03,7.576426426426426133e+02
2.441287968873977661e+03,7.576426426426426133e+02
2.442721314191818237e+03,7.576426426426426133e+02
2.444401807546615601e+03,7.574774774774774642e+02
2.445839080333709717e+03,7.579279279279279535e+02
2.447353315353393555e+03,7.571921921921922376e+02
2.448992974519729614e+03,7.566216216216216708e+02
2.450575921535491943e+03,7.563363363363363305e+02
2.452005845308303833e+03,7.563363363363363305e+02
2.453513818502426147e+03,7.554804804804805372e+02
2.455248915672302246e+03,7.557657657657657637e+02
2.456892694950103760e+03,7.554804804804805372e+02
2.458507998704910278e+03,7.546246246246246301e+02
2.460110242128372192e+03,7.540540540540540633e+02
2.461769351959228516e+03,7.537687687687687230e+02
2.463198198556900024e+03,7.529129129129129296e+02
2.464950846910476685e+03,7.526276276276275894e+02
2.466538541555404663e+03,7.523423423423423628e+02
2.467989583015441895e+03,7.514864864864864558e+02
2.469699236631393433e+03,7.503453453453453221e+02
2.471360424280166626e+03,7.494894894894895288e+02
2.472973845720291138e+03,7.492042042042041885e+02
2.474662270069122314e+03,7.483483483483483951e+02
2.476271218299865723e+03,7.472072072072071478e+02
2.477745158910751343e+03,7.457807807807807876e+02
2.479479964256286621e+03,7.449249249249248805e+02
2.481126519203186035e+03,7.437837837837837469e+02
2.482794960498809814e+03,7.440690690690690872e+02
2.484247898340225220e+03,7.429279279279279535e+02
2.485762320756912231e+03,7.419069069069068973e+02
2.487424163818359375e+03,7.401951951951951969e+02
2.489020772218704224e+03,7.399099099099098567e+02
2.490667122125625610e+03,7.390540540540540633e+02
2.492153215885162354e+03,7.390540540540540633e+02
2.493818222045898438e+03,7.379129129129129296e+02
2.495467456102371216e+03,7.373423423423423628e+02
2.497128413200378418e+03,7.364864864864864558e+02
2.498772694587707520e+03,7.356306306306306624e+02
2.500428406238555908e+03,7.347747747747747553e+02
2.501898201465606689e+03,7.347747747747747553e+02
2.503589692115783691e+03,7.336336336336336217e+02
2.505292532682418823e+03,7.330630630630630549e+02
2.506753482580184937e+03,7.327777777777778283e+02
2.508465968370437622e+03,7.322072072072071478e+02
2.510017194032669067e+03,7.316366366366366947e+02
2.511709472179412842e+03,7.307807807807807876e+02
2.513413260221481323e+03,7.307807807807807876e+02
2.515147872686386108e+03,7.307807807807807876e+02
2.516819519281387329e+03,7.304954954954955610e+02
2.518335218429565430e+03,7.299249249249248805e+02
2.519876697063446045e+03,7.299249249249248805e+02
2.521365883827209473e+03,7.284984984984985203e+02
2.522897494792938232e+03,7.284984984984985203e+02
2.524436746835708618e+03,7.279279279279279535e+02
2.526117027521133423e+03,7.274774774774774642e+02
2.527769159078598022e+03,7.276426426426426133e+02
2.531267447710037231e+03,7.260510510510509903e+02
2.532827979564666748e+03,7.243393393393394035e+02
2.534544760704040527e+03,7.246246246246246301e+02
2.536051968097686768e+03,7.251951951951951969e+02
2.537727059364318848e+03,7.251951951951951969e+02
2.539445579528808594e+03,7.257657657657657637e+02
2.541133678436279297e+03,7.269069069069068973e+02
2.542664069652557373e+03,7.271921921921922376e+02
2.544333085298538208e+03,7.260510510510509903e+02
2.546023789405822754e+03,7.260510510510509903e+02
2.547765982866287231e+03,7.266216216216216708e+02
2.549322089910507202e+03,7.274774774774774642e+02
2.550987653493881226e+03,7.271921921921922376e+02
2.552507515907287598e+03,7.271921921921922376e+02
2.554052622318267822e+03,7.269069069069068973e+02
2.555568086624145508e+03,7.263363363363363305e+02
2.557116499900817871e+03,7.269069069069068973e+02
2.558677223920822144e+03,7.263363363363363305e+02
2.560257337570190430e+03,7.254804804804805372e+02
2.561952146291732788e+03,7.260510510510509903e+02
2.563727622270584106e+03,7.263363363363363305e+02
2.565266500711441040e+03,7.260510510510509903e+02
2.566798341035842896e+03,7.263363363363363305e+02
2.568523382663726807e+03,7.266216216216216708e+02
2.570213652849197388e+03,7.271921921921922376e+02
2.571917424917221069e+03,7.279279279279279535e+02
2.573696490526199341e+03,7.287837837837837469e+02
2.575412091016769409e+03,7.284984984984985203e+02
2.577182623147964478e+03,7.287837837837837469e+02
2.578936554670333862e+03,7.290690690690690872e+02
2.580550923347473145e+03,7.282132132132131801e+02
2.582270652770996094e+03,7.282132132132131801e+02
2.583839319705963135e+03,7.279279279279279535e+02
2.585412774562835693e+03,7.274774774774774642e+02
2.587112045526504517e+03,7.279279279279279535e+02
2.588864204406738281e+03,7.279279279279279535e+02
2.590609081268310547e+03,7.276426426426426133e+02
2.592213406085968018e+03,7.279279279279279535e+02
2.593959474086761475e+03,7.271921921921922376e+02
2.595547312736511230e+03,7.282132132132131801e+02
2.597319356679916382e+03,7.274774774774774642e+02
2.598896431446075439e+03,7.269069069069068973e+02
2.600614084482192993e+03,7.266216216216216708e+02
2.602378340482711792e+03,7.271921921921922376e+02
2.603936454057693481e+03,7.271921921921922376e+02
2.605506623506546021e+03,7.271921921921922376e+02
2.607265144348144531e+03,7.266216216216216708e+02
2.609022099971771240e+03,7.269069069069068973e+02
2.610661330461502075e+03,7.269069069069068973e+02
2.612409410238265991e+03,7.266216216216216708e+02
2.614026552438735962e+03,7.274774774774774642e+02
2.615780745267868042e+03,7.269069069069068973e+02
2.617368556737899780e+03,7.271921921921922376e+02
2.619196779966354370e+03,7.263363363363363305e+02
2.620964073181152344e+03,7.269069069069068973e+02
2.622592299461364746e+03,7.266216216216216708e+02
2.624327519178390503e+03,7.266216216216216708e+02
2.626093313455581665e+03,7.266216216216216708e+02
2.627911175966262817e+03,7.266216216216216708e+02
2.629529012918472290e+03,7.266216216216216708e+02
2.631346176385879517e+03,7.257657657657657637e+02
2.633028369903564453e+03,7.226276276276275894e+02
2.634827573299407959e+03,7.223423423423423628e+02
2.636672398805618286e+03,7.234834834834834965e+02
2.638447559356689453e+03,7.249099099099098567e+02
2.640262904167175293e+03,7.249099099099098567e+02
2.642063434123992920e+03,7.249099099099098567e+02
2.643912957429885864e+03,7.254804804804805372e+02
2.645506219625473022e+03,7.251951951951951969e+02
2.647283805131912231e+03,7.243393393393394035e+02
2.649121301412582397e+03,7.249099099099098567e+02
2.650796457052230835e+03,7.246246246246246301e+02
2.652661736965179443e+03,7.246246246246246301e+02
2.654486478567123413e+03,7.254804804804805372e+02
2.656326914310455322e+03,7.251951951951951969e+02
2.657977368116378784e+03,7.254804804804805372e+02
2.659675231695175171e+03,7.240540540540540633e+02
2.661336820602416992e+03,7.240540540540540633e+02
2.663246482849121094e+03,7.237687687687687230e+02
2.665041568756103516e+03,7.243393393393394035e+02
2.666893889904022217e+03,7.243393393393394035e+02
2.668577425956726074e+03,7.243393393393394035e+02
2.670433118820190430e+03,7.231981981981982699e+02
2.672141804218292236e+03,7.240540540540540633e+02
2.674015140533447266e+03,7.234834834834834965e+02
2.675873941421508789e+03,7.234834834834834965e+02
2.677713117837905884e+03,7.237687687687687230e+02
2.679526469469070435e+03,7.237687687687687230e+02
2.681212699890136719e+03,7.240540540540540633e+02
2.683055145740509033e+03,7.229129129129129296e+02
2.684906965017318726e+03,7.237687687687687230e+02
2.686723414182662964e+03,7.237687687687687230e+02
2.688563236474990845e+03,7.234834834834834965e+02
2.690383039236068726e+03,7.237687687687687230e+02
2.692076533794403076e+03,7.231981981981982699e+02
2.693733075380325317e+03,7.226276276276275894e+02
2.695565207242965698e+03,7.223423423423423628e+02
2.697392285108566284e+03,7.223423423423423628e+02
2.699269714355468750e+03,7.231981981981982699e+02
2.701099780559539795e+03,7.231981981981982699e+02
2.706249350786209106e+03,7.260510510510509903e+02
2.707824051141738892e+03,7.226276276276275894e+02
2.709434104442596436e+03,7.220570570570570226e+02
2.711043423652648926e+03,7.231981981981982699e+02
2.712632514715194702e+03,7.243393393393394035e+02
2.714048582315444946e+03,7.254804804804805372e+02
2.715533893823623657e+03,7.249099099099098567e+02
2.717031985282897949e+03,7.246246246246246301e+02
2.718552765607833862e+03,7.243393393393394035e+02
2.720241157054901123e+03,7.240540540540540633e+02
2.721629418134689331e+03,7.251951951951951969e+02
2.723166122436523438e+03,7.246246246246246301e+02
2.724857382774353027e+03,7.240540540540540633e+02
2.726292888164520264e+03,7.254804804804805372e+02
2.727975959539413452e+03,7.251951951951951969e+02
2.729607092142105103e+03,7.257657657657657637e+02
2.730983257532119751e+03,7.260510510510509903e+02
2.732670952081680298e+03,7.254804804804805372e+02
2.734069785356521606e+03,7.254804804804805372e+02
2.735602485656738281e+03,7.254804804804805372e+02
2.737276486635208130e+03,7.257657657657657637e+02
2.738734169006347656e+03,7.263363363363363305e+02
2.740199425935745239e+03,7.254804804804805372e+02
2.741877258300781250e+03,7.246246246246246301e+02
2.743467082977294922e+03,7.254804804804805372e+02
2.745044073820114136e+03,7.263363363363363305e+02
2.746694693326950073e+03,7.269069069069068973e+02
2.748286538362503052e+03,7.266216216216216708e+02
2.749891023159027100e+03,7.263363363363363305e+02
2.751517855167388916e+03,7.260510510510509903e+02
2.753153953075408936e+03,7.260510510510509903e+02
2.754739556312561035e+03,7.269069069069068973e+02
2.756437047004699707e+03,7.266216216216216708e+02
2.758046245098114014e+03,7.266216216216216708e+02
2.759621989488601685e+03,7.271921921921922376e+02
2.761065366268157959e+03,7.260510510510509903e+02
2.762779763221740723e+03,7.257657657657657637e+02
2.764453362226486206e+03,7.257657657657657637e+02
2.766041825532913208e+03,7.274774774774774642e+02
2.767467181205749512e+03,7.269069069069068973e+02
2.769175128221511841e+03,7.263363363363363305e+02
2.770825211763381958e+03,7.271921921921922376e+02
2.772246185302734375e+03,7.269069069069068973e+02
2.773783835172653198e+03,7.266216216216216708e+02
2.775498439788818359e+03,7.263363363363363305e+02
2.776966458559036255e+03,7.263363363363363305e+02
2.778457472801208496e+03,7.260510510510509903e+02
2.780118408203125000e+03,7.266216216216216708e+02
2.781770941019058228e+03,7.266216216216216708e+02
2.783387508392333984e+03,7.263363363363363305e+02
2.784971829414367676e+03,7.266216216216216708e+02
2.786641652584075928e+03,7.266216216216216708e+02
2.788077537298202515e+03,7.263363363363363305e+02
2.789604985475540161e+03,7.266216216216216708e+02
2.791295334100723267e+03,7.260510510510509903e+02
2.792754138231277466e+03,7.266216216216216708e+02
2.794505856752395630e+03,7.260510510510509903e+02
2.796157308340072632e+03,7.260510510510509903e+02
2.797603535413742065e+03,7.260510510510509903e+02
2.799156498908996582e+03,7.263363363363363305e+02
2.800819169521331787e+03,7.257657657657657637e+02
2.802268876314163208e+03,7.257657657657657637e+02
2.804011571168899536e+03,7.251951951951951969e+02
2.805643043041229248e+03,7.254804804804805372e+02
2.807290994882583618e+03,7.263363363363363305e+02
2.808937885522842407e+03,7.269069069069068973e+02
2.810576951026916504e+03,7.266216216216216708e+02
2.812241735219955444e+03,7.263363363363363305e+02
2.813892889738082886e+03,7.263363363363363305e+02
2.815517281055450439e+03,7.263363363363363305e+02
2.816946996688842773e+03,7.266216216216216708e+02
2.818629214048385620e+03,7.260510510510509903e+02
2.820253442764282227e+03,7.263363363363363305e+02
2.821717767477035522e+03,7.260510510510509903e+02
2.823490512847900391e+03,7.254804804804805372e+02
2.825110381364822388e+03,7.257657657657657637e+02
2.826736904382705688e+03,7.263363363363363305e+02
2.828383172512054443e+03,7.260510510510509903e+02
2.830039228677749634e+03,7.254804804804805372e+02
2.831725208044052124e+03,7.254804804804805372e+02
2.833410396099090576e+03,7.249099099099098567e+02
2.834883555173873901e+03,7.249099099099098567e+02
2.836575222492218018e+03,7.251951951951951969e+02
2.838208065986633301e+03,7.249099099099098567e+02
2.839676001548767090e+03,7.246246246246246301e+02
2.841376111030578613e+03,7.237687687687687230e+02
2.843056197881698608e+03,7.234834834834834965e+02
2.844723262548446655e+03,7.234834834834834965e+02
2.846356781244277954e+03,7.237687687687687230e+02
2.848005923271179199e+03,7.231981981981982699e+02
2.849462970495223999e+03,7.226276276276275894e+02
2.851010994672775269e+03,7.217717717717717960e+02
2.852683554172515869e+03,7.206306306306306624e+02
2.854367650985717773e+03,7.212012012012012292e+02
2.856021828651428223e+03,7.212012012012012292e+02
2.857672256469726562e+03,7.203453453453453221e+02
2.859164155006408691e+03,7.197747747747747553e+02
2.860845681667327881e+03,7.183483483483483951e+02
2.862534816026687622e+03,7.180630630630630549e+02
2.864207656145095825e+03,7.180630630630630549e+02
2.867759221553802490e+03,7.121921921921922376e+02
2.869423125505447388e+03,7.110510510510509903e+02
2.871101943731307983e+03,7.113363363363363305e+02
2.872809281826019287e+03,7.119069069069068973e+02
2.874524246931076050e+03,7.126426426426426133e+02
2.876261779546737671e+03,7.123573573573573867e+02
2.878006554841995239e+03,7.121921921921922376e+02
2.879572484970092773e+03,7.116216216216216708e+02
2.881118493556976318e+03,7.101951951951951969e+02
2.882626766204833984e+03,7.099099099099098567e+02
2.884327127218246460e+03,7.090540540540540633e+02
2.886042032241821289e+03,7.084834834834834965e+02
2.887726765155792236e+03,7.081981981981982699e+02
2.889292383193969727e+03,7.081981981981982699e+02
2.891023227930068970e+03,7.070570570570570226e+02
2.892731301307678223e+03,7.076276276276275894e+02
2.894286328315734863e+03,7.073423423423423628e+02
2.896057889938354492e+03,7.059159159159158889e+02
2.897613460063934326e+03,7.053453453453453221e+02
2.899143958568572998e+03,7.047747747747747553e+02
2.900876871109008789e+03,7.036336336336336217e+02
2.902645336866378784e+03,7.039189189189189619e+02
2.904341714620590210e+03,7.042042042042041885e+02
2.905857059478759766e+03,7.042042042042041885e+02
2.907577878713607788e+03,7.027777777777778283e+02
2.909118196010589600e+03,7.027777777777778283e+02
2.910880032062530518e+03,7.024924924924924881e+02
2.912612094640731812e+03,7.027777777777778283e+02
2.914336656808853149e+03,7.033483483483483951e+02
2.916086977005004883e+03,7.030630630630630549e+02
2.917885636568069458e+03,7.027777777777778283e+02
2.919679466247558594e+03,7.022072072072071478e+02
2.921441313505172729e+03,7.024924924924924881e+02
2.923023304224014282e+03,7.022072072072071478e+02
2.924772176027297974e+03,7.016366366366366947e+02
2.926482714653015137e+03,7.016366366366366947e+02
2.928081810474395752e+03,7.016366366366366947e+02
2.929809688091278076e+03,7.007807807807807876e+02
2.931579819917678833e+03,7.010660660660660142e+02
2.933364667892456055e+03,7.010660660660660142e+02
2.935098771572113037e+03,7.013513513513513544e+02
2.936871051311492920e+03,7.013513513513513544e+02
2.938426898717880249e+03,7.010660660660660142e+02
2.940161874294281006e+03,7.004954954954955610e+02
2.941757718563079834e+03,7.007807807807807876e+02
2.943554727077484131e+03,7.002102102102102208e+02
2.945328014135360718e+03,7.002102102102102208e+02
2.946929482698440552e+03,6.999249249249248805e+02
2.948518087863922119e+03,6.999249249249248805e+02
2.950122211694717407e+03,6.999249249249248805e+02
2.951916926145553589e+03,6.996396396396396540e+02
2.953702885627746582e+03,6.996396396396396540e+02
2.955509586811065674e+03,6.996396396396396540e+02
2.957090536117553711e+03,6.996396396396396540e+02
2.958862974882125854e+03,6.993543543543544274e+02
2.960457270145416260e+03,6.999249249249248805e+02
2.962057842493057251e+03,6.993543543543544274e+02
2.963661616086959839e+03,6.990690690690690872e+02
2.965456373214721680e+03,6.990690690690690872e+02
2.967263888120651245e+03,6.993543543543544274e+02
2.969013178586959839e+03,6.993543543543544274e+02
2.970649191379547119e+03,6.993543543543544274e+02
2.972415140151977539e+03,6.990690690690690872e+02
2.974066978931427002e+03,6.990690690690690872e+02
2.975917251110076904e+03,6.990690690690690872e+02
2.977782747745513916e+03,6.993543543543544274e+02
2.979598685026168823e+03,6.993543543543544274e+02
2.981446895599365234e+03,6.990690690690690872e+02
2.983245139837265015e+03,6.990690690690690872e+02
2.985040919780731201e+03,6.993543543543544274e+02
2.986869205713272095e+03,6.990690690690690872e+02
2.988679186582565308e+03,6.990690690690690872e+02
2.990473738908767700e+03,6.990690690690690872e+02
2.992379740476608276e+03,6.990690690690690872e+02
2.994222424268722534e+03,6.993543543543544274e+02
2.996104335784912109e+03,6.990690690690690872e+02
2.997801612854003906e+03,6.990690690690690872e+02
2.999622808456420898e+03,6.990690690690690872e+02
3.002129289627075195e+03,7.010660660660660142e+02
3.003968244075775146e+03,7.002102102102102208e+02
3.005811955451965332e+03,6.993543543543544274e+02
3.007643985748291016e+03,6.993543543543544274e+02
3.009416744470596313e+03,6.987837837837837469e+02
3.011282544136047363e+03,6.982132132132131801e+02
3.012916125535964966e+03,6.984984984984985203e+02
3.014587342739105225e+03,6.984984984984985203e+02
3.016260981798171997e+03,6.987837837837837469e+02
3.018047649621963501e+03,6.984984984984985203e+02
3.019728887081146240e+03,6.982132132132131801e+02
3.021542096614837646e+03,6.979279279279279535e+02
3.023389953851699829e+03,6.973573573573573867e+02
3.025313619375228882e+03,6.971921921921922376e+02
3.026948758363723755e+03,6.966216216216216708e+02
3.028866585493087769e+03,6.969069069069068973e+02
3.030742152452468872e+03,6.957657657657657637e+02
3.032595881223678589e+03,6.946246246246246301e+02
3.034455807685852051e+03,6.946246246246246301e+02
3.036352442979812622e+03,6.937687687687687230e+02
3.038232465505599976e+03,6.926276276276275894e+02
3.040095324039459229e+03,6.917717717717717960e+02
3.044758054494857788e+03,6.963363363363363305e+02
3.046377241373062134e+03,6.909159159159158889e+02
3.047938748598098755e+03,6.883483483483483951e+02
3.049311917781829834e+03,6.869219219219219212e+02
3.051016075372695923e+03,6.863513513513513544e+02
3.052627376317977905e+03,6.852102102102102208e+02
3.054217839479446411e+03,6.846396396396396540e+02
3.055611310243606567e+03,6.837837837837837469e+02
3.057302849769592285e+03,6.823573573573573867e+02
3.058733711719512939e+03,6.819069069069068973e+02
3.060236177682876587e+03,6.807657657657657637e+02
3.061755451440811157e+03,6.799099099099098567e+02
3.063436862945556641e+03,6.790540540540540633e+02
3.064860785961151123e+03,6.784834834834834965e+02
3.066536223649978638e+03,6.776276276276275894e+02
3.068125468969345093e+03,6.767717717717717960e+02
3.069687282800674438e+03,6.764864864864864558e+02
3.071246124267578125e+03,6.762012012012012292e+02
3.072853968143463135e+03,6.759159159159158889e+02
3.074467409610748291e+03,6.747747747747747553e+02
3.076067074537277222e+03,6.739189189189189619e+02
3.077663105249404907e+03,6.733483483483483951e+02
3.079072063207626343e+03,6.730630630630630549e+02
3.080596840381622314e+03,6.722072072072071478e+02
3.082095091104507446e+03,6.716366366366366947e+02
3.083632434606552124e+03,6.710660660660660142e+02
3.085272969722747803e+03,6.702102102102102208e+02
3.086698653221130371e+03,6.699249249249248805e+02
3.088417522907257080e+03,6.696396396396396540e+02
3.090042442798614502e+03,6.696396396396396540e+02
3.091482192993164062e+03,6.693543543543544274e+02
3.093002990722656250e+03,6.687837837837837469e+02
3.094676560401916504e+03,6.684984984984985203e+02
3.096073005437850952e+03,6.682132132132131801e+02
3.097753548145294189e+03,6.682132132132131801e+02
3.099346256732940674e+03,6.679279279279279535e+02
3.100956384420394897e+03,6.682132132132131801e+02
3.102538424253463745e+03,6.684984984984985203e+02
3.104140822172164917e+03,6.682132132132131801e+02
3.105765837430953979e+03,6.679279279279279535e+02
3.107414587736129761e+03,6.679279279279279535e+02
3.108864970207214355e+03,6.679279279279279535e+02
3.110537288188934326e+03,6.671921921921922376e+02
3.111955505132675171e+03,6.673573573573573867e+02
3.113647243022918701e+03,6.669069069069068973e+02
3.115241816043853760e+03,6.669069069069068973e+02
3.116926415443420410e+03,6.671921921921922376e+02
3.118632299184799194e+03,6.673573573573573867e+02
3.120222493648529053e+03,6.673573573573573867e+02
3.121886846780776978e+03,6.671921921921922376e+02
3.123581381082534790e+03,6.673573573573573867e+02
3.125236384630203247e+03,6.671921921921922376e+02
3.126823068380355835e+03,6.671921921921922376e+02
3.128471910715103149e+03,6.671921921921922376e+02
3.129923496484756470e+03,6.669069069069068973e+02
3.131578339338302612e+03,6.663363363363363305e+02
3.133241128444671631e+03,6.663363363363363305e+02
3.134825339078903198e+03,6.666216216216216708e+02
3.136276753425598145e+03,6.666216216216216708e+02
3.137779345512390137e+03,6.660510510510509903e+02
3.139294043064117432e+03,6.657657657657657637e+02
3.140823945522308350e+03,6.660510510510509903e+02
3.142556448459625244e+03,6.657657657657657637e+02
3.144142691612243652e+03,6.660510510510509903e+02
3.145578389644622803e+03,6.660510510510509903e+02
3.147273027181625366e+03,6.660510510510509903e+02
3.148890906572341919e+03,6.657657657657657637e+02
3.150503498554229736e+03,6.660510510510509903e+02
3.152142876386642456e+03,6.660510510510509903e+02
3.153791640758514404e+03,6.663363363363363305e+02
3.155459901809692383e+03,6.660510510510509903e+02
3.157157882452011108e+03,6.660510510510509903e+02
3.158838206052780151e+03,6.660510510510509903e+02
3.160351925373077393e+03,6.660510510510509903e+02
3.161857527017593384e+03,6.657657657657657637e+02
3.163572538852691650e+03,6.657657657657657637e+02
3.165068886280059814e+03,6.657657657657657637e+02
3.166776703119277954e+03,6.657657657657657637e+02
3.168470847368240356e+03,6.657657657657657637e+02
3.170108305931091309e+03,6.657657657657657637e+02
3.171771813869476318e+03,6.657657657657657637e+02
3.173316883325576782e+03,6.657657657657657637e+02
3.175042282104492188e+03,6.657657657657657637e+02
3.176502065181732178e+03,6.657657657657657637e+02
3.178191246986389160e+03,6.657657657657657637e+02
3.179841437578201294e+03,6.657657657657657637e+02
3.181458284139633179e+03,6.660510510510509903e+02
3.183073805332183838e+03,6.657657657657657637e+02
3.184801620006561279e+03,6.657657657657657637e+02
3.186431615591049194e+03,6.657657657657657637e+02
3.188085710048675537e+03,6.654804804804805372e+02
3.189817112207412720e+03,6.654804804804805372e+02
3.191300850152969360e+03,6.660510510510509903e+02
3.193012104988098145e+03,6.654804804804805372e+02
3.194687259912490845e+03,6.654804804804805372e+02
3.196170800209045410e+03,6.654804804804805372e+02
3.197864294767379761e+03,6.654804804804805372e+02
3.199562215328216553e+03,6.654804804804805372e+02
3.201072402000427246e+03,6.651951951951951969e+02
3.202605567932128906e+03,6.654804804804805372e+02
3.206118540048599243e+03,6.693543543543544274e+02
3.207838632822036743e+03,6.669069069069068973e+02
3.209535722970962524e+03,6.660510510510509903e+02
3.211202102184295654e+03,6.651951951951951969e+02
3.212881436347961426e+03,6.651951951951951969e+02
3.214581390619277954e+03,6.654804804804805372e+02
3.216239579916000366e+03,6.654804804804805372e+02
3.217756390810012817e+03,6.651951951951951969e+02
3.219418363571166992e+03,6.654804804804805372e+02
3.221090929746627808e+03,6.651951951951951969e+02
3.222602675914764404e+03,6.654804804804805372e+02
3.224271294593811035e+03,6.651951951951951969e+02
3.225800105094909668e+03,6.654804804804805372e+02
3.227510090351104736e+03,6.651951951951951969e+02
3.229009915113449097e+03,6.654804804804805372e+02
3.230604213476181030e+03,6.651951951951951969e+02
3.232302633762359619e+03,6.654804804804805372e+02
3.234040128946304321e+03,6.651951951951951969e+02
3.235749130964279175e+03,6.651951951951951969e+02
3.237448709726333618e+03,6.651951951951951969e+02
3.239202318191528320e+03,6.651951951951951969e+02
3.240770230770111084e+03,6.651951951951951969e+02
3.242492311954498291e+03,6.651951951951951969e+02
3.244022234916687012e+03,6.649099099099098567e+02
3.245759724140167236e+03,6.651951951951951969e+02
3.247466986179351807e+03,6.651951951951951969e+02
3.249189317464828491e+03,6.651951951951951969e+02
3.250920960664749146e+03,6.651951951951951969e+02
3.252753429889678955e+03,6.651951951951951969e+02
3.254277065515518188e+03,6.654804804804805372e+02
3.256062441587448120e+03,6.651951951951951969e+02
3.257780154228210449e+03,6.649099099099098567e+02
3.259475185155868530e+03,6.651951951951951969e+02
3.261247118234634399e+03,6.651951951951951969e+02
3.263001843690872192e+03,6.651951951951951969e+02
3.264571711063385010e+03,6.651951951951951969e+02
3.266122519731521606e+03,6.649099099099098567e+02
3.267696963310241699e+03,6.649099099099098567e+02
3.269412762641906738e+03,6.649099099099098567e+02
3.271152415752410889e+03,6.649099099099098567e+02
3.272957266330718994e+03,6.649099099099098567e+02
3.274733706951141357e+03,6.651951951951951969e+02
3.276452193498611450e+03,6.651951951951951969e+02
3.278207984685897827e+03,6.649099099099098567e+02
3.280030851364135742e+03,6.649099099099098567e+02
3.281612066745758057e+03,6.651951951951951969e+02
3.283361982583999634e+03,6.649099099099098567e+02
3.285097188711166382e+03,6.646246246246246301e+02
3.286694963216781616e+03,6.646246246246246301e+02
3.288460173845291138e+03,6.649099099099098567e+02
3.290261805772781372e+03,6.651951951951951969e+02
3.291988305330276489e+03,6.646246246246246301e+02
3.293769424676895142e+03,6.646246246246246301e+02
3.295548063755035400e+03,6.646246246246246301e+02
3.297344304800033569e+03,6.646246246246246301e+02
3.299096401691436768e+03,6.649099099099098567e+02
3.300906508684158325e+03,6.649099099099098567e+02
3.303492308855056763e+03,6.657657657657657637e+02
3.305174419879913330e+03,6.646246246246246301e+02
3.306981451272964478e+03,6.649099099099098567e+02
3.308806014776229858e+03,6.649099099099098567e+02
3.310463348150253296e+03,6.649099099099098567e+02
3.312086289882659912e+03,6.649099099099098567e+02
3.313841722965240479e+03,6.649099099099098567e+02
3.315678058862686157e+03,6.649099099099098567e+02
3.317489923954010010e+03,6.649099099099098567e+02
3.319291778326034546e+03,6.651951951951951969e+02
3.320895415782928467e+03,6.651951951951951969e+02
3.322541399002075195e+03,6.649099099099098567e+02
3.324181636810302734e+03,6.646246246246246301e+02
3.325976776599884033e+03,6.651951951951951969e+02
3.327606003284454346e+03,6.649099099099098567e+02
3.329261416196823120e+03,6.649099099099098567e+02
3.330949193239212036e+03,6.649099099099098567e+02
3.332805308341979980e+03,6.649099099099098567e+02
