2.953100000000000000e+04
3.895500000000000000e+04
9.948800000000000000e+04
1.425960000000000000e+05
1.115700000000000000e+05
6.671900000000000000e+04
5.318800000000000000e+04
4.292200000000000000e+04
2.678700000000000000e+04
2.021400000000000000e+04
1.793100000000000000e+04
1.444000000000000000e+04
2.025800000000000000e+04
4.674300000000000000e+04
8.609200000000000000e+04
1.158870000000000000e+05
1.112890000000000000e+05
7.112500000000000000e+04
3.330100000000000000e+04
2.011300000000000000e+04
1.439400000000000000e+04
1.277800000000000000e+04
2.124400000000000000e+04
5.428600000000000000e+04
1.112100000000000000e+05
1.282630000000000000e+05
8.903900000000000000e+04
4.932700000000000000e+04
3.132400000000000000e+04
2.019400000000000000e+04
2.070900000000000000e+04
2.315700000000000000e+04
3.339100000000000000e+04
7.288800000000000000e+04
1.246840000000000000e+05
1.566930000000000000e+05
1.331990000000000000e+05
7.424800000000000000e+04
5.530500000000000000e+04
5.460300000000000000e+04
3.539400000000000000e+04
6.037300000000000000e+04
9.424900000000000000e+04
6.170500000000000000e+04
3.939700000000000000e+04
5.501600000000000000e+04
4.027900000000000000e+04
3.150100000000000000e+04
4.398300000000000000e+04
3.371300000000000000e+04
4.168300000000000000e+04
7.736200000000000000e+04
6.780400000000000000e+04
3.712400000000000000e+04
4.486800000000000000e+04
4.720900000000000000e+04
2.942400000000000000e+04
3.272700000000000000e+04
3.559400000000000000e+04
3.104500000000000000e+04
5.566300000000000000e+04
7.676100000000000000e+04
6.332100000000000000e+04
5.775800000000000000e+04
5.851300000000000000e+04
4.267500000000000000e+04
3.294000000000000000e+04
3.172300000000000000e+04
2.368200000000000000e+04
2.835800000000000000e+04
4.258700000000000000e+04
4.139300000000000000e+04
5.042800000000000000e+04
7.692300000000000000e+04
6.851800000000000000e+04
3.972400000000000000e+04
3.789600000000000000e+04
3.297800000000000000e+04
2.173600000000000000e+04
3.303800000000000000e+04
3.552500000000000000e+04
2.947800000000000000e+04
5.587000000000000000e+04
7.784000000000000000e+04
5.475700000000000000e+04
3.116200000000000000e+04
3.076200000000000000e+04
2.370900000000000000e+04
1.827700000000000000e+04
2.350500000000000000e+04
2.170800000000000000e+04
4.464300000000000000e+04
8.022900000000000000e+04
6.665200000000000000e+04
3.871400000000000000e+04
3.385200000000000000e+04
2.428900000000000000e+04
3.528700000000000000e+04
7.176100000000000000e+04
8.155300000000000000e+04
7.256700000000000000e+04
6.449400000000000000e+04
4.822800000000000000e+04
2.901200000000000000e+04
1.448000000000000000e+04
1.458600000000000000e+04
2.448100000000000000e+04
3.809500000000000000e+04
6.572400000000000000e+04
8.521300000000000000e+04
7.833100000000000000e+04
6.098800000000000000e+04
3.993600000000000000e+04
1.988600000000000000e+04
1.928400000000000000e+04
2.412200000000000000e+04
2.459800000000000000e+04
3.975500000000000000e+04
6.259100000000000000e+04
6.179600000000000000e+04
4.478000000000000000e+04
3.642200000000000000e+04
2.733700000000000000e+04
1.604600000000000000e+04
1.897600000000000000e+04
2.284500000000000000e+04
2.426600000000000000e+04
4.084500000000000000e+04
4.996300000000000000e+04
3.294200000000000000e+04
2.458800000000000000e+04
2.862400000000000000e+04
2.155600000000000000e+04
1.904800000000000000e+04
2.598400000000000000e+04
2.034800000000000000e+04
2.004500000000000000e+04
3.192900000000000000e+04
2.789500000000000000e+04
2.950600000000000000e+04
5.043000000000000000e+04
4.789100000000000000e+04
2.671800000000000000e+04
2.395000000000000000e+04
2.683900000000000000e+04
1.949100000000000000e+04
3.062400000000000000e+04
4.409400000000000000e+04
2.990000000000000000e+04
3.564600000000000000e+04
5.650600000000000000e+04
4.042900000000000000e+04
2.102000000000000000e+04
2.170100000000000000e+04
1.681200000000000000e+04
1.418600000000000000e+04
2.023500000000000000e+04
1.828100000000000000e+04
1.678900000000000000e+04
3.096900000000000000e+04
3.916500000000000000e+04
2.536000000000000000e+04
1.967300000000000000e+04
2.530200000000000000e+04
2.193300000000000000e+04
3.149900000000000000e+04
5.111400000000000000e+04
4.853300000000000000e+04
3.280100000000000000e+04
2.400500000000000000e+04
1.576800000000000000e+04
1.283800000000000000e+04
1.862800000000000000e+04
1.864200000000000000e+04
2.120700000000000000e+04
3.660900000000000000e+04
4.555100000000000000e+04
4.060000000000000000e+04
3.050000000000000000e+04
1.972300000000000000e+04
1.243500000000000000e+04
1.223500000000000000e+04
1.284900000000000000e+04
1.295400000000000000e+04
2.101500000000000000e+04
2.736600000000000000e+04
2.576500000000000000e+04
2.233500000000000000e+04
1.629000000000000000e+04
1.001700000000000000e+04
8.430000000000000000e+03
7.779000000000000000e+03
8.509000000000000000e+03
1.070800000000000000e+04
1.760500000000000000e+04
2.620800000000000000e+04
2.651600000000000000e+04
1.953300000000000000e+04
1.356000000000000000e+04
9.606000000000000000e+03
7.700000000000000000e+03
7.877000000000000000e+03
8.254000000000000000e+03
9.274000000000000000e+03
1.060600000000000000e+04
1.054300000000000000e+04
1.015800000000000000e+04
1.175500000000000000e+04
1.078400000000000000e+04
8.714000000000000000e+03
8.981000000000000000e+03
9.066000000000000000e+03
8.642000000000000000e+03
1.072600000000000000e+04
1.260200000000000000e+04
1.248900000000000000e+04
1.470200000000000000e+04
1.559000000000000000e+04
1.132800000000000000e+04
1.030600000000000000e+04
1.223900000000000000e+04
1.063800000000000000e+04
9.875000000000000000e+03
1.175200000000000000e+04
1.121300000000000000e+04
1.108200000000000000e+04
1.691900000000000000e+04
2.010900000000000000e+04
1.295000000000000000e+04
1.272000000000000000e+04
1.614700000000000000e+04
1.554400000000000000e+04
2.386200000000000000e+04
2.764900000000000000e+04
2.040600000000000000e+04
1.772500000000000000e+04
1.803100000000000000e+04
1.394000000000000000e+04
1.146000000000000000e+04
1.626800000000000000e+04
1.874800000000000000e+04
2.367900000000000000e+04
3.932300000000000000e+04
4.185100000000000000e+04
3.112200000000000000e+04
2.287600000000000000e+04
1.798100000000000000e+04
1.298400000000000000e+04
1.106400000000000000e+04
1.537900000000000000e+04
1.611700000000000000e+04
2.455900000000000000e+04
4.140400000000000000e+04
3.672200000000000000e+04
2.512500000000000000e+04
2.118600000000000000e+04
1.512600000000000000e+04
1.125900000000000000e+04
1.390900000000000000e+04
1.612100000000000000e+04
1.950300000000000000e+04
3.964700000000000000e+04
4.602800000000000000e+04
3.449500000000000000e+04
3.386800000000000000e+04
2.831600000000000000e+04
1.709300000000000000e+04
1.481800000000000000e+04
1.503300000000000000e+04
1.357500000000000000e+04
1.633800000000000000e+04
2.606200000000000000e+04
2.573300000000000000e+04
2.932000000000000000e+04
4.493000000000000000e+04
3.670900000000000000e+04
2.345100000000000000e+04
2.104000000000000000e+04
1.969000000000000000e+04
1.500200000000000000e+04
1.674300000000000000e+04
2.353200000000000000e+04
2.409600000000000000e+04
4.946900000000000000e+04
5.797800000000000000e+04
3.432600000000000000e+04
2.264000000000000000e+04
1.461500000000000000e+04
1.773300000000000000e+04
2.600200000000000000e+04
3.541800000000000000e+04
5.022700000000000000e+04
5.305300000000000000e+04
3.630500000000000000e+04
1.938900000000000000e+04
1.225900000000000000e+04
1.031300000000000000e+04
1.402600000000000000e+04
2.476600000000000000e+04
4.303400000000000000e+04
7.197800000000000000e+04
8.978000000000000000e+04
6.516100000000000000e+04
3.057500000000000000e+04
1.362600000000000000e+04
1.068300000000000000e+04
1.170000000000000000e+04
1.350100000000000000e+04
2.195000000000000000e+04
4.655200000000000000e+04
6.400800000000000000e+04
5.824300000000000000e+04
4.276800000000000000e+04
2.399000000000000000e+04
1.492200000000000000e+04
1.439300000000000000e+04
1.520700000000000000e+04
1.753000000000000000e+04
3.262800000000000000e+04
5.425400000000000000e+04
5.804500000000000000e+04
4.791900000000000000e+04
3.518100000000000000e+04
1.974100000000000000e+04
1.340400000000000000e+04
1.729800000000000000e+04
1.780600000000000000e+04
1.969500000000000000e+04
4.025000000000000000e+04
5.223700000000000000e+04
4.166100000000000000e+04
3.727200000000000000e+04
3.005200000000000000e+04
1.594400000000000000e+04
1.487500000000000000e+04
1.672200000000000000e+04
1.575500000000000000e+04
2.450600000000000000e+04
3.736900000000000000e+04
3.461600000000000000e+04
2.938100000000000000e+04
3.470700000000000000e+04
2.974100000000000000e+04
1.672800000000000000e+04
1.641100000000000000e+04
1.899200000000000000e+04
1.933700000000000000e+04
3.439900000000000000e+04
4.723200000000000000e+04
3.794900000000000000e+04
3.433100000000000000e+04
3.610500000000000000e+04
2.252500000000000000e+04
1.848400000000000000e+04
2.355800000000000000e+04
2.097100000000000000e+04
2.727600000000000000e+04
5.488800000000000000e+04
7.382300000000000000e+04
6.546300000000000000e+04
4.547300000000000000e+04
2.296000000000000000e+04
1.601600000000000000e+04
2.046100000000000000e+04
1.740500000000000000e+04
2.160400000000000000e+04
4.184800000000000000e+04
6.583100000000000000e+04
8.652200000000000000e+04
8.448600000000000000e+04
4.767900000000000000e+04
1.767500000000000000e+04
1.501700000000000000e+04
1.441400000000000000e+04
1.370500000000000000e+04
2.317300000000000000e+04
4.888600000000000000e+04
8.278000000000000000e+04
9.835100000000000000e+04
8.282000000000000000e+04
4.383100000000000000e+04
1.855900000000000000e+04
1.802100000000000000e+04
1.433000000000000000e+04
2.170200000000000000e+04
3.379000000000000000e+04
6.189700000000000000e+04
7.179600000000000000e+04
3.919200000000000000e+04
2.350100000000000000e+04
2.243800000000000000e+04
2.018500000000000000e+04
1.853100000000000000e+04
2.565700000000000000e+04
3.195400000000000000e+04
3.974700000000000000e+04
4.479800000000000000e+04
3.513800000000000000e+04
3.089500000000000000e+04
3.189100000000000000e+04
2.216500000000000000e+04
2.036700000000000000e+04
3.094900000000000000e+04
2.475500000000000000e+04
3.317100000000000000e+04
5.443000000000000000e+04
4.775400000000000000e+04
4.076300000000000000e+04
4.199600000000000000e+04
2.856200000000000000e+04
1.481200000000000000e+04
1.716700000000000000e+04
1.928000000000000000e+04
1.696900000000000000e+04
2.952600000000000000e+04
3.959500000000000000e+04
3.081500000000000000e+04
3.093000000000000000e+04
3.813100000000000000e+04
2.609600000000000000e+04
1.897800000000000000e+04
2.281600000000000000e+04
2.216600000000000000e+04
4.268000000000000000e+04
6.857600000000000000e+04
9.019100000000000000e+04
1.138920000000000000e+05
9.752700000000000000e+04
4.943900000000000000e+04
2.256700000000000000e+04
1.810100000000000000e+04
1.478000000000000000e+04
2.527100000000000000e+04
4.541500000000000000e+04
7.398900000000000000e+04
1.255830000000000000e+05
1.491020000000000000e+05
9.716400000000000000e+04
3.597700000000000000e+04
2.559400000000000000e+04
2.150200000000000000e+04
1.763600000000000000e+04
3.317500000000000000e+04
4.825000000000000000e+04
7.826800000000000000e+04
1.221090000000000000e+05
1.113890000000000000e+05
5.468300000000000000e+04
2.515400000000000000e+04
2.755500000000000000e+04
2.240000000000000000e+04
2.646500000000000000e+04
4.425700000000000000e+04
6.242900000000000000e+04
9.731300000000000000e+04
1.093530000000000000e+05
7.088500000000000000e+04
2.934000000000000000e+04
2.128200000000000000e+04
2.528300000000000000e+04
2.172400000000000000e+04
3.202800000000000000e+04
5.754900000000000000e+04
8.415800000000000000e+04
1.027570000000000000e+05
8.421400000000000000e+04
4.076700000000000000e+04
1.815200000000000000e+04
1.990100000000000000e+04
1.996400000000000000e+04
1.690500000000000000e+04
2.562200000000000000e+04
4.197600000000000000e+04
5.835400000000000000e+04
6.901400000000000000e+04
6.421200000000000000e+04
3.590800000000000000e+04
1.621000000000000000e+04
1.586800000000000000e+04
1.309500000000000000e+04
1.121000000000000000e+04
1.932200000000000000e+04
4.089400000000000000e+04
5.567200000000000000e+04
4.685200000000000000e+04
3.557600000000000000e+04
3.021900000000000000e+04
1.959000000000000000e+04
1.813800000000000000e+04
2.779700000000000000e+04
3.983300000000000000e+04
7.730800000000000000e+04
1.226290000000000000e+05
1.329840000000000000e+05
1.026400000000000000e+05
5.055400000000000000e+04
2.816800000000000000e+04
2.787400000000000000e+04
1.844800000000000000e+04
2.270000000000000000e+04
4.005100000000000000e+04
5.856500000000000000e+04
8.910300000000000000e+04
9.765500000000000000e+04
6.076400000000000000e+04
2.730300000000000000e+04
2.629100000000000000e+04
2.777600000000000000e+04
2.173100000000000000e+04
2.984000000000000000e+04
5.025500000000000000e+04
6.942200000000000000e+04
8.493800000000000000e+04
7.114300000000000000e+04
3.448100000000000000e+04
1.905700000000000000e+04
2.207200000000000000e+04
2.105700000000000000e+04
2.138300000000000000e+04
3.777200000000000000e+04
5.912000000000000000e+04
6.163200000000000000e+04
5.465700000000000000e+04
4.018300000000000000e+04
2.051300000000000000e+04
1.302300000000000000e+04
1.583500000000000000e+04
1.769500000000000000e+04
1.853700000000000000e+04
3.201000000000000000e+04
4.508300000000000000e+04
4.487800000000000000e+04
4.701900000000000000e+04
3.560100000000000000e+04
1.718500000000000000e+04
1.491400000000000000e+04
1.757000000000000000e+04
1.622900000000000000e+04
2.019500000000000000e+04
3.181700000000000000e+04
3.528200000000000000e+04
3.144800000000000000e+04
3.650200000000000000e+04
3.115600000000000000e+04
1.940400000000000000e+04
1.982400000000000000e+04
2.263800000000000000e+04
2.240500000000000000e+04
4.712000000000000000e+04
8.774900000000000000e+04
1.109040000000000000e+05
1.149730000000000000e+05
6.606800000000000000e+04
2.839100000000000000e+04
2.422900000000000000e+04
1.695500000000000000e+04
1.233600000000000000e+04
1.848000000000000000e+04
3.696300000000000000e+04
7.021500000000000000e+04
1.095740000000000000e+05
9.819500000000000000e+04
4.172400000000000000e+04
2.460900000000000000e+04
2.462100000000000000e+04
1.425800000000000000e+04
1.399900000000000000e+04
2.386500000000000000e+04
4.206000000000000000e+04
7.717300000000000000e+04
9.945600000000000000e+04
6.536800000000000000e+04
2.501700000000000000e+04
1.933200000000000000e+04
1.652500000000000000e+04
1.315500000000000000e+04
1.588800000000000000e+04
2.647000000000000000e+04
4.692400000000000000e+04
4.405500000000000000e+04
2.936000000000000000e+04
3.057500000000000000e+04
2.921600000000000000e+04
1.838400000000000000e+04
1.959600000000000000e+04
2.752300000000000000e+04
3.092800000000000000e+04
4.457700000000000000e+04
4.983600000000000000e+04
4.160600000000000000e+04
4.574700000000000000e+04
4.032800000000000000e+04
2.189600000000000000e+04
2.571100000000000000e+04
2.313600000000000000e+04
2.349700000000000000e+04
3.618100000000000000e+04
3.985000000000000000e+04
3.967500000000000000e+04
3.736700000000000000e+04
3.441000000000000000e+04
2.299000000000000000e+04
1.947700000000000000e+04
2.775000000000000000e+04
2.157800000000000000e+04
2.622900000000000000e+04
3.702100000000000000e+04
3.429300000000000000e+04
3.197200000000000000e+04
3.153000000000000000e+04
2.642800000000000000e+04
1.707200000000000000e+04
1.987000000000000000e+04
2.661800000000000000e+04
2.223300000000000000e+04
4.166600000000000000e+04
6.321300000000000000e+04
6.806000000000000000e+04
7.496600000000000000e+04
5.038600000000000000e+04
2.121400000000000000e+04
2.148100000000000000e+04
2.063500000000000000e+04
1.767100000000000000e+04
2.437800000000000000e+04
4.103200000000000000e+04
5.673800000000000000e+04
6.601300000000000000e+04
6.164600000000000000e+04
3.345700000000000000e+04
1.625500000000000000e+04
1.884500000000000000e+04
1.597300000000000000e+04
1.651800000000000000e+04
2.782100000000000000e+04
4.751700000000000000e+04
6.113200000000000000e+04
6.257200000000000000e+04
5.183300000000000000e+04
2.803500000000000000e+04
1.917700000000000000e+04
2.007600000000000000e+04
1.620600000000000000e+04
2.112000000000000000e+04
3.474100000000000000e+04
4.669300000000000000e+04
4.537800000000000000e+04
5.001900000000000000e+04
4.883700000000000000e+04
2.541100000000000000e+04
2.379900000000000000e+04
2.230500000000000000e+04
1.610200000000000000e+04
1.927600000000000000e+04
2.086500000000000000e+04
2.307100000000000000e+04
3.426500000000000000e+04
5.244900000000000000e+04
4.591200000000000000e+04
2.471700000000000000e+04
2.408300000000000000e+04
1.800800000000000000e+04
1.299300000000000000e+04
1.525000000000000000e+04
1.316200000000000000e+04
1.801600000000000000e+04
3.624500000000000000e+04
5.091000000000000000e+04
3.786600000000000000e+04
2.539100000000000000e+04
2.241800000000000000e+04
2.172700000000000000e+04
3.212700000000000000e+04
3.947800000000000000e+04
6.273900000000000000e+04
5.215500000000000000e+04
2.486000000000000000e+04
1.738000000000000000e+04
2.058500000000000000e+04
2.255100000000000000e+04
2.732800000000000000e+04
4.052100000000000000e+04
4.264100000000000000e+04
6.963500000000000000e+04
7.116100000000000000e+04
5.618000000000000000e+04
5.226000000000000000e+04
3.127300000000000000e+04
2.639700000000000000e+04
2.620800000000000000e+04
2.150200000000000000e+04
2.962500000000000000e+04
3.811400000000000000e+04
5.775200000000000000e+04
5.494500000000000000e+04
4.683100000000000000e+04
4.260000000000000000e+04
2.603800000000000000e+04
2.518400000000000000e+04
2.340800000000000000e+04
2.348800000000000000e+04
3.602600000000000000e+04
4.747100000000000000e+04
5.633600000000000000e+04
4.487900000000000000e+04
3.670200000000000000e+04
2.802600000000000000e+04
1.904400000000000000e+04
2.460400000000000000e+04
2.020600000000000000e+04
2.417900000000000000e+04
2.908900000000000000e+04
3.225400000000000000e+04
3.056000000000000000e+04
3.012900000000000000e+04
3.814700000000000000e+04
2.919800000000000000e+04
2.009600000000000000e+04
2.021900000000000000e+04
1.420100000000000000e+04
1.737100000000000000e+04
2.078400000000000000e+04
2.669100000000000000e+04
3.883500000000000000e+04
5.333100000000000000e+04
5.025000000000000000e+04
3.165000000000000000e+04
2.338600000000000000e+04
2.196600000000000000e+04
1.916100000000000000e+04
2.537800000000000000e+04
2.431000000000000000e+04
2.433100000000000000e+04
3.082100000000000000e+04
3.985300000000000000e+04
3.600400000000000000e+04
2.180400000000000000e+04
2.480400000000000000e+04
2.344200000000000000e+04
3.182500000000000000e+04
4.529100000000000000e+04
4.404500000000000000e+04
3.801700000000000000e+04
2.590900000000000000e+04
1.548500000000000000e+04
1.145300000000000000e+04
1.385300000000000000e+04
2.405000000000000000e+04
3.047700000000000000e+04
4.947100000000000000e+04
7.086400000000000000e+04
7.318400000000000000e+04
6.121400000000000000e+04
3.732000000000000000e+04
1.805500000000000000e+04
1.343100000000000000e+04
1.786300000000000000e+04
2.137500000000000000e+04
2.951100000000000000e+04
4.449500000000000000e+04
5.655800000000000000e+04
5.087500000000000000e+04
3.177400000000000000e+04
1.613800000000000000e+04
1.056800000000000000e+04
1.109400000000000000e+04
1.133000000000000000e+04
1.528700000000000000e+04
1.877500000000000000e+04
3.863000000000000000e+04
6.189400000000000000e+04
4.151700000000000000e+04
1.612800000000000000e+04
1.127000000000000000e+04
1.686800000000000000e+04
1.807200000000000000e+04
2.269900000000000000e+04
3.402800000000000000e+04
3.415000000000000000e+04
4.121700000000000000e+04
2.904700000000000000e+04
2.681200000000000000e+04
3.428000000000000000e+04
3.014000000000000000e+04
2.055300000000000000e+04
2.542200000000000000e+04
2.295500000000000000e+04
3.092400000000000000e+04
4.129200000000000000e+04
4.118700000000000000e+04
3.490900000000000000e+04
2.662200000000000000e+04
2.257200000000000000e+04
1.822400000000000000e+04
1.711600000000000000e+04
2.148100000000000000e+04
2.155400000000000000e+04
3.575400000000000000e+04
4.321500000000000000e+04
4.258800000000000000e+04
3.605500000000000000e+04
2.402700000000000000e+04
2.187300000000000000e+04
2.037100000000000000e+04
2.146100000000000000e+04
3.099700000000000000e+04
3.627800000000000000e+04
7.024900000000000000e+04
7.568900000000000000e+04
6.879300000000000000e+04
5.732800000000000000e+04
3.529600000000000000e+04
1.810000000000000000e+04
1.491200000000000000e+04
1.747300000000000000e+04
2.653500000000000000e+04
4.876600000000000000e+04
7.728800000000000000e+04
8.437300000000000000e+04
6.956100000000000000e+04
4.512400000000000000e+04
2.485500000000000000e+04
1.444600000000000000e+04
1.382700000000000000e+04
1.741900000000000000e+04
3.112500000000000000e+04
4.891300000000000000e+04
6.479700000000000000e+04
5.824100000000000000e+04
3.995400000000000000e+04
2.407700000000000000e+04
1.554100000000000000e+04
1.382500000000000000e+04
1.622800000000000000e+04
2.110200000000000000e+04
3.743900000000000000e+04
5.518600000000000000e+04
6.263600000000000000e+04
4.310300000000000000e+04
2.075100000000000000e+04
1.227800000000000000e+04
1.166200000000000000e+04
1.354900000000000000e+04
1.508500000000000000e+04
2.115000000000000000e+04
3.402300000000000000e+04
4.037400000000000000e+04
4.344400000000000000e+04
4.397800000000000000e+04
3.432000000000000000e+04
2.581400000000000000e+04
1.970200000000000000e+04
2.175200000000000000e+04
2.492900000000000000e+04
3.391200000000000000e+04
5.354300000000000000e+04
5.355100000000000000e+04
4.861300000000000000e+04
3.086900000000000000e+04
1.701600000000000000e+04
1.739000000000000000e+04
1.805900000000000000e+04
1.488100000000000000e+04
1.691600000000000000e+04
1.490600000000000000e+04
2.380500000000000000e+04
4.475800000000000000e+04
3.510700000000000000e+04
1.545100000000000000e+04
1.380500000000000000e+04
2.203400000000000000e+04
2.142800000000000000e+04
3.392400000000000000e+04
4.699800000000000000e+04
6.853500000000000000e+04
8.986800000000000000e+04
6.297000000000000000e+04
3.946500000000000000e+04
3.126300000000000000e+04
2.117300000000000000e+04
1.830600000000000000e+04
2.497900000000000000e+04
3.401300000000000000e+04
5.018700000000000000e+04
7.359200000000000000e+04
7.656200000000000000e+04
5.037800000000000000e+04
3.001200000000000000e+04
2.447700000000000000e+04
1.821500000000000000e+04
1.847500000000000000e+04
2.251700000000000000e+04
3.299600000000000000e+04
5.816000000000000000e+04
8.022700000000000000e+04
6.998200000000000000e+04
3.856700000000000000e+04
2.160600000000000000e+04
1.767200000000000000e+04
1.413900000000000000e+04
1.835600000000000000e+04
2.403300000000000000e+04
3.852200000000000000e+04
5.414800000000000000e+04
5.581600000000000000e+04
3.599200000000000000e+04
2.187700000000000000e+04
1.783300000000000000e+04
1.847900000000000000e+04
1.527300000000000000e+04
2.282300000000000000e+04
3.280600000000000000e+04
4.956000000000000000e+04
5.552900000000000000e+04
4.480700000000000000e+04
3.192900000000000000e+04
2.102300000000000000e+04
2.124800000000000000e+04
2.048800000000000000e+04
2.020700000000000000e+04
3.127100000000000000e+04
4.284400000000000000e+04
6.483200000000000000e+04
5.842200000000000000e+04
4.497700000000000000e+04
3.270000000000000000e+04
2.205700000000000000e+04
3.160200000000000000e+04
2.457500000000000000e+04
3.759900000000000000e+04
4.907500000000000000e+04
7.252200000000000000e+04
9.273300000000000000e+04
6.852600000000000000e+04
4.070900000000000000e+04
2.774900000000000000e+04
2.774700000000000000e+04
1.620000000000000000e+04
1.974800000000000000e+04
2.880600000000000000e+04
4.460500000000000000e+04
6.365100000000000000e+04
6.871100000000000000e+04
5.411400000000000000e+04
3.558400000000000000e+04
3.357000000000000000e+04
2.499900000000000000e+04
2.031000000000000000e+04
3.065800000000000000e+04
3.938300000000000000e+04
6.104500000000000000e+04
7.808900000000000000e+04
8.234100000000000000e+04
5.170700000000000000e+04
2.645500000000000000e+04
2.611000000000000000e+04
1.953700000000000000e+04
1.530500000000000000e+04
1.722700000000000000e+04
1.295300000000000000e+04
1.263000000000000000e+04
2.122300000000000000e+04
4.634200000000000000e+04
4.791900000000000000e+04
2.430600000000000000e+04
2.080100000000000000e+04
2.356500000000000000e+04
2.475400000000000000e+04
4.138400000000000000e+04
5.120300000000000000e+04
7.119200000000000000e+04
6.771700000000000000e+04
3.527200000000000000e+04
1.895900000000000000e+04
2.320000000000000000e+04
2.196100000000000000e+04
2.159900000000000000e+04
3.217800000000000000e+04
3.811000000000000000e+04
5.591000000000000000e+04
6.723000000000000000e+04
5.278600000000000000e+04
2.572500000000000000e+04
1.760600000000000000e+04
2.473600000000000000e+04
2.158300000000000000e+04
2.928000000000000000e+04
3.884400000000000000e+04
4.834600000000000000e+04
6.770400000000000000e+04
6.361700000000000000e+04
4.100100000000000000e+04
1.998700000000000000e+04
2.402200000000000000e+04
3.245700000000000000e+04
2.459700000000000000e+04
3.893700000000000000e+04
4.766100000000000000e+04
6.675800000000000000e+04
7.615500000000000000e+04
5.691500000000000000e+04
4.100700000000000000e+04
3.955000000000000000e+04
3.294000000000000000e+04
2.145300000000000000e+04
3.067000000000000000e+04
3.779000000000000000e+04
5.605400000000000000e+04
7.433800000000000000e+04
7.240200000000000000e+04
5.002500000000000000e+04
3.616400000000000000e+04
3.855500000000000000e+04
2.591900000000000000e+04
1.937100000000000000e+04
2.473700000000000000e+04
3.230400000000000000e+04
5.294400000000000000e+04
6.168400000000000000e+04
4.764500000000000000e+04
2.828900000000000000e+04
2.531300000000000000e+04
2.744800000000000000e+04
1.792800000000000000e+04
2.190600000000000000e+04
2.935800000000000000e+04
4.369400000000000000e+04
6.337000000000000000e+04
6.531200000000000000e+04
4.373200000000000000e+04
2.387100000000000000e+04
2.365500000000000000e+04
2.623700000000000000e+04
1.798300000000000000e+04
2.502200000000000000e+04
3.094600000000000000e+04
4.288000000000000000e+04
5.531200000000000000e+04
4.577500000000000000e+04
2.740100000000000000e+04
1.672600000000000000e+04
1.959500000000000000e+04
2.041800000000000000e+04
1.593300000000000000e+04
2.435500000000000000e+04
2.816300000000000000e+04
4.319800000000000000e+04
4.806300000000000000e+04
3.461500000000000000e+04
2.367500000000000000e+04
1.559200000000000000e+04
1.746500000000000000e+04
1.555600000000000000e+04
1.129500000000000000e+04
1.176900000000000000e+04
1.545700000000000000e+04
2.349300000000000000e+04
4.603900000000000000e+04
4.277300000000000000e+04
2.061400000000000000e+04
1.544000000000000000e+04
2.103000000000000000e+04
2.746600000000000000e+04
2.809300000000000000e+04
4.380500000000000000e+04
4.885500000000000000e+04
6.232100000000000000e+04
4.987500000000000000e+04
3.115900000000000000e+04
3.470700000000000000e+04
3.107000000000000000e+04
2.007300000000000000e+04
2.720200000000000000e+04
3.027300000000000000e+04
3.841400000000000000e+04
4.683200000000000000e+04
5.093900000000000000e+04
4.160600000000000000e+04
2.949000000000000000e+04
2.857100000000000000e+04
2.206100000000000000e+04
2.101300000000000000e+04
3.081300000000000000e+04
3.290600000000000000e+04
4.548600000000000000e+04
5.378500000000000000e+04
4.724400000000000000e+04
2.994100000000000000e+04
1.904400000000000000e+04
1.957300000000000000e+04
1.585600000000000000e+04
1.793500000000000000e+04
2.527800000000000000e+04
2.951600000000000000e+04
4.235300000000000000e+04
4.074300000000000000e+04
2.934700000000000000e+04
1.757100000000000000e+04
1.392900000000000000e+04
1.538500000000000000e+04
1.351900000000000000e+04
1.946600000000000000e+04
2.539400000000000000e+04
3.237600000000000000e+04
4.423000000000000000e+04
3.606500000000000000e+04
2.638900000000000000e+04
1.736000000000000000e+04
1.599400000000000000e+04
1.539000000000000000e+04
1.361300000000000000e+04
2.162600000000000000e+04
2.614200000000000000e+04
3.444000000000000000e+04
3.769100000000000000e+04
2.515500000000000000e+04
2.007400000000000000e+04
1.745200000000000000e+04
1.922400000000000000e+04
1.495500000000000000e+04
1.607800000000000000e+04
2.192700000000000000e+04
2.444000000000000000e+04
3.260800000000000000e+04
3.076400000000000000e+04
2.870200000000000000e+04
2.899200000000000000e+04
2.430100000000000000e+04
3.063100000000000000e+04
2.017400000000000000e+04
2.338300000000000000e+04
3.014200000000000000e+04
3.538400000000000000e+04
4.628800000000000000e+04
3.212000000000000000e+04
1.937000000000000000e+04
1.461300000000000000e+04
1.956500000000000000e+04
1.796800000000000000e+04
1.514300000000000000e+04
2.150100000000000000e+04
2.520000000000000000e+04
3.411300000000000000e+04
3.603300000000000000e+04
2.708600000000000000e+04
2.220800000000000000e+04
1.731600000000000000e+04
1.934700000000000000e+04
1.856000000000000000e+04
1.172300000000000000e+04
1.154700000000000000e+04
1.445500000000000000e+04
2.042600000000000000e+04
3.781600000000000000e+04
3.459800000000000000e+04
2.068000000000000000e+04
1.661700000000000000e+04
1.747600000000000000e+04
1.968800000000000000e+04
1.496200000000000000e+04
1.752500000000000000e+04
1.691800000000000000e+04
2.070800000000000000e+04
2.064300000000000000e+04
3.023900000000000000e+04
3.151400000000000000e+04
3.537800000000000000e+04
2.307800000000000000e+04
1.892300000000000000e+04
1.916100000000000000e+04
1.901600000000000000e+04
2.421700000000000000e+04
2.078000000000000000e+04
2.656200000000000000e+04
2.684500000000000000e+04
2.750700000000000000e+04
2.956700000000000000e+04
1.792700000000000000e+04
1.722900000000000000e+04
1.732400000000000000e+04
2.000900000000000000e+04
2.175200000000000000e+04
2.091400000000000000e+04
2.728700000000000000e+04
2.229300000000000000e+04
2.771400000000000000e+04
2.537900000000000000e+04
1.920800000000000000e+04
2.818000000000000000e+04
2.923100000000000000e+04
3.684300000000000000e+04
3.556800000000000000e+04
2.128300000000000000e+04
1.576700000000000000e+04
1.882100000000000000e+04
1.710900000000000000e+04
1.215500000000000000e+04
1.702100000000000000e+04
2.201900000000000000e+04
2.888200000000000000e+04
3.194900000000000000e+04
2.695000000000000000e+04
2.060300000000000000e+04
1.867500000000000000e+04
2.164200000000000000e+04
1.975300000000000000e+04
1.681500000000000000e+04
2.443500000000000000e+04
2.619700000000000000e+04
3.472800000000000000e+04
3.573000000000000000e+04
2.523300000000000000e+04
1.730300000000000000e+04
1.490900000000000000e+04
1.816300000000000000e+04
1.379000000000000000e+04
1.743100000000000000e+04
2.218100000000000000e+04
2.233700000000000000e+04
2.760000000000000000e+04
1.976400000000000000e+04
1.496500000000000000e+04
1.321800000000000000e+04
1.692400000000000000e+04
1.736600000000000000e+04
1.233500000000000000e+04
1.763700000000000000e+04
1.953600000000000000e+04
2.323600000000000000e+04
2.516000000000000000e+04
1.989800000000000000e+04
2.408000000000000000e+04
2.161700000000000000e+04
2.212200000000000000e+04
1.612000000000000000e+04
1.354900000000000000e+04
1.755900000000000000e+04
1.752600000000000000e+04
2.261400000000000000e+04
1.935400000000000000e+04
2.143800000000000000e+04
2.552500000000000000e+04
2.486000000000000000e+04
2.457900000000000000e+04
1.529200000000000000e+04
1.022400000000000000e+04
1.024300000000000000e+04
1.321200000000000000e+04
2.185500000000000000e+04
3.484600000000000000e+04
2.414700000000000000e+04
1.492200000000000000e+04
1.293500000000000000e+04
1.665800000000000000e+04
1.926000000000000000e+04
2.116400000000000000e+04
2.612300000000000000e+04
2.544100000000000000e+04
2.630400000000000000e+04
1.803700000000000000e+04
1.433300000000000000e+04
1.904100000000000000e+04
1.802200000000000000e+04
1.427800000000000000e+04
2.194500000000000000e+04
2.181300000000000000e+04
2.654700000000000000e+04
3.098700000000000000e+04
2.237000000000000000e+04
1.343900000000000000e+04
1.108700000000000000e+04
1.507500000000000000e+04
1.513600000000000000e+04
1.514600000000000000e+04
2.416200000000000000e+04
2.526600000000000000e+04
3.398500000000000000e+04
3.361800000000000000e+04
2.150100000000000000e+04
1.501100000000000000e+04
1.391100000000000000e+04
1.690400000000000000e+04
1.367500000000000000e+04
1.677700000000000000e+04
2.255500000000000000e+04
2.188000000000000000e+04
2.694600000000000000e+04
2.121300000000000000e+04
1.930900000000000000e+04
1.972500000000000000e+04
2.339900000000000000e+04
2.357700000000000000e+04
1.597500000000000000e+04
2.082100000000000000e+04
2.320000000000000000e+04
2.864200000000000000e+04
2.752000000000000000e+04
1.751000000000000000e+04
1.555900000000000000e+04
1.534800000000000000e+04
2.278300000000000000e+04
1.875700000000000000e+04
1.561300000000000000e+04
2.184800000000000000e+04
2.075900000000000000e+04
2.441900000000000000e+04
1.945600000000000000e+04
1.980300000000000000e+04
2.071500000000000000e+04
2.411900000000000000e+04
2.924100000000000000e+04
1.888200000000000000e+04
2.652500000000000000e+04
2.886900000000000000e+04
3.113700000000000000e+04
3.319200000000000000e+04
2.303800000000000000e+04
1.708700000000000000e+04
2.045600000000000000e+04
2.021000000000000000e+04
1.353400000000000000e+04
1.834400000000000000e+04
2.328900000000000000e+04
2.681200000000000000e+04
2.931700000000000000e+04
2.714900000000000000e+04
2.403800000000000000e+04
2.234300000000000000e+04
2.201800000000000000e+04
1.675100000000000000e+04
1.324600000000000000e+04
1.809500000000000000e+04
2.140200000000000000e+04
2.773600000000000000e+04
3.320900000000000000e+04
3.256700000000000000e+04
2.502200000000000000e+04
1.729200000000000000e+04
1.399500000000000000e+04
1.120500000000000000e+04
8.773000000000000000e+03
8.662000000000000000e+03
8.686000000000000000e+03
1.054600000000000000e+04
1.966800000000000000e+04
2.952700000000000000e+04
2.302000000000000000e+04
1.337000000000000000e+04
1.257100000000000000e+04
1.731700000000000000e+04
1.607200000000000000e+04
2.291300000000000000e+04
2.643400000000000000e+04
2.577500000000000000e+04
2.218100000000000000e+04
1.279100000000000000e+04
1.096800000000000000e+04
1.774400000000000000e+04
2.024800000000000000e+04
1.657000000000000000e+04
2.397400000000000000e+04
2.310500000000000000e+04
2.741800000000000000e+04
2.587200000000000000e+04
1.652400000000000000e+04
1.459300000000000000e+04
1.470300000000000000e+04
2.066500000000000000e+04
1.716200000000000000e+04
1.585900000000000000e+04
2.155500000000000000e+04
1.833500000000000000e+04
2.183000000000000000e+04
1.745300000000000000e+04
1.547900000000000000e+04
1.761400000000000000e+04
2.314600000000000000e+04
2.706400000000000000e+04
1.819100000000000000e+04
2.276000000000000000e+04
2.597300000000000000e+04
2.969600000000000000e+04
3.296400000000000000e+04
2.385400000000000000e+04
1.607300000000000000e+04
1.614600000000000000e+04
1.737000000000000000e+04
1.432500000000000000e+04
1.710600000000000000e+04
2.258200000000000000e+04
2.301500000000000000e+04
2.548300000000000000e+04
2.292200000000000000e+04
1.619800000000000000e+04
1.456400000000000000e+04
1.690000000000000000e+04
1.671600000000000000e+04
1.452500000000000000e+04
2.249500000000000000e+04
2.503600000000000000e+04
2.626100000000000000e+04
2.746800000000000000e+04
1.898700000000000000e+04
1.206000000000000000e+04
1.052200000000000000e+04
1.298100000000000000e+04
1.265600000000000000e+04
1.352000000000000000e+04
2.166600000000000000e+04
2.464400000000000000e+04
2.811900000000000000e+04
2.680300000000000000e+04
1.743500000000000000e+04
1.334200000000000000e+04
1.520000000000000000e+04
1.873900000000000000e+04
1.408500000000000000e+04
1.874900000000000000e+04
2.130800000000000000e+04
2.139000000000000000e+04
2.427000000000000000e+04
1.630100000000000000e+04
1.271700000000000000e+04
1.275900000000000000e+04
1.709200000000000000e+04
1.781600000000000000e+04
1.303000000000000000e+04
1.823900000000000000e+04
1.916000000000000000e+04
2.128000000000000000e+04
2.179200000000000000e+04
1.563800000000000000e+04
1.677300000000000000e+04
1.792100000000000000e+04
1.885800000000000000e+04
1.437400000000000000e+04
1.064200000000000000e+04
9.150000000000000000e+03
1.018600000000000000e+04
1.387700000000000000e+04
2.158300000000000000e+04
2.287600000000000000e+04
1.402800000000000000e+04
1.010800000000000000e+04
1.344500000000000000e+04
1.577400000000000000e+04
1.513700000000000000e+04
2.001200000000000000e+04
2.095600000000000000e+04
1.953400000000000000e+04
1.709600000000000000e+04
1.424100000000000000e+04
1.645200000000000000e+04
1.862400000000000000e+04
1.362900000000000000e+04
1.616100000000000000e+04
1.926300000000000000e+04
1.801900000000000000e+04
2.059000000000000000e+04
1.742800000000000000e+04
1.448100000000000000e+04
1.504100000000000000e+04
1.755100000000000000e+04
1.541900000000000000e+04
1.112500000000000000e+04
1.529600000000000000e+04
1.650100000000000000e+04
1.580700000000000000e+04
1.679500000000000000e+04
1.248900000000000000e+04
9.626000000000000000e+03
1.169200000000000000e+04
1.522600000000000000e+04
1.253900000000000000e+04
1.222300000000000000e+04
1.566500000000000000e+04
1.495600000000000000e+04
1.528200000000000000e+04
1.344100000000000000e+04
1.024800000000000000e+04
1.139800000000000000e+04
1.649800000000000000e+04
1.878500000000000000e+04
1.328800000000000000e+04
1.326300000000000000e+04
1.303300000000000000e+04
1.451400000000000000e+04
1.704100000000000000e+04
1.337400000000000000e+04
1.013400000000000000e+04
1.152200000000000000e+04
1.391100000000000000e+04
1.204600000000000000e+04
1.067200000000000000e+04
1.258500000000000000e+04
1.225100000000000000e+04
1.299300000000000000e+04
1.401300000000000000e+04
1.040500000000000000e+04
1.122600000000000000e+04
1.550800000000000000e+04
1.877000000000000000e+04
1.348400000000000000e+04
1.325200000000000000e+04
1.596300000000000000e+04
1.416300000000000000e+04
1.696400000000000000e+04
1.618800000000000000e+04
1.318800000000000000e+04
1.476100000000000000e+04
1.842000000000000000e+04
1.593000000000000000e+04
1.118600000000000000e+04
1.225500000000000000e+04
1.159700000000000000e+04
1.307500000000000000e+04
1.381700000000000000e+04
1.055600000000000000e+04
9.812000000000000000e+03
1.222100000000000000e+04
1.319600000000000000e+04
1.105600000000000000e+04
1.029100000000000000e+04
1.200400000000000000e+04
1.222200000000000000e+04
1.354200000000000000e+04
1.637500000000000000e+04
1.335700000000000000e+04
1.593100000000000000e+04
1.811100000000000000e+04
1.445100000000000000e+04
1.545200000000000000e+04
1.207200000000000000e+04
1.320800000000000000e+04
1.368800000000000000e+04
1.302500000000000000e+04
1.411600000000000000e+04
1.077400000000000000e+04
8.480000000000000000e+03
8.851000000000000000e+03
1.000800000000000000e+04
9.634000000000000000e+03
9.018000000000000000e+03
1.005700000000000000e+04
1.076300000000000000e+04
1.184600000000000000e+04
1.233100000000000000e+04
1.566600000000000000e+04
1.973000000000000000e+04
2.000100000000000000e+04
1.467900000000000000e+04
1.158500000000000000e+04
9.893000000000000000e+03
1.001300000000000000e+04
1.237300000000000000e+04
1.266500000000000000e+04
1.594000000000000000e+04
2.082000000000000000e+04
2.040600000000000000e+04
1.487600000000000000e+04
1.129700000000000000e+04
1.020300000000000000e+04
8.520000000000000000e+03
9.319000000000000000e+03
9.793000000000000000e+03
1.125400000000000000e+04
1.625500000000000000e+04
2.059000000000000000e+04
2.047500000000000000e+04
1.446500000000000000e+04
1.095200000000000000e+04
1.272600000000000000e+04
1.398200000000000000e+04
1.816100000000000000e+04
2.116800000000000000e+04
2.000200000000000000e+04
1.708600000000000000e+04
1.361600000000000000e+04
1.038300000000000000e+04
8.987000000000000000e+03
9.608000000000000000e+03
1.039700000000000000e+04
1.161500000000000000e+04
1.434800000000000000e+04
1.502900000000000000e+04
1.428800000000000000e+04
1.416200000000000000e+04
1.226500000000000000e+04
9.587000000000000000e+03
9.290000000000000000e+03
9.748000000000000000e+03
9.251000000000000000e+03
1.206700000000000000e+04
1.382800000000000000e+04
1.433000000000000000e+04
1.719200000000000000e+04
1.653900000000000000e+04
1.188500000000000000e+04
9.958000000000000000e+03
1.013500000000000000e+04
9.263000000000000000e+03
8.981000000000000000e+03
1.120500000000000000e+04
1.159800000000000000e+04
9.850000000000000000e+03
1.226400000000000000e+04
1.202000000000000000e+04
9.659000000000000000e+03
1.000500000000000000e+04
9.371000000000000000e+03
7.787000000000000000e+03
8.037000000000000000e+03
9.123000000000000000e+03
9.002000000000000000e+03
1.072000000000000000e+04
1.363800000000000000e+04
1.322700000000000000e+04
9.850000000000000000e+03
9.735000000000000000e+03
1.107100000000000000e+04
1.033300000000000000e+04
1.408200000000000000e+04
1.673100000000000000e+04
1.477000000000000000e+04
1.519400000000000000e+04
1.391700000000000000e+04
1.154500000000000000e+04
1.189600000000000000e+04
1.031100000000000000e+04
1.071100000000000000e+04
1.189000000000000000e+04
1.275200000000000000e+04
1.264200000000000000e+04
1.007800000000000000e+04
9.175000000000000000e+03
1.243900000000000000e+04
1.520000000000000000e+04
1.216000000000000000e+04
1.102400000000000000e+04
1.312900000000000000e+04
1.408000000000000000e+04
1.582100000000000000e+04
1.709400000000000000e+04
1.587800000000000000e+04
1.377700000000000000e+04
1.131100000000000000e+04
9.666000000000000000e+03
1.093200000000000000e+04
1.092200000000000000e+04
1.125700000000000000e+04
1.478600000000000000e+04
1.458400000000000000e+04
1.317900000000000000e+04
1.262400000000000000e+04
1.030600000000000000e+04
8.614000000000000000e+03
9.947000000000000000e+03
1.097500000000000000e+04
1.133600000000000000e+04
1.264300000000000000e+04
1.554600000000000000e+04
1.810500000000000000e+04
1.838200000000000000e+04
1.509500000000000000e+04
1.019600000000000000e+04
8.920000000000000000e+03
9.186000000000000000e+03
8.029000000000000000e+03
8.031000000000000000e+03
8.855000000000000000e+03
8.698000000000000000e+03
9.090000000000000000e+03
1.095100000000000000e+04
1.061800000000000000e+04
8.733000000000000000e+03
8.083000000000000000e+03
8.907000000000000000e+03
8.981000000000000000e+03
9.491000000000000000e+03
1.207600000000000000e+04
1.150100000000000000e+04
1.023500000000000000e+04
1.214300000000000000e+04
1.117000000000000000e+04
8.721000000000000000e+03
9.812000000000000000e+03
9.870000000000000000e+03
9.123000000000000000e+03
1.170200000000000000e+04
1.361200000000000000e+04
1.399000000000000000e+04
1.635900000000000000e+04
1.550700000000000000e+04
1.040000000000000000e+04
1.031000000000000000e+04
1.044800000000000000e+04
9.185000000000000000e+03
1.132400000000000000e+04
1.296100000000000000e+04
1.557300000000000000e+04
2.238500000000000000e+04
2.502700000000000000e+04
1.746300000000000000e+04
1.099900000000000000e+04
1.082000000000000000e+04
1.014800000000000000e+04
9.393000000000000000e+03
1.290900000000000000e+04
1.618400000000000000e+04
1.807400000000000000e+04
1.850600000000000000e+04
1.429200000000000000e+04
1.026400000000000000e+04
9.700000000000000000e+03
9.767000000000000000e+03
9.560000000000000000e+03
1.152100000000000000e+04
1.413500000000000000e+04
1.610600000000000000e+04
1.598900000000000000e+04
1.222900000000000000e+04
8.958000000000000000e+03
7.825000000000000000e+03
7.653000000000000000e+03
7.122000000000000000e+03
7.106000000000000000e+03
7.652000000000000000e+03
8.889000000000000000e+03
1.165100000000000000e+04
1.530200000000000000e+04
1.768900000000000000e+04
1.582500000000000000e+04
1.083200000000000000e+04
8.159000000000000000e+03
8.699000000000000000e+03
9.149000000000000000e+03
1.046300000000000000e+04
1.388400000000000000e+04
1.408600000000000000e+04
1.094800000000000000e+04
8.696000000000000000e+03
8.233000000000000000e+03
8.775000000000000000e+03
9.467000000000000000e+03
1.066100000000000000e+04
1.497900000000000000e+04
2.141300000000000000e+04
2.540400000000000000e+04
2.388700000000000000e+04
1.808900000000000000e+04
1.136000000000000000e+04
9.270000000000000000e+03
9.435000000000000000e+03
8.175000000000000000e+03
8.608000000000000000e+03
1.008200000000000000e+04
1.083200000000000000e+04
1.200200000000000000e+04
1.471600000000000000e+04
1.447700000000000000e+04
1.046600000000000000e+04
8.564000000000000000e+03
9.097000000000000000e+03
8.747000000000000000e+03
9.659000000000000000e+03
1.465500000000000000e+04
1.576700000000000000e+04
1.266600000000000000e+04
1.124300000000000000e+04
9.744000000000000000e+03
8.437000000000000000e+03
9.625000000000000000e+03
1.011500000000000000e+04
1.008200000000000000e+04
1.353700000000000000e+04
1.855900000000000000e+04
2.605700000000000000e+04
3.051100000000000000e+04
2.345400000000000000e+04
1.447300000000000000e+04
1.321400000000000000e+04
1.131300000000000000e+04
8.442000000000000000e+03
9.370000000000000000e+03
1.049900000000000000e+04
1.205900000000000000e+04
1.694900000000000000e+04
1.884400000000000000e+04
1.390800000000000000e+04
1.043100000000000000e+04
1.085900000000000000e+04
1.018300000000000000e+04
1.005000000000000000e+04
1.261000000000000000e+04
1.470500000000000000e+04
1.625800000000000000e+04
1.597100000000000000e+04
1.245100000000000000e+04
9.185000000000000000e+03
8.892000000000000000e+03
9.102000000000000000e+03
9.169000000000000000e+03
1.097800000000000000e+04
1.298800000000000000e+04
1.422500000000000000e+04
1.480600000000000000e+04
1.364900000000000000e+04
1.053500000000000000e+04
8.065000000000000000e+03
8.143000000000000000e+03
8.652000000000000000e+03
8.358000000000000000e+03
8.708000000000000000e+03
1.004700000000000000e+04
1.027800000000000000e+04
9.437000000000000000e+03
9.730000000000000000e+03
9.410000000000000000e+03
8.333000000000000000e+03
8.586000000000000000e+03
8.314000000000000000e+03
7.518000000000000000e+03
8.128000000000000000e+03
8.621000000000000000e+03
8.237000000000000000e+03
9.088000000000000000e+03
1.133800000000000000e+04
1.179600000000000000e+04
9.018000000000000000e+03
7.737000000000000000e+03
7.967000000000000000e+03
8.334000000000000000e+03
9.591000000000000000e+03
1.144200000000000000e+04
1.374500000000000000e+04
1.464100000000000000e+04
1.177700000000000000e+04
9.363000000000000000e+03
8.977000000000000000e+03
8.206000000000000000e+03
8.223000000000000000e+03
1.012900000000000000e+04
1.212800000000000000e+04
1.404800000000000000e+04
1.479300000000000000e+04
1.302000000000000000e+04
1.108900000000000000e+04
1.045100000000000000e+04
9.620000000000000000e+03
8.560000000000000000e+03
1.058300000000000000e+04
1.238300000000000000e+04
1.484100000000000000e+04
2.172800000000000000e+04
2.506600000000000000e+04
1.910900000000000000e+04
1.407600000000000000e+04
1.348900000000000000e+04
1.032900000000000000e+04
1.059300000000000000e+04
1.472500000000000000e+04
1.552000000000000000e+04
1.581700000000000000e+04
1.822600000000000000e+04
1.564500000000000000e+04
1.100600000000000000e+04
1.048300000000000000e+04
9.981000000000000000e+03
9.357000000000000000e+03
1.167800000000000000e+04
1.463700000000000000e+04
1.533900000000000000e+04
1.580800000000000000e+04
1.468500000000000000e+04
1.110200000000000000e+04
8.516000000000000000e+03
8.176000000000000000e+03
7.912000000000000000e+03
7.812000000000000000e+03
8.680000000000000000e+03
9.492000000000000000e+03
9.903000000000000000e+03
1.118000000000000000e+04
1.236500000000000000e+04
1.136500000000000000e+04
8.763000000000000000e+03
8.835000000000000000e+03
1.038600000000000000e+04
1.131500000000000000e+04
1.529600000000000000e+04
2.212900000000000000e+04
2.431900000000000000e+04
1.805100000000000000e+04
1.146000000000000000e+04
9.870000000000000000e+03
9.820000000000000000e+03
8.507000000000000000e+03
8.405000000000000000e+03
1.076900000000000000e+04
1.223800000000000000e+04
1.329300000000000000e+04
1.634500000000000000e+04
1.770600000000000000e+04
1.472400000000000000e+04
1.105700000000000000e+04
1.133400000000000000e+04
1.117600000000000000e+04
9.850000000000000000e+03
1.094700000000000000e+04
1.227600000000000000e+04
1.131400000000000000e+04
9.506000000000000000e+03
8.478000000000000000e+03
8.325000000000000000e+03
8.205000000000000000e+03
7.408000000000000000e+03
7.219000000000000000e+03
7.568000000000000000e+03
7.587000000000000000e+03
8.071000000000000000e+03
9.189000000000000000e+03
9.459000000000000000e+03
8.901000000000000000e+03
7.800000000000000000e+03
7.053000000000000000e+03
7.139000000000000000e+03
7.852000000000000000e+03
8.108000000000000000e+03
8.586000000000000000e+03
1.109200000000000000e+04
1.489000000000000000e+04
1.530800000000000000e+04
1.157900000000000000e+04
8.954000000000000000e+03
8.974000000000000000e+03
8.902000000000000000e+03
8.307000000000000000e+03
9.495000000000000000e+03
1.160700000000000000e+04
1.233200000000000000e+04
1.088400000000000000e+04
8.894000000000000000e+03
7.496000000000000000e+03
7.310000000000000000e+03
7.347000000000000000e+03
7.056000000000000000e+03
7.000000000000000000e+03
7.346000000000000000e+03
8.057000000000000000e+03
9.650000000000000000e+03
1.164700000000000000e+04
1.175700000000000000e+04
9.484000000000000000e+03
8.852000000000000000e+03
1.066500000000000000e+04
1.120000000000000000e+04
1.160000000000000000e+04
1.597400000000000000e+04
2.267100000000000000e+04
2.185700000000000000e+04
1.464300000000000000e+04
1.008800000000000000e+04
9.354000000000000000e+03
8.750000000000000000e+03
7.857000000000000000e+03
8.630000000000000000e+03
1.109700000000000000e+04
1.264000000000000000e+04
1.281000000000000000e+04
1.168300000000000000e+04
9.463000000000000000e+03
7.899000000000000000e+03
8.811000000000000000e+03
9.890000000000000000e+03
1.016500000000000000e+04
1.165600000000000000e+04
1.632500000000000000e+04
2.068000000000000000e+04
1.919700000000000000e+04
1.258300000000000000e+04
8.676000000000000000e+03
8.264000000000000000e+03
7.977000000000000000e+03
7.417000000000000000e+03
8.242000000000000000e+03
1.027600000000000000e+04
1.128800000000000000e+04
1.118600000000000000e+04
1.063100000000000000e+04
9.467000000000000000e+03
7.995000000000000000e+03
8.601000000000000000e+03
1.036200000000000000e+04
1.060600000000000000e+04
1.104500000000000000e+04
1.504200000000000000e+04
1.801600000000000000e+04
1.531500000000000000e+04
9.968000000000000000e+03
7.730000000000000000e+03
8.259000000000000000e+03
8.805000000000000000e+03
9.446000000000000000e+03
1.022500000000000000e+04
1.107100000000000000e+04
1.303000000000000000e+04
1.482700000000000000e+04
1.388300000000000000e+04
1.129900000000000000e+04
9.220000000000000000e+03
7.893000000000000000e+03
6.952000000000000000e+03
6.863000000000000000e+03
7.335000000000000000e+03
7.984000000000000000e+03
8.423000000000000000e+03
8.470000000000000000e+03
8.628000000000000000e+03
8.347000000000000000e+03
7.448000000000000000e+03
7.196000000000000000e+03
8.500000000000000000e+03
9.805000000000000000e+03
1.039600000000000000e+04
1.181700000000000000e+04
1.347400000000000000e+04
1.268600000000000000e+04
9.973000000000000000e+03
8.470000000000000000e+03
8.506000000000000000e+03
8.994000000000000000e+03
9.428000000000000000e+03
9.683000000000000000e+03
1.132800000000000000e+04
1.282700000000000000e+04
1.322300000000000000e+04
1.098000000000000000e+04
8.393000000000000000e+03
7.380000000000000000e+03
8.571000000000000000e+03
8.924000000000000000e+03
9.009000000000000000e+03
1.009300000000000000e+04
1.296400000000000000e+04
1.429700000000000000e+04
1.270500000000000000e+04
9.321000000000000000e+03
7.398000000000000000e+03
