1.586036682128906250e+00,2.086575375646199063e+03
3.762262344360351562e+00,1.866970345354998244e+03
5.300241947174072266e+00,2.072753908427302122e+03
6.984299182891845703e+00,2.083523932360716572e+03
8.816075801849365234e+00,2.101877034279992131e+03
1.048957920074462891e+01,2.127972623565501635e+03
1.217794227600097656e+01,2.132862474221381035e+03
1.365834903717041016e+01,2.135399292576918469e+03
1.539141249656677246e+01,2.131877441148580601e+03
1.705591821670532227e+01,2.134063405320568108e+03
1.876805067062377930e+01,2.132972278156223638e+03
2.047826409339904785e+01,1.851782406014246590e+03
2.215786552429199219e+01,1.855547617196283227e+03
2.387579894065856934e+01,2.135605859910961499e+03
2.556019783020019531e+01,2.132718325328576157e+03
2.720136690139770508e+01,2.116942390423193046e+03
2.861161899566650391e+01,1.848399641753514970e+03
3.035606718063354492e+01,1.867322651416681765e+03
3.202760338783264160e+01,1.853866785485834043e+03
3.367767906188964844e+01,2.134421830787969611e+03
3.536379885673522949e+01,2.130635774965125620e+03
3.698816943168640137e+01,1.849855719804779937e+03
3.864025878906250000e+01,1.854960266684579437e+03
4.035538029670715332e+01,1.853464641549555381e+03
4.187090110778808594e+01,1.847797363705294629e+03
4.357096505165100098e+01,1.852188650073732106e+03
4.506034588813781738e+01,1.847375995530496084e+03
4.655658626556396484e+01,1.854137938552237756e+03
4.810504865646362305e+01,1.856379229535997865e+03
4.980252861976623535e+01,1.859453727072812626e+03
5.143507933616638184e+01,1.853151861103511237e+03
5.289177894592285156e+01,1.840289484385801188e+03
5.463198876380920410e+01,1.847396950184602247e+03
5.633198690414428711e+01,1.841464777565338181e+03
5.781317043304443359e+01,1.843749901701142335e+03
5.954214668273925781e+01,1.845022444877259659e+03
6.125769639015197754e+01,1.839271147721301304e+03
6.278602814674377441e+01,2.116966483829037770e+03
6.449212551116943359e+01,1.843245493921552452e+03
6.618199801445007324e+01,1.840617141973702473e+03
6.788466143608093262e+01,1.839165594421774813e+03
6.954270863533020020e+01,1.840871558402562414e+03
7.124809551239013672e+01,1.837044252261357997e+03
7.294848155975341797e+01,1.833548437416290653e+03
7.446490216255187988e+01,1.836513088457984850e+03
7.616804838180541992e+01,1.837672261028937783e+03
7.769141101837158203e+01,1.839381582191083226e+03
7.940318036079406738e+01,1.841054038102336563e+03
8.103888130187988281e+01,1.834814015760203802e+03
8.306981039047241211e+01,1.838159286496992536e+03
8.458940577507019043e+01,2.118780126800182643e+03
8.635182285308837891e+01,1.836001306465338530e+03
8.798352026939392090e+01,1.835924734620687786e+03
8.947589969635009766e+01,1.835523102125041078e+03
9.118981647491455078e+01,1.835222049047140672e+03
9.272420167922973633e+01,1.840239827450669281e+03
9.446331763267517090e+01,1.841668163615342564e+03
9.670276451110839844e+01,1.855843400235812396e+03
9.846447253227233887e+01,1.848521941644049093e+03
1.001981692314147949e+02,1.844411730287601358e+03
1.018914380073547363e+02,1.839702714101691299e+03
1.033597352504730225e+02,1.834881884841609917e+03
1.051419336795806885e+02,1.837919450414998209e+03
1.068242111206054688e+02,1.833150259991320809e+03
1.082997829914093018e+02,1.835774442842111284e+03
1.098322408199310303e+02,1.836318143002364423e+03
1.114540510177612305e+02,1.849445658228648426e+03
1.131700499057769775e+02,1.852354016167935015e+03
1.149141008853912354e+02,1.840148204200152804e+03
1.166230406761169434e+02,1.841768669274674721e+03
1.184724061489105225e+02,2.134459204364041398e+03
1.202253794670104980e+02,1.843666109080616025e+03
1.217462241649627686e+02,1.838356630140767265e+03
1.234776406288146973e+02,1.839281208916552714e+03
1.253176486492156982e+02,1.835843386353313235e+03
1.273941843509674072e+02,1.846374636880593016e+03
1.289443428516387939e+02,1.837178441840736014e+03
1.304679260253906250e+02,1.835959526750409395e+03
1.320177474021911621e+02,1.833839989483509044e+03
1.337516345977783203e+02,1.835986574241003154e+03
1.355166909694671631e+02,1.836083424744394506e+03
1.372524068355560303e+02,1.832400863688990285e+03
1.388054232597351074e+02,1.834227715636917083e+03
1.406116883754730225e+02,1.833520077014925846e+03
1.421856818199157715e+02,2.117709911521749746e+03
1.437880651950836182e+02,2.118065436621057415e+03
1.453847808837890625e+02,1.836591020414052537e+03
1.471448373794555664e+02,1.835505351828052198e+03
1.489392311573028564e+02,1.834159321661155445e+03
1.506402375698089600e+02,1.830718788161410430e+03
1.524254143238067627e+02,2.119097298358536136e+03
1.542346632480621338e+02,2.118771887987417813e+03
1.560122425556182861e+02,1.832454680686994834e+03
1.579212920665740967e+02,2.118003940101044464e+03
1.597204432487487793e+02,2.118666096066769114e+03
1.615096793174743652e+02,2.118452320420014075e+03
1.633169314861297607e+02,2.118184688624056434e+03
1.649119439125061035e+02,2.119722586968647647e+03
1.667037079334259033e+02,1.831352656649764185e+03
1.683143296241760254e+02,2.117168827212807628e+03
1.701023139953613281e+02,1.827053125050565995e+03
1.716680271625518799e+02,2.119044294361162883e+03
1.732675356864929199e+02,1.829919749648319566e+03
1.751125810146331787e+02,1.833478966028186278e+03
1.766894891262054443e+02,1.828965780200799600e+03
1.785018494129180908e+02,1.828345341298255107e+03
1.803329806327819824e+02,2.118785247119848464e+03
1.819200184345245361e+02,2.118069747059580550e+03
1.835440042018890381e+02,1.829498103957887224e+03
1.851309690475463867e+02,1.829422971952461467e+03
1.869081833362579346e+02,1.830620271085415879e+03
1.887576875686645508e+02,1.828056510432233154e+03
1.905780158042907715e+02,2.119310117706748770e+03
1.923820564746856689e+02,1.831006997111812780e+03
1.942117326259613037e+02,1.830825423679785445e+03
1.959851629734039307e+02,2.118625299126220398e+03
1.976216697692871094e+02,2.117963618304483134e+03
1.994417071342468262e+02,2.118226921526817478e+03
2.013043620586395264e+02,1.828785168710081962e+03
2.030611884593963623e+02,1.830003408693793517e+03
2.049024486541748047e+02,1.827916496279421835e+03
2.066990723609924316e+02,2.117961970450605349e+03
2.082869076728820801e+02,2.118485876182046013e+03
2.101758356094360352e+02,2.118684617365859140e+03
2.118152770996093750e+02,1.828969705633073772e+03
2.136638731956481934e+02,1.828744269724833202e+03
2.155414686203002930e+02,1.828647392625839530e+03
2.171946735382080078e+02,2.118218848208680356e+03
2.188666288852691650e+02,2.119400363900198499e+03
2.205314757823944092e+02,1.830585039673033179e+03
2.223921570777893066e+02,1.832249605217637509e+03
2.242158586978912354e+02,1.828092972125682763e+03
2.260657312870025635e+02,2.117707081329485391e+03
2.279018096923828125e+02,2.119230339289368203e+03
2.295856664180755615e+02,2.119274691026080291e+03
2.312681899070739746e+02,1.829379423573026315e+03
2.329482753276824951e+02,1.829734635652664110e+03
2.346275005340576172e+02,1.829179977442850259e+03
2.365081622600555420e+02,1.828234790671984683e+03
2.383744676113128662e+02,1.830415557625432257e+03
2.402635898590087891e+02,1.829558097429648569e+03
2.421839153766632080e+02,1.828060385982699927e+03
2.438818192481994629e+02,2.118208337839463638e+03
2.455703895092010498e+02,1.828111043931323138e+03
2.475003645420074463e+02,1.828815993592895211e+03
2.494273049831390381e+02,1.830041275694846263e+03
2.510981910228729248e+02,1.830796810466664510e+03
2.529905984401702881e+02,1.829167742304758349e+03
2.548418197631835938e+02,1.827550296865152632e+03
2.567336535453796387e+02,2.119313800446127516e+03
2.586682991981506348e+02,1.832787139593084930e+03
2.605499062538146973e+02,1.830513489992290033e+03
2.622411680221557617e+02,1.828142342721905152e+03
2.641759867668151855e+02,1.828612762485408666e+03
2.661050291061401367e+02,2.119833791825134540e+03
2.678946809768676758e+02,1.831125192554411342e+03
2.697858400344848633e+02,1.827690749043513279e+03
2.717278814315795898e+02,2.117667719907649371e+03
2.736259212493896484e+02,2.119048680471281841e+03
2.755432283878326416e+02,1.828146715785321476e+03
2.774699172973632812e+02,1.828646978614652653e+03
2.793920271396636963e+02,1.827951678600792548e+03
2.811201112270355225e+02,1.829038362458330312e+03
2.828533020019531250e+02,2.119425526565812106e+03
2.845901350975036621e+02,1.831050619691900010e+03
2.863392896652221680e+02,1.837019186372475588e+03
2.880202205181121826e+02,1.836632728395289632e+03
2.899637498855590820e+02,1.838297753132010030e+03
2.919001491069793701e+02,1.829734406267183658e+03
2.936122527122497559e+02,2.132992993279789516e+03
2.955623161792755127e+02,1.834780594170118775e+03
2.973158078193664551e+02,1.831973476439774913e+03
2.992282519340515137e+02,1.834115834318917223e+03
3.011322512626647949e+02,2.133794626804844938e+03
3.040495371818542480e+02,2.143628716642338986e+03
3.060019998550415039e+02,2.131537470294755622e+03
3.077680797576904297e+02,1.836280216459965004e+03
3.097720198631286621e+02,1.834969627624369195e+03
3.117328832149505615e+02,2.133110102361439203e+03
3.134632968902587891e+02,1.834850472354813519e+03
3.154208247661590576e+02,1.835213800985113494e+03
3.173720376491546631e+02,1.832603026589206138e+03
3.192904107570648193e+02,1.831841213548711949e+03
3.212634863853454590e+02,1.829492632211319687e+03
3.232438595294952393e+02,1.833438549597215115e+03
3.252279903888702393e+02,1.831702874047558453e+03
3.269734692573547363e+02,1.831029228250541792e+03
3.287259907722473145e+02,1.831550734239333906e+03
3.304956581592559814e+02,2.133274431965085114e+03
3.322949337959289551e+02,1.840006921319682533e+03
3.342820413112640381e+02,2.130723589162020744e+03
3.362705852985382080e+02,1.834240126305463036e+03
3.382535674571990967e+02,1.831119145003614904e+03
3.402177903652191162e+02,2.119613984766164776e+03
3.422041633129119873e+02,1.833477542372595963e+03
3.442422087192535400e+02,1.833762253962642035e+03
3.460581798553466797e+02,1.830459406210377665e+03
3.478594298362731934e+02,2.133815912880244923e+03
3.498616609573364258e+02,2.134072767143579767e+03
3.519208238124847412e+02,1.836945988228422948e+03
3.539703428745269775e+02,1.837050961706906037e+03
3.559516155719757080e+02,1.833193336774659656e+03
3.580075683593750000e+02,2.133182941143466905e+03
3.600613908767700195e+02,1.833202397432197586e+03
3.621380929946899414e+02,1.835294578125830185e+03
3.639710214138031006e+02,1.831889384318588782e+03
3.658192384243011475e+02,2.132769978612677278e+03
3.676885128021240234e+02,2.131623343471605494e+03
3.697507669925689697e+02,2.132575724851565610e+03
3.717972218990325928e+02,2.131183319714844856e+03
3.738236756324768066e+02,1.837844302023032697e+03
3.756798593997955322e+02,1.833182263031598950e+03
3.777041451930999756e+02,2.134887383134195261e+03
3.795359420776367188e+02,2.131293378612868310e+03
3.815908260345458984e+02,1.840922834334000981e+03
3.834578354358673096e+02,2.133386975179079400e+03
3.855376822948455811e+02,2.132795905516672974e+03
3.875273823738098145e+02,2.133748887403291519e+03
3.893881907463073730e+02,2.130372400918981839e+03
3.912746365070343018e+02,2.128895080062988200e+03
3.933849003314971924e+02,2.132499150806016587e+03
3.952860198020935059e+02,2.132715966413594742e+03
3.973191719055175781e+02,2.133953167436619424e+03
3.994367375373840332e+02,2.128466483816072468e+03
4.014922747611999512e+02,2.131673481967055977e+03
4.033957943916320801e+02,2.135402199906546230e+03
4.052988133430480957e+02,2.133544371652494192e+03
4.073464293479919434e+02,2.132309019060983701e+03
4.092156796455383301e+02,2.129846109854136103e+03
4.113245103359222412e+02,2.130696590472650769e+03
4.132399280071258545e+02,2.132509125437819421e+03
4.153517754077911377e+02,2.132512526925338989e+03
4.174760665893554688e+02,2.126971389561500473e+03
4.194179401397705078e+02,2.128943686288923800e+03
4.215101001262664795e+02,2.130997175113020148e+03
4.234540834426879883e+02,2.133291413966538585e+03
4.253505480289459229e+02,2.132247387602954859e+03
4.274947283267974854e+02,2.125173356107495692e+03
4.294360101222991943e+02,2.128222327621424483e+03
4.316120424270629883e+02,2.135004738092407479e+03
4.335804052352905273e+02,2.131876690399690233e+03
4.357217922210693359e+02,2.129525723236166414e+03
4.378517239093780518e+02,2.126478806981262551e+03
4.398099970817565918e+02,2.127898438741381597e+03
4.417650785446166992e+02,2.131659901900675322e+03
4.439577953815460205e+02,2.134100032130436830e+03
4.460871028900146484e+02,2.124246464690837911e+03
4.479815623760223389e+02,2.126885397368006579e+03
4.501752440929412842e+02,2.129014800030015067e+03
4.521621770858764648e+02,2.130887221823304571e+03
4.543418483734130859e+02,2.130766718092547762e+03
4.563147466182708740e+02,2.127589498659215678e+03
4.584855618476867676e+02,2.130479553914860389e+03
4.607103033065795898e+02,2.129937080838809834e+03
4.628974754810333252e+02,2.130046933438365613e+03
4.650662820339202881e+02,2.126525906993867466e+03
4.672515895366668701e+02,2.126907680053684544e+03
4.692291913032531738e+02,2.130904577349343072e+03
4.712378623485565186e+02,2.132154371593373980e+03
4.732291357517242432e+02,2.130820571317250597e+03
4.754405775070190430e+02,2.128370309277295291e+03
4.774260973930358887e+02,2.129180067989571398e+03
4.794157207012176514e+02,2.132843190422375301e+03
4.816206557750701904e+02,2.142578708168836783e+03
4.838404560089111328e+02,2.128562278105359837e+03
4.860575284957885742e+02,2.130998837445136360e+03
4.882650821208953857e+02,2.131347600328234421e+03
4.904843285083770752e+02,2.132602627932139512e+03
4.927203083038330078e+02,2.124628340274178754e+03
4.947398653030395508e+02,2.128140534416508672e+03
4.970019223690032959e+02,2.132645705641928544e+03
4.990241167545318604e+02,2.141457997230363162e+03
5.012419557571411133e+02,2.132928233492747040e+03
5.034858825206756592e+02,2.129093442887371566e+03
5.057362821102142334e+02,2.131313170728313708e+03
5.079123587608337402e+02,2.140072685935362188e+03
5.101382496356964111e+02,2.130162725692895037e+03
5.124117567539215088e+02,2.127749864996436827e+03
5.146679933071136475e+02,2.132704094384824202e+03
5.169622249603271484e+02,2.134696239059537220e+03
5.192129690647125244e+02,2.129509527240204989e+03
5.214557273387908936e+02,2.125610036389037759e+03
5.235394036769866943e+02,2.130730853514830869e+03
5.258071446418762207e+02,2.141831373092198191e+03
5.281501004695892334e+02,2.144212000653655195e+03
5.304334356784820557e+02,2.126110194745047920e+03
5.325362267494201660e+02,2.131257114953483324e+03
5.348136997222900391e+02,2.143137290582370042e+03
5.370605437755584717e+02,2.146111136168664416e+03
5.393647727966308594e+02,2.124307406907747009e+03
5.416990752220153809e+02,2.129834051092135269e+03
5.440079572200775146e+02,2.132479758577507710e+03
5.463303220272064209e+02,2.140952617539024232e+03
5.484738936424255371e+02,2.122830311726917444e+03
5.508301227092742920e+02,2.128632989498356892e+03
5.531300344467163086e+02,2.141272946423473968e+03
5.552576301097869873e+02,2.144805367313454553e+03
5.576011884212493896e+02,2.127347800819674376e+03
5.597404351234436035e+02,2.131181934029944841e+03
5.620810511112213135e+02,2.144953488583761100e+03
5.643794229030609131e+02,2.142130537853278838e+03
5.667233479022979736e+02,2.140580969259586709e+03
5.690402677059173584e+02,2.126529762284395929e+03
5.713520998954772949e+02,2.142111133116836754e+03
5.737335643768310547e+02,2.144246469101914954e+03
5.760888979434967041e+02,2.132902138762703999e+03
5.784499742984771729e+02,2.129283123031460036e+03
5.806392061710357666e+02,2.145354744148151440e+03
5.830222160816192627e+02,2.145870828821183295e+03
5.853880317211151123e+02,2.132967105482938223e+03
5.875825469493865967e+02,2.129006924073631581e+03
5.899229338169097900e+02,2.145962581516291266e+03
5.922598259449005127e+02,2.145359066147775593e+03
5.946593534946441650e+02,2.144037131204489924e+03
5.970592756271362305e+02,2.128809673419691535e+03
5.994609274864196777e+02,2.133616476197489192e+03
6.037081837654113770e+02,2.072521125178776856e+03
6.061008813381195068e+02,2.095983969168747535e+03
6.084846167564392090e+02,2.208962724599608009e+03
6.109082448482513428e+02,2.188282659469260125e+03
6.133418600559234619e+02,2.130505297327918015e+03
6.157825510501861572e+02,2.131566558526275458e+03
6.181494832038879395e+02,2.134008518973848822e+03
6.203521800041198730e+02,2.141098974003725743e+03
6.225874342918395996e+02,1.883221002542805763e+03
6.248356077671051025e+02,2.112812102181909268e+03
6.270590252876281738e+02,2.226326110420504847e+03
6.294557576179504395e+02,2.209797249856200324e+03
6.318857758045196533e+02,1.884259391975630933e+03
6.341352951526641846e+02,1.879031870230092181e+03
6.365653667449951172e+02,2.100555440004258344e+03
6.387961263656616211e+02,2.190503071214187003e+03
6.412283074855804443e+02,1.886894731979799872e+03
6.434678297042846680e+02,2.115337607292704433e+03
6.457379822731018066e+02,2.219016141226675245e+03
6.481795685291290283e+02,2.213231081806829934e+03
6.506113851070404053e+02,2.117566631143418817e+03
6.528418362140655518e+02,2.095685992630721557e+03
6.553145942687988281e+02,2.099155508917139286e+03
6.575964803695678711e+02,2.214745772310007851e+03
6.600844581127166748e+02,2.099018794832982167e+03
6.623838739395141602e+02,2.096334903428326925e+03
6.646750819683074951e+02,2.080086572614688976e+03
6.671922121047973633e+02,2.222604620066492771e+03
6.694981122016906738e+02,2.096284324486753121e+03
6.719879548549652100e+02,2.092348630920197138e+03
6.744900937080383301e+02,2.079940947044254699e+03
6.769795727729797363e+02,2.226221720593828650e+03
6.794722385406494141e+02,2.095714982296827202e+03
6.819880285263061523e+02,2.112320878002788959e+03
6.843298652172088623e+02,2.219755914357822348e+03
6.866719381809234619e+02,2.079614740663801967e+03
6.891706142425537109e+02,2.094111164401636415e+03
6.917378215789794922e+02,2.097131178244986586e+03
6.940737535953521729e+02,2.097842279369644530e+03
6.966090986728668213e+02,2.077411910991657805e+03
6.991188418865203857e+02,2.073858203397272518e+03
7.016193108558654785e+02,2.097582667387978290e+03
7.041858270168304443e+02,2.099692717330912728e+03
7.067410943508148193e+02,2.095840515120577948e+03
7.092562508583068848e+02,2.095330178474657259e+03
7.116152808666229248e+02,2.097599292824204895e+03
7.141798303127288818e+02,2.079955476847111640e+03
7.167894890308380127e+02,2.095200763113067751e+03
7.193713965415954590e+02,2.096099815767728160e+03
7.219476928710937500e+02,2.098357778693034561e+03
7.245371973514556885e+02,2.076461004458145453e+03
7.271335921287536621e+02,2.095535971096773210e+03
7.294797487258911133e+02,2.092687437465818675e+03
7.320818443298339844e+02,2.077900323085577838e+03
7.346679661273956299e+02,2.089022319005243389e+03
7.372764010429382324e+02,2.092753819803118404e+03
7.398582651615142822e+02,2.076098927009194540e+03
7.424750740528106689e+02,2.076853309308659846e+03
7.450006654262542725e+02,2.076407930513958945e+03
7.475247759819030762e+02,2.071033806972899583e+03
7.499271986484527588e+02,2.074594035613145479e+03
7.525458579063415527e+02,2.073761153195856878e+03
7.551558005809783936e+02,2.075213021395871692e+03
7.577760174274444580e+02,2.070554983160582651e+03
7.603514330387115479e+02,2.075726024771195625e+03
7.628071913719177246e+02,2.071696090119666678e+03
7.654795222282409668e+02,2.070956959672586436e+03
7.681402401924133301e+02,2.073458913851142370e+03
7.705888869762420654e+02,2.075011313870348658e+03
7.732212944030761719e+02,2.070718904486369411e+03
7.758293905258178711e+02,2.069058896210924104e+03
7.783017148971557617e+02,2.071602559876376290e+03
7.809907031059265137e+02,2.065376606341589195e+03
7.836608960628509521e+02,2.070313473230244199e+03
7.861285140514373779e+02,2.068984046123156531e+03
7.885978252887725830e+02,2.070092270174689020e+03
7.912302961349487305e+02,2.061381757765861494e+03
7.939153497219085693e+02,2.067440506141489550e+03
7.964116950035095215e+02,2.069911324661498838e+03
7.991127629280090332e+02,2.065462675688951094e+03
8.017721025943756104e+02,2.070311072585299826e+03
8.044758727550506592e+02,2.068300468856915813e+03
8.071026949882507324e+02,2.073330000260709767e+03
8.097843072414398193e+02,2.066885032750792561e+03
8.124803493022918701e+02,2.069955269937644971e+03
8.151880350112915039e+02,2.067892778311768780e+03
8.179216403961181641e+02,2.068370877183575885e+03
8.204494047164916992e+02,2.072046155872687905e+03
8.229521296024322510e+02,2.065459715429251901e+03
8.256593124866485596e+02,2.067280567102258829e+03
8.284146521091461182e+02,2.061617083461133916e+03
8.312128827571868896e+02,2.069217099079833133e+03
8.339066026210784912e+02,2.068459687091004980e+03
8.366699233055114746e+02,2.067220481527798711e+03
8.394251406192779541e+02,2.066494389723486165e+03
8.421893074512481689e+02,2.069663178001193501e+03
8.447580924034118652e+02,2.069196200339765255e+03
8.475307023525238037e+02,2.063483914722809914e+03
8.503146078586578369e+02,2.067544952782953715e+03
8.528815310001373291e+02,2.068361386009264606e+03
8.556561350822448730e+02,2.059153222599371929e+03
8.584760787487030029e+02,2.062231800816311534e+03
8.612820081710815430e+02,2.063023465054236567e+03
8.640378279685974121e+02,2.069365543091217205e+03
8.667865078449249268e+02,2.067749836398233583e+03
8.693944103717803955e+02,2.066125243135762503e+03
8.721946473121643066e+02,2.062305347081810396e+03
8.749650380611419678e+02,2.059546496381099587e+03
8.777716162204742432e+02,2.066529827601090346e+03
8.803913800716400146e+02,2.068670084994982972e+03
8.831955986022949219e+02,2.056363329317898661e+03
8.858251011371612549e+02,2.060972272565703861e+03
8.886920473575592041e+02,2.056479096793021654e+03
8.915099735260009766e+02,2.063940458638714063e+03
8.943256759643554688e+02,2.063806052295547943e+03
8.972051618099212646e+02,2.067177953785052068e+03
9.000540289878845215e+02,2.063233391885456513e+03
9.054781072139739990e+02,1.875483768098175005e+03
9.083694732189178467e+02,1.862020773166517984e+03
9.110619432926177979e+02,2.040446683539971900e+03
9.136845207214355469e+02,1.859904103176013905e+03
9.165279011726379395e+02,2.022818844071012791e+03
9.194047281742095947e+02,2.050381828881068031e+03
9.220881283283233643e+02,2.057107969394037355e+03
9.249341921806335449e+02,2.043323031922270275e+03
9.277514984607696533e+02,2.048755759387429862e+03
9.304299318790435791e+02,2.047408459579725559e+03
9.333520784378051758e+02,2.048442465641988747e+03
9.360555098056793213e+02,2.053019374819829409e+03
9.387703790664672852e+02,2.044203416393439284e+03
9.417270405292510986e+02,2.041279113783939010e+03
9.444257624149322510e+02,2.041494464164594547e+03
9.473675613403320312e+02,1.856069689931988478e+03
9.500993623733520508e+02,2.050164132863319537e+03
9.529973990917205811e+02,2.042179670767563266e+03
9.557557210922241211e+02,2.047941276894584007e+03
9.587060883045196533e+02,2.038361141897814605e+03
9.616758384704589844e+02,2.046269437138927742e+03
9.646201515197753906e+02,2.050442901011690992e+03
9.675522363185882568e+02,2.042154240367978673e+03
9.703021509647369385e+02,2.047148019613042834e+03
9.732607305049896240e+02,2.041985261379810254e+03
9.760603795051574707e+02,1.862802252634363413e+03
9.790146079063415527e+02,2.040821780963260153e+03
9.820472996234893799e+02,2.040900880088686108e+03
9.848343708515167236e+02,2.039141955491684485e+03
9.877274136543273926e+02,1.860911969041469320e+03
9.906860642433166504e+02,2.038863438904180157e+03
9.936543297767639160e+02,2.038452666608918207e+03
9.966913404464721680e+02,1.857225810441747626e+03
9.996894915103912354e+02,2.048581867001287264e+03
1.002688320636749268e+03,1.854197786700264260e+03
1.005712251424789429e+03,2.043980288412601567e+03
1.008715942621231079e+03,2.043573657828702608e+03
1.011715451002120972e+03,1.854285680217302797e+03
1.014722195148468018e+03,2.040923168458431974e+03
1.017725100994110107e+03,2.047232023807069481e+03
1.020527343511581421e+03,1.854774958709306702e+03
1.023564786672592163e+03,1.861595335009897553e+03
1.026605846643447876e+03,2.039307925220214656e+03
1.029411393404006958e+03,2.040286582056262205e+03
1.032480560541152954e+03,1.869025075477028395e+03
1.035344228029251099e+03,2.041557562284954884e+03
1.038219793558120728e+03,1.864599840691767895e+03
1.041269283056259155e+03,1.871852257664568697e+03
1.044351827383041382e+03,1.861672022806227233e+03
1.047339922904968262e+03,1.861861081348579091e+03
1.050371823549270630e+03,1.870533069401903276e+03
1.053258311271667480e+03,2.036643467968209961e+03
1.056354498624801636e+03,1.861480234147551300e+03
1.059445865154266357e+03,1.861097760924918248e+03
1.062365458250045776e+03,1.859525877337495331e+03
1.065278994321823120e+03,1.870870624232245063e+03
1.068414976835250854e+03,1.870199952046456701e+03
1.071529286861419678e+03,1.861800475286975370e+03
1.074626087427139282e+03,1.863319784123679710e+03
1.077774901390075684e+03,1.861761513160911591e+03
1.080900538921356201e+03,1.861335199523543906e+03
1.083852260112762451e+03,1.861355285820108747e+03
1.086810650110244751e+03,1.871192507128955867e+03
1.089935543775558472e+03,1.874081459462140629e+03
1.092890354633331299e+03,1.873275112509486462e+03
1.096052067279815674e+03,1.874647450596371755e+03
1.099227888107299805e+03,1.864763863961558627e+03
1.102169016122817993e+03,1.863311813012296852e+03
1.105149452686309814e+03,1.872780023204180225e+03
1.108097896099090576e+03,1.873618670127714495e+03
1.111253527164459229e+03,1.873993838763807844e+03
1.114250539779663086e+03,1.873591245216162633e+03
1.117245536327362061e+03,1.872906926919436501e+03
1.120439474582672119e+03,1.873472032565596010e+03
1.123454148054122925e+03,1.875020497483248846e+03
1.126705990791320801e+03,1.874358491344300774e+03
1.129951366901397705e+03,1.872706391056332905e+03
1.132965944528579712e+03,1.872942473928178970e+03
1.136003754615783691e+03,1.873026012671292847e+03
1.139220566272735596e+03,1.872897569013258135e+03
1.142483633518218994e+03,1.871967344873167576e+03
1.145729519367218018e+03,1.871683192285399400e+03
1.149007600545883179e+03,1.864307485375909664e+03
1.152272248506546021e+03,1.873615225515482052e+03
1.155567199945449829e+03,1.864028895787082092e+03
1.158825853109359741e+03,1.864626773011222213e+03
1.161889276027679443e+03,1.873205707747951919e+03
1.165199476003646851e+03,1.872525930910497209e+03
1.168439328432083130e+03,1.874499929187292082e+03
1.171481006860733032e+03,1.872673970986772019e+03
1.174739454984664917e+03,1.870787454128763557e+03
1.177976012468338013e+03,1.874310542937970013e+03
1.181044986009597778e+03,1.875015917060449283e+03
1.184308257579803467e+03,1.871685409754914872e+03
1.187608248472213745e+03,1.874452378199829582e+03
1.190930793285369873e+03,1.874850201752602743e+03
1.194239280700683594e+03,1.871515900452106280e+03
1.197587952375411987e+03,1.873211249847331374e+03
1.200716012477874756e+03,1.873643998407603476e+03
1.207799315452575684e+03,2.097793862220486517e+03
1.210961475372314453e+03,2.077318473551382340e+03
1.214111192464828491e+03,2.057815638552111523e+03
1.217257829427719116e+03,1.885635927806571999e+03
1.220339809179306030e+03,2.076480968275308896e+03
1.223683578014373779e+03,2.057999204625053153e+03
1.226985139846801758e+03,1.883574204601693737e+03
1.230153391361236572e+03,1.872159645344399451e+03
1.233482198953628540e+03,2.051064029624272735e+03
1.236867932319641113e+03,1.874045759320194975e+03
1.240253814458847046e+03,2.037858625447587883e+03
1.243650544881820679e+03,1.873157352747480445e+03
1.247013297319412231e+03,1.873437992364548336e+03
1.250371535301208496e+03,1.871410776517878048e+03
1.253560803651809692e+03,1.876142814795387949e+03
1.256912304401397705e+03,1.873930816901743356e+03
1.260302226066589355e+03,2.035469670976977113e+03
1.263715478181838989e+03,1.875173252718187314e+03
1.267140123605728149e+03,1.872339965558690210e+03
1.270369300127029419e+03,1.872551295815713047e+03
1.273799547672271729e+03,1.876252276980995930e+03
1.277269963264465332e+03,1.873164133568934631e+03
1.280526639223098755e+03,1.874676419861161776e+03
1.283938570022583008e+03,1.875846100016764467e+03
1.287283641099929810e+03,2.065002573320997726e+03
1.290743911504745483e+03,1.874340927972342342e+03
1.294010663270950317e+03,1.875525699962238150e+03
1.297428128004074097e+03,2.064831549710409035e+03
1.300890554666519165e+03,1.876751935283856028e+03
1.304178193807601929e+03,1.872795294627906969e+03
1.307483885765075684e+03,2.056481804239742814e+03
1.310740176439285278e+03,2.055804098500294458e+03
1.314198264598846436e+03,2.072031468070573283e+03
1.317512170553207397e+03,2.059867784870529249e+03
1.320803150415420532e+03,1.884865748250070283e+03
1.324319771289825439e+03,2.075867435877237313e+03
1.327831753492355347e+03,2.063627475154894455e+03
1.331174608707427979e+03,1.874810644834467666e+03
1.334704170942306519e+03,2.073106587194540680e+03
1.337989695787429810e+03,2.054985038367356083e+03
1.341512840986251831e+03,2.066209381497401864e+03
1.345024987459182739e+03,2.058600183629744606e+03
1.348332172155380249e+03,2.052879679641991970e+03
1.351914748668670654e+03,2.076445349217932744e+03
1.355479487657546997e+03,2.060063924142524684e+03
1.358828678607940674e+03,1.882827092059504139e+03
1.362413975477218628e+03,2.078536628859818393e+03
1.365991825103759766e+03,2.057988570579242605e+03
1.369553988456726074e+03,1.880753928079565185e+03
1.372959984540939331e+03,2.068140786814671628e+03
1.376338176488876343e+03,1.882608994621205966e+03
1.379966086387634277e+03,2.081300781746524990e+03
1.383569882154464722e+03,2.072859307209913368e+03
1.387183586835861206e+03,1.881217990773954853e+03
1.390602049589157104e+03,2.072200692947493735e+03
1.394034816741943359e+03,2.074896639989548476e+03
1.397673838615417480e+03,2.079542485105473133e+03
1.401113276720046997e+03,2.077804167645586858e+03
1.404543641567230225e+03,2.073274184543455704e+03
1.407964144706726074e+03,2.081519706844847860e+03
1.411564971685409546e+03,2.073930891358006193e+03
1.415175036191940308e+03,2.075640407727715228e+03
1.418651622533798218e+03,2.079848092325759353e+03
1.422320274353027344e+03,2.073656528888835965e+03
1.426001770973205566e+03,2.082249112311573299e+03
1.429463749170303345e+03,2.080207948814975225e+03
1.432954546928405762e+03,2.076725985975587719e+03
1.436445730686187744e+03,2.082404300082873306e+03
1.439970364332199097e+03,2.082910150176915977e+03
1.443685757398605347e+03,2.082613139208055145e+03
1.447410463094711304e+03,2.081933776057268915e+03
1.451163909673690796e+03,2.068571763626483062e+03
1.454667921304702759e+03,2.083477607885158704e+03
1.458393303871154785e+03,2.078244226463973973e+03
1.461930310726165771e+03,2.077759328731249752e+03
1.465461898803710938e+03,2.082240834014379288e+03
1.469030393838882446e+03,2.080502818591888627e+03
1.472785646200180054e+03,2.085244737543280280e+03
1.476569392442703247e+03,2.080221241225935501e+03
1.480105627536773682e+03,2.082233053755890523e+03
1.483699695825576782e+03,2.086754732009263535e+03
1.487486146688461304e+03,2.083072868371787081e+03
1.491051818370819092e+03,2.085039937782849847e+03
1.494644819736480713e+03,2.084683885343294151e+03
1.498435605764389038e+03,2.081896077203247842e+03
1.507014171361923218e+03,2.026884271701735315e+03
1.510608234167098999e+03,2.075400391469875103e+03
1.514389882087707520e+03,2.080094913584472124e+03
1.518211663246154785e+03,2.080961225238066163e+03
1.522043791770935059e+03,2.082566517827748157e+03
1.525699274778366089e+03,2.085989657260639433e+03
1.529544902563095093e+03,2.083483124348957517e+03
1.533204259395599365e+03,2.084105738341470442e+03
1.537051619052886963e+03,2.079500506347582814e+03
1.540687799692153931e+03,2.083089241131828658e+03
1.544338202476501465e+03,2.082077233383867224e+03
1.548269921541213989e+03,2.085333819330682218e+03
1.552139794826507568e+03,2.084160673455227425e+03
1.556030092239379883e+03,2.083268018093958744e+03
1.559916533708572388e+03,2.085579329980753755e+03
1.563555865764617920e+03,2.082928377149328298e+03
1.567253731966018677e+03,2.085710598440812191e+03
1.571173929452896118e+03,2.083767262993856093e+03
1.574915925979614258e+03,2.082077424211085145e+03
1.578804944276809692e+03,2.081541137414807963e+03
1.582559940338134766e+03,2.082542330126760589e+03
1.586544553041458130e+03,2.083715741021897429e+03
1.590281653165817261e+03,2.079486816992263812e+03
1.594225430488586426e+03,2.084363450774313151e+03
1.597995949745178223e+03,2.080635076196185764e+03
1.601749926805496216e+03,2.081257896879550117e+03
1.605524980783462524e+03,2.081538350267887381e+03
1.609464722394943237e+03,2.075629703612898993e+03
1.613433354377746582e+03,2.087335938740368420e+03
1.617384781122207642e+03,2.080764665791907191e+03
1.621409466743469238e+03,2.084143731893387667e+03
1.625402703046798706e+03,2.084693629843716280e+03
1.629358568429946899e+03,2.082091970889726781e+03
1.633373885631561279e+03,2.085659728947274743e+03
1.637401642322540283e+03,2.080717592816818069e+03
1.641437720060348511e+03,2.087654267850243741e+03
1.645492133617401123e+03,2.081612379602313922e+03
1.649544109106063843e+03,2.081293755296704148e+03
1.653566122770309448e+03,2.082466154503854796e+03
1.657615752220153809e+03,2.081523983434904949e+03
1.661703759431838989e+03,2.085323673682240042e+03
1.665719985008239746e+03,2.078440155047555436e+03
1.669799451112747192e+03,2.086321217532121864e+03
1.673626097679138184e+03,2.081014761724249183e+03
1.677688009738922119e+03,2.079306788587487517e+03
1.681780508995056152e+03,2.081809057729200504e+03
1.685855107784271240e+03,2.076476316409949504e+03
1.689935904741287231e+03,2.083670912615007182e+03
1.694009495019912720e+03,2.083124530065294948e+03
1.698140520095825195e+03,2.082355896140975346e+03
1.702266049146652222e+03,2.077870405206433134e+03
1.706352990627288818e+03,2.084428858919170125e+03
1.710468702316284180e+03,2.080688900447304150e+03
1.714331596136093140e+03,2.081234148770198317e+03
1.718299309730529785e+03,2.082505210618282490e+03
1.722474615573883057e+03,2.076558916365338973e+03
1.726584492444992065e+03,2.080317672014332402e+03
1.730727909803390503e+03,2.078943411421274050e+03
1.734703155517578125e+03,2.081978112690444505e+03
1.738910616636276245e+03,2.078755178615025670e+03
1.743089623928070068e+03,2.077336077293099606e+03
1.747268192291259766e+03,2.078844477155420918e+03
1.751431547164916992e+03,2.080387161394421128e+03
1.755441927671432495e+03,2.084243558340092932e+03
1.759621611595153809e+03,2.073256697556718791e+03
1.763823134660720825e+03,2.078837417548320900e+03
1.767780670881271362e+03,2.076017048597266694e+03
1.771906140804290771e+03,2.076412534208138823e+03
1.775924197196960449e+03,2.077612860895475933e+03
1.780201424121856689e+03,2.074800421986743004e+03
1.784423824548721313e+03,2.079075571345681055e+03
1.788719297409057617e+03,2.080278987569137826e+03
1.792974689483642578e+03,2.081200800619126767e+03
1.797230128765106201e+03,2.077326256198134615e+03
1.801472701311111450e+03,2.081081380119731875e+03
1.811167201280593872e+03,2.029919046139255215e+03
1.815246079921722412e+03,2.026407044185401901e+03
1.819497155904769897e+03,2.046754916400594766e+03
1.823785227775573730e+03,2.056972579531058727e+03
1.828003849029541016e+03,2.056930689139022888e+03
1.832076155900955200e+03,2.076077210334409301e+03
1.836348178625106812e+03,2.057199187508063915e+03
1.840651172637939453e+03,2.076241533295732097e+03
1.845001720428466797e+03,2.075579206675949990e+03
1.849353562116622925e+03,2.077677019627205027e+03
1.853676876783370972e+03,2.059428642060543098e+03
1.858013308525085449e+03,2.080435592972291488e+03
1.862142530918121338e+03,2.073928110586797175e+03
1.866502172231674194e+03,2.075675150152213973e+03
1.870834378004074097e+03,2.056422733807648001e+03
1.875147890567779541e+03,2.077171907542384361e+03
1.879530088424682617e+03,2.059850591351084404e+03
1.883739445209503174e+03,2.074858013783660226e+03
1.888083268404006958e+03,2.051952282444308821e+03
1.892275599479675293e+03,2.062473611668644480e+03
1.896654982089996338e+03,2.044884395286118661e+03
1.901064431428909302e+03,2.062992064494077113e+03
1.905280578613281250e+03,2.062443221614167214e+03
1.909508262872695923e+03,2.054865159906932149e+03
1.913935130834579468e+03,2.062610145934101183e+03
1.918313308954238892e+03,2.055609223315206236e+03
1.922748191356658936e+03,2.064029222624180420e+03
1.927220362663269043e+03,2.056613785234158058e+03
1.931640422582626343e+03,2.062305319582591892e+03
1.935924348115921021e+03,2.058050691919653218e+03
1.940348252534866333e+03,2.057639065139391732e+03
1.944829262256622314e+03,2.046857582760458854e+03
1.949121374607086182e+03,2.058157571799615198e+03
1.953601696491241455e+03,2.050441489778391315e+03
1.958125846147537231e+03,2.056156711731975975e+03
1.962609439373016357e+03,2.057141890678857180e+03
1.967100256443023682e+03,2.050600903728618505e+03
1.971563326120376587e+03,2.057129678230070112e+03
1.976074609518051147e+03,2.053940542382253625e+03
1.980543339252471924e+03,2.056567849307851247e+03
1.984847931385040283e+03,2.059013855338320354e+03
1.989380247592926025e+03,2.052054617550496005e+03
1.993915233135223389e+03,2.054299522462136792e+03
1.998504606246948242e+03,2.056580658331896302e+03
2.002866143226623535e+03,2.056240997557938499e+03
2.007153362035751343e+03,2.038879511545727837e+03
2.011679966926574707e+03,2.030640898234261385e+03
2.016075801849365234e+03,2.052119844794006895e+03
2.020650332689285278e+03,2.031182191911617792e+03
2.025245613098144531e+03,2.036554348589780375e+03
2.029832111358642578e+03,2.033202028009821333e+03
2.034407639980316162e+03,2.046985942425414351e+03
2.038814141750335693e+03,2.031720950901831884e+03
2.043450499773025513e+03,2.033635785051694256e+03
2.047873726606369019e+03,2.030922256239492299e+03
2.052485297203063965e+03,2.033323408238759157e+03
2.057058095216751099e+03,2.031855370050755482e+03
2.061513219833374023e+03,2.031881033684125441e+03
2.066124618291854858e+03,2.031081678753954293e+03
2.070539705991744995e+03,2.029228700838360965e+03
2.075210265636444092e+03,2.026985358689171790e+03
2.079904080390930176e+03,2.033566231202164545e+03
2.084563003540039062e+03,2.033893346648126226e+03
2.089224915981292725e+03,2.029378559526655408e+03
2.093909798622131348e+03,2.032811534786167158e+03
2.098645450115203857e+03,2.034086837347397022e+03
2.109631934881210327e+03,2.022541270278476077e+03
2.114374411344528198e+03,2.013675853469644153e+03
2.119047200202941895e+03,2.031029630242145231e+03
2.123751933574676514e+03,2.014990260722603580e+03
2.128244535207748413e+03,2.031334458529225458e+03
2.132907910585403442e+03,2.013110098863105577e+03
2.137621391534805298e+03,2.031231716438214335e+03
2.142168087005615234e+03,2.017074009709102029e+03
2.146719008207321167e+03,2.026983112116768780e+03
2.151440347671508789e+03,2.018194343822924793e+03
2.156190543889999390e+03,2.030553682129647996e+03
2.160961282014846802e+03,2.015815306472502016e+03
2.165508691072463989e+03,2.025477518345137696e+03
2.170086483001708984e+03,2.015937052276186478e+03
2.174635575771331787e+03,2.024571041592755591e+03
2.179380363225936890e+03,2.019011883153390045e+03
2.183955812215805054e+03,2.031174714296845423e+03
2.188743214130401611e+03,2.022105745022161500e+03
2.193508671522140503e+03,2.025692622926236936e+03
2.198333732128143311e+03,2.017352839345274788e+03
2.203141633749008179e+03,2.038050384723857178e+03
2.207937983751296997e+03,2.015846888962791127e+03
2.212595502614974976e+03,2.043066340913557951e+03
2.217393175363540649e+03,2.015906198041995594e+03
2.222017358779907227e+03,2.042848639059642437e+03
2.226802056312561035e+03,2.014441021058566093e+03
2.231480097770690918e+03,2.039186594937518066e+03
2.236088805675506592e+03,2.016798231624918117e+03
2.240941037416458130e+03,2.037909756901430683e+03
2.245772157192230225e+03,2.019341079728056684e+03
2.250696468353271484e+03,2.036913513671905093e+03
2.255518299341201782e+03,2.016430491299062396e+03
2.260210126638412476e+03,2.038333853114653266e+03
2.265132159471511841e+03,2.016659671787395382e+03
2.270010032176971436e+03,2.039254887779149840e+03
2.274930358648300171e+03,2.020991647300515751e+03
2.279633627891540527e+03,2.035903029717219169e+03
2.284384271383285522e+03,2.019522455423849351e+03
2.289105351924896240e+03,2.031370684077858868e+03
2.294061354160308838e+03,2.018452967961919057e+03
2.298835819959640503e+03,2.035094073723255178e+03
2.303784473657608032e+03,2.015896831766585592e+03
2.308715063333511353e+03,2.024652803691298914e+03
2.313463329553604126e+03,2.022317946723835121e+03
2.318254921197891235e+03,2.025859908831277380e+03
2.323025047302246094e+03,2.019031608501024948e+03
2.327807838678359985e+03,2.025500395340976866e+03
2.332797463417053223e+03,2.024219130154131335e+03
2.337751622200012207e+03,2.023567775653360286e+03
2.342723265409469604e+03,2.032766151570770035e+03
2.347795982360839844e+03,2.015706112608748299e+03
2.352805659532546997e+03,2.033065748431969496e+03
2.357661435365676880e+03,2.018094686072273134e+03
2.362510619640350342e+03,2.043916109690372878e+03
2.367522498130798340e+03,2.018506090891592521e+03
2.372359276533126831e+03,2.039392656148587776e+03
2.377437992811203003e+03,2.022645775008638338e+03
2.382535700082778931e+03,2.035178981860490012e+03
2.387612031221389771e+03,2.021315966489961966e+03
2.392466466188430786e+03,2.032358397784742010e+03
2.397561737298965454e+03,2.024349786978219299e+03
2.410020070314407349e+03,2.054376874888904695e+03
2.414969450712203979e+03,2.022985588328683434e+03
2.419915634870529175e+03,2.038056867291977596e+03
2.425054047346115112e+03,2.024482339586219268e+03
2.429980031490325928e+03,2.031803170541579448e+03
2.435132373809814453e+03,2.032922374887440128e+03
2.440258048772811890e+03,2.037007625651684748e+03
2.445407917261123657e+03,2.035923836653136050e+03
2.450370340108871460e+03,2.026064502697343187e+03
2.455578316926956177e+03,2.033349182401428607e+03
2.460581237554550171e+03,2.022131519758397644e+03
2.465760804414749146e+03,2.041383711619276937e+03
2.470758130550384521e+03,2.022681997388573336e+03
2.475943902492523193e+03,2.043033890728309188e+03
2.481175496339797974e+03,2.021448450926468922e+03
2.486212185382843018e+03,2.031654981540757035e+03
2.491371610403060913e+03,2.025649120696082718e+03
2.496399819135665894e+03,2.034423507110563833e+03
2.501447835922241211e+03,2.034638301693577205e+03
2.506743092536926270e+03,2.030867469415850337e+03
2.511955010890960693e+03,2.043770848114351793e+03
2.517011614322662354e+03,2.023950262420245281e+03
2.522291167497634888e+03,2.041622944518586792e+03
2.527526128768920898e+03,2.032434347805827656e+03
2.532595196485519409e+03,2.041711089752639282e+03
2.537872962474822998e+03,2.029098814099061201e+03
2.543177994728088379e+03,2.038500741097196851e+03
2.548440684080123901e+03,2.037792172928295258e+03
2.553513219356536865e+03,2.031538042677162821e+03
2.558600081682205200e+03,2.044194884106484778e+03
2.563944807052612305e+03,2.031590651966178712e+03
2.569319416046142578e+03,2.040581395765916113e+03
2.574487226247787476e+03,2.031474005874638806e+03
2.579781620740890503e+03,2.039361251968899069e+03
2.585089982271194458e+03,2.034732974863544996e+03
2.590470269918441772e+03,2.035356213108827433e+03
2.595624474048614502e+03,2.040992563705951170e+03
2.600810345411300659e+03,2.031950422273240292e+03
2.606225010156631470e+03,2.041665032224054585e+03
2.611561535596847534e+03,2.033359830105218407e+03
2.616722006320953369e+03,2.038571395100309928e+03
2.622109445571899414e+03,2.033262888405749436e+03
2.627344530820846558e+03,2.036421902328541819e+03
2.632709285497665405e+03,2.037338583429999744e+03
2.638135635137557983e+03,2.030875546515049336e+03
2.643371569633483887e+03,2.043771357082454870e+03
2.648601603031158447e+03,2.028871024810406652e+03
2.654040450572967529e+03,2.039274174484406785e+03
2.659275074481964111e+03,2.035742891273871237e+03
2.664779376268386841e+03,2.041146977701677542e+03
2.670262305259704590e+03,2.041897509928544196e+03
2.675761634111404419e+03,2.031118578039073100e+03
2.681251560211181641e+03,2.045311454877508822e+03
2.686797992706298828e+03,2.036974072353474412e+03
2.692052603960037231e+03,2.036422621493912857e+03
2.697330960750579834e+03,2.036811461573633778e+03
2.710809450149536133e+03,2.055025170059951506e+03
2.716345444679260254e+03,2.048379662397551328e+03
2.721842093706130981e+03,2.029865831178845610e+03
2.727049254417419434e+03,2.050902984908140752e+03
2.732549222707748413e+03,2.035696990271393361e+03
2.738097864627838135e+03,2.051369703075184134e+03
2.743623894929885864e+03,2.034167360601171595e+03
2.749175571918487549e+03,2.039077769560644356e+03
2.754696125984191895e+03,2.048926889568994739e+03
2.760245651721954346e+03,2.035605265766425873e+03
2.765822126865386963e+03,2.050700271970601079e+03
2.771391690969467163e+03,2.036144138834125670e+03
2.776809734106063843e+03,2.039198237230148607e+03
2.782190353155136108e+03,2.046364882445003332e+03
2.787566955089569092e+03,2.045545786786431336e+03
2.793175992012023926e+03,2.050271131719103323e+03
2.798783975362777710e+03,2.039961744456612905e+03
2.804373956203460693e+03,2.051723787082414219e+03
2.810017170667648315e+03,2.049604572172981989e+03
2.815638450384140015e+03,2.036830884174339189e+03
2.821283309459686279e+03,2.051343054494269836e+03
2.826990100622177124e+03,2.031858792744514858e+03
2.832689328670501709e+03,2.048485602236613431e+03
2.838324044227600098e+03,2.049342050102838584e+03
2.844033253669738770e+03,2.034738888285401799e+03
2.849732579231262207e+03,2.052904518607258524e+03
2.855388271808624268e+03,2.036237662497882184e+03
2.861125223875045776e+03,2.037493991584972264e+03
2.866862663507461548e+03,2.044507827502308146e+03
2.872370365619659424e+03,2.038373840562646365e+03
2.877924302577972412e+03,2.052164555966051466e+03
2.883683266878128052e+03,2.030802024474478230e+03
2.889449909210205078e+03,2.046655297949521355e+03
2.895209589719772339e+03,2.052465299616835182e+03
2.900994484186172485e+03,2.034544309330690112e+03
2.906744481563568115e+03,2.050794201377838363e+03
2.912305983781814575e+03,2.046454523676273993e+03
2.918070190906524658e+03,2.041199812871839413e+03
2.923864875078201294e+03,2.049201419357018494e+03
2.929435720205307007e+03,2.043725984275866722e+03
2.935255047321319580e+03,2.049239459197669021e+03
2.941072099208831787e+03,2.052043600805170172e+03
2.946693888664245605e+03,2.040654438234390227e+03
2.952486147880554199e+03,2.059123375541898895e+03
2.958269767761230469e+03,2.043589240523604531e+03
2.963949393033981323e+03,2.051753978378549618e+03
2.969847245454788208e+03,2.057470785177497419e+03
2.975537648677825928e+03,2.050877653024974734e+03
2.981364588975906372e+03,2.050171954427361925e+03
2.987064468145370483e+03,2.047248948044247527e+03
2.992949507236480713e+03,2.044505702214279609e+03
2.998799810886383057e+03,2.052544053389864075e+03
3.013585679054260254e+03,2.084912670124236683e+03
3.019500773668289185e+03,2.062051926468218880e+03
3.025440332174301147e+03,2.051700760330864796e+03
3.031206051111221313e+03,2.047522057141744199e+03
3.037101659536361694e+03,2.056713837759351463e+03
3.043080030441284180e+03,2.044135171015363994e+03
3.049021193027496338e+03,2.047394176726415026e+03
3.054953519821166992e+03,2.053331240637246083e+03
3.060734829425811768e+03,2.041283598829854554e+03
3.066534696340560913e+03,2.052546782415110556e+03
3.072317853450775146e+03,2.055434213997033112e+03
3.078324798822402954e+03,2.044049585198399654e+03
3.084324973106384277e+03,2.049156428000715550e+03
3.090334341526031494e+03,2.046663980665212875e+03
3.096390466928482056e+03,2.048084459502375466e+03
3.102187602281570435e+03,2.055045181325802332e+03
3.108043749332427979e+03,2.049409520483274264e+03
3.114066478252410889e+03,2.050032379807136749e+03
3.119893372535705566e+03,2.057111486625693487e+03
3.125922074556350708e+03,2.047446720032992744e+03
3.131775122165679932e+03,2.053258352769076737e+03
3.137656043767929077e+03,2.054360871363347997e+03
3.143703272819519043e+03,2.051805237729545297e+03
3.149784093379974365e+03,2.058951393920707233e+03
3.155874765157699585e+03,2.055246252536235261e+03
3.161796655893325806e+03,2.042502685981657123e+03
3.167676969289779663e+03,2.055878990663240529e+03
3.173559414148330688e+03,2.052538113985649943e+03
3.179671090602874756e+03,2.058660325985708369e+03
3.185783241271972656e+03,2.057666654476909571e+03
3.191935604810714722e+03,2.045817959208891125e+03
3.197994353294372559e+03,2.056101379394950072e+03
3.203937780141830444e+03,2.052904592918876006e+03
3.209921989679336548e+03,2.048117674538221763e+03
3.216115907430648804e+03,2.054926626446258979e+03
3.222350099086761475e+03,2.055046158618381014e+03
3.228359984159469604e+03,2.048386479142162898e+03
3.234561512708663940e+03,2.059664384548494581e+03
3.240767747879028320e+03,2.056264249884042783e+03
3.247021731853485107e+03,2.056730116004148385e+03
3.253259760141372681e+03,2.057360521459006577e+03
3.259495509386062622e+03,2.061254553783124265e+03
3.265760108470916748e+03,2.049220749703484671e+03
3.272012501001358032e+03,2.061902743325002575e+03
3.278251236677169800e+03,2.050945540156823881e+03
3.284318171501159668e+03,2.049986342561499896e+03
3.290574597597122192e+03,2.059707087709414282e+03
3.296850067615509033e+03,2.057380139364216120e+03
3.312574430942535400e+03,2.089674219567621094e+03
3.318659923315048218e+03,2.089895062436898115e+03
3.324960272550582886e+03,2.084753127588649932e+03
3.331058276891708374e+03,2.082984496282911095e+03
3.337342084884643555e+03,2.080357149846457105e+03
3.343464517354965210e+03,2.064281796852324987e+03
3.349825831651687622e+03,2.075976557640382907e+03
3.355989296197891235e+03,2.062589498821794677e+03
3.362122245073318481e+03,2.084308339402575712e+03
3.368522230148315430e+03,2.086616784650083446e+03
3.374854393720626831e+03,2.062972699982493396e+03
3.381024345636367798e+03,2.062498988275832744e+03
3.387296827793121338e+03,2.092994540940465413e+03
3.393456330299377441e+03,2.063894986185342987e+03
3.399600122928619385e+03,2.088091837565896640e+03
3.405782420635223389e+03,2.084583461658068245e+03
3.411948541402816772e+03,2.085079785473246375e+03
3.418147199392318726e+03,2.083994897091797156e+03
3.424565480947494507e+03,2.086786949264306259e+03
3.430812073230743408e+03,2.064240621467657547e+03
3.437279864549636841e+03,2.078346137633702710e+03
3.443760329723358154e+03,2.083730930352670384e+03
3.450261853933334351e+03,2.079088362567183140e+03
3.456525777816772461e+03,2.062494298357609750e+03
3.463011695623397827e+03,2.089618337914154381e+03
3.469466074705123901e+03,2.077384736613164023e+03
3.505292104482650757e+03,1.918231562145561384e+03
3.511795814037322998e+03,2.097523224305188251e+03
3.518370484352111816e+03,2.096005859353678716e+03
3.524886154651641846e+03,2.087080869451107446e+03
3.531195709943771362e+03,2.084936078462996647e+03
3.537749465703964233e+03,2.092927156393201130e+03
3.544120832681655884e+03,2.088862173208713102e+03
3.550412327289581299e+03,2.089505767975794242e+03
3.556946122646331787e+03,2.094694307929419665e+03
3.563290324687957764e+03,2.089103401563843818e+03
3.569688257217407227e+03,2.087363383343038095e+03
3.576101585626602173e+03,2.092190763386817707e+03
3.582720278739929199e+03,2.091343522057742121e+03
3.589129828214645386e+03,2.083558026917878124e+03
3.595744382619857788e+03,2.089716600418031248e+03
