5.725019999999999709e+04
9.653819999999990978e+04
1.698055999999999767e+05
2.488545000000000000e+05
2.452138000000000757e+05
1.452163000000000466e+05
5.728369999999999709e+04
4.617040000000000146e+04
5.378040000000001601e+04
4.463969999999998981e+04
5.903660000000001310e+04
1.218035999999999767e+05
1.862892999999999884e+05
1.976532000000000990e+05
1.451097000000000116e+05
7.359640000000000873e+04
3.302570000000000437e+04
3.365109999999999854e+04
4.443299999999998545e+04
5.079809999999999854e+04
8.390749999999998545e+04
1.564658000000000466e+05
2.074788000000001048e+05
1.745732000000000116e+05
9.288650000000000000e+04
3.690309999999999854e+04
2.701070000000000800e+04
3.016780000000000291e+04
3.153389999999999782e+04
4.562429999999999563e+04
8.121850000000000000e+04
1.198856999999999680e+05
1.359904000000000524e+05
1.135915000000000582e+05
6.766519999999998254e+04
3.514770000000001892e+04
3.132990000000001601e+04
3.749140000000002328e+04
4.838869999999999709e+04
7.952239999999995052e+04
1.165432999999999593e+05
1.259267999999999884e+05
1.049436999999999825e+05
7.095889999999997963e+04
4.033150000000001455e+04
2.412589999999999782e+04
2.513890000000000146e+04
3.095569999999999709e+04
4.038129999999998108e+04
6.787980000000000291e+04
9.920399999999998545e+04
9.617810000000002037e+04
6.696899999999995634e+04
4.668159999999999854e+04
3.486300000000000728e+04
2.544709999999999854e+04
3.603259999999999854e+04
5.169629999999998108e+04
6.926010000000002037e+04
1.415055000000000000e+05
2.592166000000000640e+05
2.995501000000000349e+05
2.058639999999999418e+05
8.657730000000001746e+04
3.708210000000000582e+04
3.596939999999998690e+04
3.355320000000000437e+04
3.698100000000000728e+04
7.735089999999995052e+04
1.616929999999999127e+05
2.480569999999999709e+05
2.497800000000000000e+05
1.578273999999999651e+05
6.805369999999999709e+04
4.193779999999998836e+04
4.131930000000000291e+04
3.687579999999998836e+04
5.735390000000000873e+04
1.176374999999999854e+05
1.845689999999999418e+05
2.167750000000000582e+05
1.841759000000000233e+05
1.042276000000000349e+05
4.764860000000000582e+04
3.682429999999998108e+04
3.470020000000000437e+04
2.495689999999999782e+04
2.936870000000000437e+04
5.627800000000000728e+04
8.649530000000001746e+04
1.150941999999999680e+05
1.465395000000000291e+05
1.409268999999999651e+05
8.533709999999997672e+04
5.274420000000001892e+04
6.542679999999999563e+04
6.951469999999998254e+04
1.047902999999999738e+05
1.979432999999999593e+05
2.292053000000000757e+05
1.510776000000000058e+05
6.522800000000000000e+04
3.111840000000000509e+04
2.554079999999999200e+04
3.062279999999999927e+04
4.096790000000000873e+04
5.731209999999999127e+04
1.055792000000000407e+05
1.800548000000000175e+05
1.987410000000000582e+05
1.309788000000000029e+05
5.564770000000001164e+04
3.142189999999999418e+04
3.398589999999997963e+04
4.200319999999997526e+04
5.708379999999998836e+04
8.744680000000000291e+04
1.346716999999999825e+05
1.658865000000000582e+05
1.397432999999999884e+05
7.655919999999999709e+04
3.317219999999999709e+04
2.437519999999998981e+04
3.221319999999998981e+04
4.471709999999999854e+04
6.039220000000002619e+04
1.004077999999999738e+05
1.726398000000000757e+05
2.225400000000000582e+05
1.826947999999999884e+05
8.554630000000001746e+04
3.668949999999998545e+04
4.081889999999999418e+04
4.314589999999997235e+04
5.450380000000003201e+04
8.872009999999999127e+04
1.324989999999999709e+05
1.729339999999999709e+05
1.790728000000000757e+05
1.317526000000000058e+05
5.979280000000001019e+04
3.491270000000000437e+04
4.734630000000001746e+04
4.908719999999998981e+04
7.642940000000005239e+04
1.383483999999999942e+05
1.723624999999999418e+05
1.587055999999999767e+05
1.177058999999999942e+05
6.773440000000003783e+04
3.180610000000000582e+04
3.211920000000000073e+04
4.282600000000001455e+04
4.969180000000000291e+04
8.514080000000001746e+04
1.158254000000000378e+05
1.013534000000000087e+05
7.127119999999995343e+04
5.165839999999997235e+04
3.768540000000000873e+04
2.492070000000000437e+04
2.899419999999998981e+04
4.305630000000001019e+04
6.262169999999998254e+04
1.081941999999999971e+05
1.277663000000000320e+05
9.284989999999997963e+04
5.343349999999999272e+04
3.444760000000000582e+04
3.028000000000000000e+04
2.626700000000000364e+04
3.141730000000001382e+04
4.955110000000001310e+04
7.457380000000000291e+04
1.131699000000000087e+05
1.135501999999999534e+05
7.044830000000001746e+04
4.047120000000000437e+04
2.774359999999999854e+04
2.855999999999999636e+04
2.949620000000000800e+04
3.032379999999999927e+04
4.814029999999998836e+04
7.337059999999999127e+04
1.170819999999999854e+05
1.832285000000000582e+05
1.948249999999999127e+05
1.272509000000000378e+05
8.935559999999999127e+04
7.125410000000003492e+04
4.513929999999999563e+04
7.641700000000000000e+04
1.065927999999999884e+05
1.886372000000000116e+05
3.095472000000000116e+05
2.586660999999999476e+05
1.201475999999999622e+05
4.944250000000001455e+04
3.075350000000000000e+04
2.845489999999998690e+04
4.479060000000000582e+04
7.478509999999999127e+04
1.519650999999999185e+05
2.988351999999999534e+05
3.426598000000001630e+05
2.130979999999999127e+05
8.274789999999997963e+04
3.993299999999997817e+04
3.079180000000000291e+04
3.417810000000000582e+04
5.224759999999998399e+04
7.173410000000002037e+04
1.453709999999999127e+05
1.934420999999999767e+05
1.554159000000000233e+05
1.085950999999999476e+05
6.106029999999998836e+04
5.666470000000001164e+04
5.563039999999998690e+04
5.552940000000000873e+04
9.410129999999998836e+04
1.494111000000000349e+05
2.637039000000000815e+05
2.591818000000000757e+05
1.463689999999999709e+05
7.896190000000000873e+04
5.568610000000000582e+04
6.968999999999998545e+04
6.301620000000001164e+04
8.443920000000004075e+04
1.143970999999999767e+05
1.835901000000000058e+05
2.510316000000000058e+05
1.820663999999999069e+05
1.156852999999999447e+05
7.320239999999999418e+04
6.590719999999998254e+04
6.812129999999995925e+04
6.104020000000001164e+04
8.609949999999997090e+04
1.105717000000000262e+05
1.925383999999999360e+05
1.847249999999999709e+05
1.210638999999999214e+05
9.876569999999996799e+04
6.869390000000000873e+04
8.889510000000000582e+04
7.385940000000003783e+04
8.697770000000001164e+04
1.350552000000000698e+05
2.324941999999999243e+05
3.630164000000000815e+05
2.945558000000001048e+05
1.379126000000000640e+05
5.787060000000000582e+04
5.042170000000001164e+04
4.848090000000000146e+04
4.907350000000001455e+04
7.673979999999997381e+04
1.159262999999999884e+05
2.194590000000000291e+05
2.601207999999999302e+05
1.780835000000000582e+05
8.259600000000002910e+04
4.260460000000002037e+04
4.702879999999998836e+04
4.120570000000000437e+04
6.414390000000000146e+04
9.946980000000001746e+04
1.848907000000001281e+05
2.948307999999999884e+05
2.782670000000000000e+05
1.635120000000000873e+05
6.718680000000000291e+04
4.247950000000000728e+04
4.750969999999999709e+04
4.780649999999997817e+04
6.255229999999998108e+04
7.315980000000000291e+04
7.625150000000001455e+04
1.076435000000000000e+05
1.909040999999999185e+05
1.946354000000000233e+05
1.001737999999999884e+05
6.565280000000000291e+04
5.249250000000001455e+04
4.033079999999998836e+04
6.137539999999997235e+04
1.004512000000000407e+05
1.670690000000000873e+05
1.571638000000000466e+05
1.112842999999999593e+05
8.279179999999998836e+04
5.531309999999999854e+04
6.118109999999999127e+04
4.853620000000004075e+04
6.888839999999997963e+04
9.325450000000002910e+04
1.623819000000000233e+05
2.044317000000000698e+05
1.445969999999999709e+05
1.335491999999999534e+05
9.098690000000000873e+04
6.532640000000000873e+04
6.391709999999999854e+04
5.122119999999999709e+04
7.059329999999998836e+04
8.630210000000000582e+04
1.425969999999999418e+05
1.314956999999999825e+05
1.079141999999999825e+05
1.045531000000000058e+05
6.751660000000000582e+04
6.394779999999999563e+04
4.888690000000000873e+04
5.779029999999998836e+04
1.011312999999999738e+05
2.187394999999999709e+05
4.125497000000002445e+05
4.647192999999998719e+05
2.827843999999998487e+05
1.148824000000000233e+05
7.965469999999998254e+04
4.807570000000000437e+04
4.344810000000002765e+04
5.365959999999998399e+04
1.061214000000000087e+05
2.166239000000000815e+05
3.224558000000001630e+05
3.251288000000000466e+05
1.735271000000000349e+05
8.936249999999995634e+04
6.508770000000000437e+04
3.735829999999998836e+04
4.332129999999997381e+04
6.646819999999998254e+04
1.510042999999999302e+05
2.757718000000001048e+05
3.620872000000000116e+05
2.713902999999999302e+05
1.158105999999999622e+05
7.557069999999999709e+04
5.716059999999998399e+04
4.188030000000002474e+04
6.124529999999997381e+04
1.164030999999999913e+05
2.238319000000000524e+05
2.885097999999999302e+05
2.241195000000000000e+05
1.033947999999999884e+05
4.499239999999999418e+04
4.289979999999998836e+04
3.232950000000000728e+04
3.794069999999999709e+04
6.126869999999998254e+04
1.170900000000000000e+05
2.101831000000000058e+05
2.209828999999999942e+05
1.497433999999999651e+05
7.197279999999998836e+04
3.876190000000000873e+04
3.718860000000000582e+04
3.169490000000001237e+04
4.805899999999998545e+04
8.400510000000000582e+04
1.710132999999999884e+05
2.410905999999999185e+05
1.946277999999999593e+05
1.159764000000000087e+05
5.760070000000001892e+04
4.280569999999998981e+04
4.092300000000002910e+04
3.122180000000000291e+04
4.053589999999998690e+04
3.785889999999998690e+04
4.411659999999999127e+04
8.516709999999996217e+04
1.561228999999998778e+05
1.421781000000000058e+05
6.921989999999997963e+04
4.985679999999998836e+04
3.335540000000000146e+04
3.351489999999999418e+04
5.789510000000002037e+04
1.177557999999999884e+05
2.101201999999999825e+05
2.398103999999999651e+05
1.527338000000000175e+05
6.513549999999998545e+04
4.757119999999999709e+04
3.207600000000001091e+04
3.087839999999999782e+04
4.353989999999998690e+04
8.853729999999995925e+04
1.660781000000000349e+05
2.169154000000000233e+05
1.820360000000000291e+05
8.548030000000000291e+04
4.186480000000000291e+04
3.439079999999999563e+04
2.417639999999999054e+04
3.018770000000000800e+04
4.794550000000001455e+04
9.508150000000001455e+04
1.637531999999999825e+05
1.856641000000000640e+05
1.220439000000000524e+05
5.016749999999999272e+04
3.021749999999999636e+04
2.575679999999999927e+04
2.405319999999998254e+04
3.448229999999997381e+04
5.410680000000001019e+04
9.568080000000003201e+04
1.159833000000000029e+05
8.715039999999999418e+04
5.187080000000001019e+04
2.931569999999999345e+04
2.394280000000001019e+04
2.044310000000000946e+04
2.269069999999998981e+04
2.965809999999999491e+04
4.175870000000000437e+04
6.265579999999998836e+04
5.633100000000000000e+04
4.225880000000001019e+04
3.179649999999999272e+04
2.258190000000000146e+04
2.235679999999999927e+04
1.980459999999999854e+04
2.318639999999999782e+04
2.841019999999999709e+04
4.400759999999999854e+04
5.324570000000003347e+04
4.073450000000000000e+04
3.638630000000001019e+04
2.892949999999998909e+04
2.188479999999999563e+04
2.107940000000000509e+04
2.028220000000000437e+04
2.547030000000000291e+04
3.615869999999998981e+04
5.651160000000002765e+04
5.850410000000001310e+04
3.958039999999997235e+04
2.330600000000000728e+04
1.887230000000000291e+04
1.817019999999999345e+04
1.697350000000000000e+04
1.964470000000000800e+04
2.355669999999999345e+04
3.379619999999999709e+04
4.356859999999998399e+04
4.559019999999998981e+04
3.535170000000000437e+04
2.204599999999999272e+04
1.734879999999999927e+04
1.622529999999999382e+04
1.847359999999999491e+04
2.612359999999999491e+04
3.708760000000000582e+04
5.485370000000000437e+04
6.291339999999999418e+04
4.709830000000001019e+04
2.959980000000000291e+04
2.017270000000000437e+04
1.751490000000000509e+04
1.607249999999999818e+04
1.809610000000000218e+04
1.930809999999999127e+04
2.036619999999999709e+04
2.315029999999999563e+04
3.129789999999998327e+04
3.510920000000001892e+04
2.553220000000000800e+04
1.768579999999999927e+04
1.769279999999999563e+04
1.806380000000000655e+04
2.259460000000000218e+04
2.981310000000000582e+04
3.957040000000002328e+04
4.732410000000000582e+04
3.788409999999999854e+04
3.010090000000000146e+04
2.410410000000001310e+04
2.390590000000000509e+04
2.227860000000000582e+04
2.289719999999999709e+04
3.066229999999999927e+04
4.090989999999999418e+04
5.850020000000000437e+04
4.869469999999999709e+04
3.745629999999997381e+04
3.025090000000000873e+04
2.260819999999999709e+04
2.192819999999999709e+04
2.105250000000000728e+04
2.686289999999999418e+04
3.052369999999999709e+04
4.446080000000000291e+04
5.436370000000001164e+04
5.114970000000001892e+04
4.779300000000002910e+04
3.332250000000000000e+04
3.132459999999998763e+04
3.061240000000000146e+04
2.955000000000000364e+04
4.240239999999999418e+04
6.042180000000002474e+04
1.018608000000000175e+05
1.080686000000000058e+05
7.200999999999997090e+04
3.907780000000000291e+04
2.717569999999999345e+04
2.583489999999999782e+04
2.398459999999998399e+04
3.100429999999999563e+04
4.424599999999997090e+04
7.835790000000000873e+04
1.154284999999999854e+05
1.067371000000000204e+05
6.127980000000000291e+04
3.145629999999999927e+04
2.676859999999999854e+04
2.662299999999999636e+04
2.856679999999999563e+04
4.148880000000001019e+04
6.152970000000000437e+04
1.038049999999999854e+05
1.229442999999999593e+05
1.014390000000000146e+05
6.629410000000000582e+04
4.021499999999998545e+04
3.937760000000004220e+04
3.483869999999998981e+04
3.480059999999999127e+04
4.198530000000002474e+04
6.053049999999998545e+04
8.184789999999996508e+04
7.258229999999995925e+04
6.094880000000001746e+04
4.644360000000002037e+04
3.550909999999998399e+04
3.643030000000001019e+04
2.841730000000000291e+04
3.483560000000000582e+04
3.813440000000003056e+04
5.883180000000001019e+04
5.889670000000000437e+04
5.108000000000001455e+04
5.507429999999999563e+04
3.781070000000001892e+04
3.270530000000001746e+04
3.121769999999999709e+04
2.921139999999999782e+04
3.533040000000000873e+04
3.603350000000002183e+04
4.912050000000001455e+04
4.860400000000000728e+04
8.065570000000001164e+04
1.005087999999999738e+05
6.247200000000000728e+04
4.874170000000000437e+04
3.290519999999999709e+04
3.203980000000000291e+04
3.310040000000000146e+04
3.504590000000000146e+04
5.926530000000000291e+04
7.929199999999998545e+04
5.283370000000000437e+04
2.784300000000000364e+04
2.361090000000000873e+04
2.457419999999998618e+04
2.471990000000000873e+04
3.404610000000001310e+04
5.658810000000000582e+04
1.101572000000000407e+05
1.597752000000000116e+05
1.195818000000000320e+05
5.588140000000001601e+04
3.503589999999999418e+04
3.410559999999999127e+04
2.794040000000000873e+04
3.362799999999999272e+04
4.978379999999998836e+04
9.642269999999995343e+04
1.583797999999999593e+05
1.685339000000000815e+05
1.095496000000000058e+05
5.081229999999998836e+04
3.844080000000001019e+04
3.325289999999998690e+04
2.985739999999999782e+04
3.873759999999999127e+04
6.001149999999998545e+04
1.074930000000000291e+05
1.279584000000000087e+05
9.590189999999999418e+04
5.657029999999996653e+04
3.583959999999997672e+04
3.431120000000000437e+04
2.978500000000001455e+04
3.354559999999999854e+04
5.159699999999998545e+04
9.000819999999999709e+04
1.334692000000000407e+05
1.210183000000000320e+05
7.781730000000001746e+04
4.863559999999999127e+04
3.351660000000001310e+04
3.344409999999999127e+04
2.823600000000000000e+04
3.797990000000001601e+04
5.317959999999999854e+04
9.715660000000002037e+04
1.154849000000000087e+05
9.704589999999999418e+04
8.173730000000004657e+04
4.495839999999997235e+04
3.762599999999999272e+04
3.084870000000000073e+04
2.907279999999999563e+04
3.903069999999999709e+04
5.570489999999998690e+04
8.946970000000001164e+04
8.311960000000003492e+04
7.366880000000000291e+04
6.317620000000001164e+04
3.871439999999999418e+04
4.379419999999998254e+04
3.477009999999998399e+04
4.258030000000002474e+04
6.528840000000000873e+04
1.250505999999999913e+05
1.785909999999999709e+05
1.600208000000000175e+05
9.818709999999996217e+04
4.604650000000002183e+04
3.590329999999999563e+04
2.969329999999998472e+04
3.390990000000000146e+04
5.389659999999999854e+04
9.801700000000004366e+04
1.834808999999999942e+05
2.225840999999998894e+05
1.617294000000000815e+05
7.717779999999997381e+04
3.996779999999998836e+04
3.118990000000000146e+04
2.466869999999998618e+04
3.273230000000000291e+04
5.500980000000001746e+04
1.016945999999999476e+05
1.546667000000000698e+05
1.579498000000000466e+05
1.089686999999999971e+05
5.505789999999999418e+04
3.249049999999999272e+04
3.047020000000001164e+04
2.583450000000000000e+04
3.237250000000000000e+04
3.100570000000000073e+04
4.216919999999999709e+04
6.629650000000002910e+04
8.494630000000001746e+04
6.405989999999999418e+04
3.305289999999999418e+04
2.258569999999999345e+04
2.544800000000000728e+04
3.016189999999999782e+04
5.075120000000000437e+04
6.645200000000000000e+04
9.934659999999999127e+04
9.385360000000002037e+04
7.789639999999997963e+04
6.391740000000000873e+04
3.707890000000001601e+04
2.911970000000000073e+04
2.286209999999999491e+04
2.405890000000000146e+04
2.389790000000000509e+04
3.156150000000000728e+04
4.170300000000001455e+04
7.934210000000000582e+04
1.373348999999999651e+05
1.131524000000000378e+05
7.306650000000001455e+04
6.263959999999999854e+04
4.797490000000000146e+04
6.725430000000000291e+04
6.919830000000000291e+04
1.167198999999999942e+05
1.084031999999999971e+05
8.668709999999999127e+04
8.449059999999997672e+04
5.228350000000000000e+04
4.014030000000000291e+04
3.100220000000000073e+04
4.049900000000000728e+04
5.600689999999999418e+04
1.051245999999999767e+05
1.690983000000000466e+05
2.179907999999999010e+05
1.580270000000000582e+05
6.738939999999996508e+04
4.201230000000000291e+04
2.713079999999999927e+04
2.937689999999999782e+04
3.600229999999998836e+04
6.394370000000000437e+04
1.179388000000000320e+05
1.888769000000000233e+05
2.031159999999999709e+05
1.153844999999999709e+05
5.411040000000001601e+04
3.792149999999999272e+04
2.982450000000000000e+04
4.029739999999999418e+04
6.189580000000002474e+04
1.203105000000000000e+05
1.943353000000000757e+05
2.458608999999999069e+05
1.832757000000000990e+05
7.873159999999996217e+04
4.726009999999995489e+04
3.385989999999997963e+04
3.769650000000000728e+04
5.301360000000002037e+04
8.850279999999994470e+04
1.561178999999998778e+05
2.099434000000000233e+05
1.900924999999999418e+05
9.953440000000000873e+04
4.439659999999998399e+04
3.148189999999998690e+04
2.730250000000000728e+04
4.213869999999999709e+04
5.530270000000000437e+04
9.084359999999994761e+04
1.457386000000000058e+05
1.744002000000000116e+05
1.462003000000000757e+05
7.572660000000000582e+04
4.342359999999996944e+04
3.516039999999999418e+04
2.982070000000001164e+04
4.643960000000001310e+04
6.867920000000002619e+04
1.231393999999999505e+05
1.728298000000000466e+05
1.608539999999999418e+05
9.646989999999999418e+04
4.362980000000002474e+04
3.231209999999999854e+04
2.729550000000000000e+04
3.085140000000001601e+04
3.834439999999997963e+04
3.996579999999999563e+04
4.782669999999999709e+04
5.448139999999997963e+04
7.678090000000000873e+04
7.291270000000004075e+04
4.088640000000001601e+04
3.212669999999999345e+04
2.702380000000000655e+04
3.550189999999997963e+04
5.096419999999999709e+04
9.193239999999997963e+04
1.548636000000000931e+05
1.876911000000000640e+05
1.384231999999999825e+05
6.774339999999997963e+04
4.640740000000000146e+04
3.017200000000000364e+04
3.305580000000000291e+04
4.100640000000002328e+04
6.839169999999999709e+04
1.233804999999999709e+05
1.925183999999999651e+05
2.011412000000001572e+05
1.104375999999999913e+05
5.739950000000000728e+04
4.060710000000002037e+04
2.928459999999999491e+04
4.048349999999999272e+04
5.923829999999998836e+04
1.045800000000000146e+05
1.587142999999999302e+05
1.777636999999999825e+05
1.187396999999999971e+05
5.292809999999999127e+04
4.107610000000000582e+04
3.179489999999999782e+04
3.388429999999998836e+04
4.959720000000002619e+04
8.078470000000002619e+04
1.387320000000000582e+05
1.782260999999999185e+05
1.495906000000000349e+05
7.816729999999998836e+04
3.836990000000000146e+04
3.653369999999999709e+04
3.072679999999999563e+04
3.974100000000000000e+04
6.017040000000003056e+04
1.040731000000000058e+05
1.697575999999999476e+05
1.764371000000000058e+05
1.265117999999999593e+05
6.158779999999999563e+04
3.673159999999999854e+04
3.344120000000001164e+04
2.808870000000000073e+04
4.020849999999997817e+04
6.408959999999999127e+04
1.173916999999999825e+05
1.500644000000000524e+05
1.223828999999999796e+05
8.106260000000000582e+04
4.507219999999998981e+04
4.090719999999999709e+04
3.631990000000000146e+04
3.185769999999998981e+04
4.370129999999999563e+04
7.827000000000000000e+04
1.382922000000000116e+05
1.831308000000000175e+05
1.775271000000000931e+05
1.071566000000000204e+05
6.315300000000000000e+04
3.973440000000001601e+04
3.051060000000000218e+04
3.293800000000000728e+04
4.671480000000002474e+04
8.582669999999999709e+04
1.473003999999999651e+05
2.148156000000000931e+05
1.740340000000000582e+05
9.458369999999998254e+04
5.890390000000000146e+04
3.209759999999999854e+04
2.894100000000000364e+04
3.438209999999998399e+04
6.639390000000002328e+04
1.155144999999999854e+05
1.729510999999999767e+05
1.843008999999999069e+05
1.054809000000000524e+05
5.352310000000000582e+04
3.436330000000000291e+04
2.385169999999999345e+04
2.606130000000001019e+04
3.019610000000000946e+04
4.151359999999999127e+04
4.518069999999998254e+04
4.931179999999997381e+04
8.570820000000002619e+04
7.824690000000000873e+04
4.153000000000000728e+04
3.921410000000001310e+04
3.425409999999999854e+04
4.404149999999999272e+04
7.084719999999999709e+04
1.314900000000000000e+05
1.725095000000000000e+05
1.375618999999999651e+05
7.247089999999997963e+04
4.089710000000000582e+04
4.084379999999998836e+04
3.171229999999999200e+04
3.606779999999999563e+04
5.383720000000001164e+04
9.731129999999993015e+04
1.558404999999999709e+05
1.663202999999999593e+05
1.218856999999999971e+05
6.226749999999998545e+04
4.254880000000001019e+04
3.390830000000000291e+04
2.881080000000001019e+04
3.882870000000000437e+04
6.299230000000001746e+04
1.148648000000000320e+05
1.474115000000000000e+05
1.292618999999999796e+05
8.393349999999998545e+04
4.960480000000001019e+04
4.053160000000002037e+04
2.951309999999999854e+04
2.712290000000000509e+04
3.514250000000001455e+04
5.869229999999999563e+04
1.000193000000000175e+05
1.391807999999999884e+05
1.485041000000000058e+05
1.010052999999999738e+05
6.619969999999999709e+04
4.283029999999998836e+04
2.983950000000000728e+04
3.452849999999998545e+04
4.979030000000001746e+04
8.966510000000002037e+04
1.453023999999999651e+05
1.909367999999999884e+05
1.551551999999999534e+05
8.376839999999997963e+04
5.404930000000003201e+04
3.377930000000001019e+04
3.012430000000001019e+04
3.875449999999998545e+04
6.908250000000000000e+04
1.208574000000000087e+05
1.651185999999999476e+05
1.683144000000000233e+05
1.024358000000000175e+05
6.056930000000001746e+04
4.339920000000000437e+04
3.009129999999999200e+04
3.884580000000000291e+04
5.795309999999999854e+04
1.008341999999999971e+05
1.427297999999999884e+05
1.440435000000000000e+05
9.294280000000000291e+04
4.794069999999998981e+04
3.870379999999999563e+04
3.067290000000000873e+04
3.371639999999999418e+04
4.942780000000001746e+04
7.964469999999999709e+04
1.348601000000000058e+05
1.581934000000000233e+05
1.272169999999999854e+05
7.110169999999999709e+04
4.072510000000001310e+04
3.725550000000001455e+04
3.098770000000000073e+04
3.673840000000000873e+04
5.176370000000001164e+04
7.823510000000003492e+04
1.115733000000000029e+05
1.040778999999999942e+05
7.688859999999999127e+04
4.953750000000001455e+04
3.426149999999998545e+04
3.160770000000000073e+04
2.260250000000000000e+04
2.079960000000000946e+04
2.215229999999999200e+04
2.944239999999999782e+04
5.278679999999998108e+04
7.110740000000005239e+04
5.640920000000001164e+04
3.308569999999999709e+04
2.289969999999999709e+04
2.082530000000000655e+04
2.181459999999998763e+04
3.072370000000000800e+04
5.195440000000000146e+04
8.398360000000003492e+04
1.343991999999999534e+05
1.563633999999999360e+05
1.145182000000000407e+05
7.199080000000003201e+04
4.297230000000000291e+04
3.026239999999999782e+04
3.361310000000001310e+04
4.457009999999999127e+04
7.967799999999998545e+04
1.260981999999999971e+05
1.844663000000000466e+05
1.588308999999999651e+05
8.789869999999996799e+04
5.407409999999999127e+04
3.302340000000000146e+04
3.282850000000000000e+04
4.063819999999998981e+04
7.281160000000002037e+04
1.177501999999999825e+05
1.540768000000000757e+05
1.471842000000000116e+05
8.605469999999998254e+04
5.389160000000000582e+04
3.709940000000002328e+04
2.823590000000000509e+04
3.503939999999999418e+04
5.058360000000002765e+04
8.949869999999998254e+04
1.282810999999999913e+05
1.411019000000000233e+05
9.883769999999996799e+04
5.231170000000000437e+04
4.078100000000002183e+04
3.159120000000001528e+04
3.144560000000000218e+04
4.308510000000001310e+04
6.324080000000000291e+04
9.957480000000000291e+04
1.197286000000000204e+05
1.068587999999999884e+05
6.918209999999999127e+04
4.163440000000000146e+04
3.291199999999999272e+04
2.934270000000000073e+04
3.400309999999998399e+04
4.733859999999998399e+04
7.528840000000002328e+04
1.088144000000000233e+05
1.119671999999999680e+05
7.942190000000002328e+04
4.334140000000000146e+04
3.348710000000000582e+04
3.005240000000000146e+04
2.557209999999999491e+04
3.254250000000000000e+04
4.526359999999999127e+04
6.911150000000002910e+04
8.873850000000000000e+04
9.724779999999997381e+04
7.254229999999997381e+04
4.531239999999998690e+04
3.653250000000001455e+04
2.525859999999998763e+04
2.817829999999999927e+04
3.153180000000000291e+04
4.522830000000000291e+04
6.652589999999999418e+04
7.998979999999995925e+04
6.543689999999998690e+04
3.841209999999999854e+04
3.096749999999999636e+04
2.637689999999999418e+04
2.498359999999999491e+04
3.376319999999999709e+04
4.908520000000000437e+04
7.723379999999998836e+04
1.026712999999999884e+05
1.011408999999999942e+05
8.067000000000000000e+04
5.062940000000000873e+04
3.754329999999998836e+04
2.863969999999998981e+04
2.149559999999999854e+04
2.105189999999999418e+04
2.018699999999999272e+04
2.633300000000000000e+04
3.986919999999998981e+04
6.431569999999998254e+04
6.459630000000001746e+04
3.915210000000001310e+04
2.845420000000001164e+04
3.010680000000000291e+04
3.194079999999999927e+04
4.503740000000000146e+04
7.112860000000002037e+04
1.008067000000000116e+05
1.108323000000000029e+05
8.580579999999995925e+04
4.968079999999998836e+04
3.829589999999998690e+04
3.154879999999999563e+04
3.188649999999999636e+04
4.200340000000000146e+04
5.532480000000003929e+04
8.528289999999996508e+04
9.552499999999998545e+04
7.860539999999999418e+04
5.175030000000001019e+04
3.388570000000001164e+04
3.185119999999999345e+04
2.841229999999999200e+04
3.256620000000000800e+04
4.392179999999999563e+04
6.023919999999998254e+04
8.615910000000003492e+04
8.099539999999995052e+04
6.346290000000000146e+04
4.534849999999999272e+04
3.519060000000001310e+04
3.256239999999999782e+04
2.898999999999999636e+04
3.753059999999999127e+04
4.485770000000001164e+04
7.041619999999999709e+04
9.262210000000002037e+04
9.888529999999997381e+04
7.873960000000000582e+04
5.145830000000002474e+04
3.607830000000000291e+04
2.682400000000000728e+04
3.184929999999999563e+04
4.095910000000000582e+04
6.203960000000000582e+04
9.173610000000003492e+04
1.221093999999999942e+05
1.192601000000000058e+05
7.578890000000005239e+04
4.714149999999999272e+04
3.441269999999999709e+04
2.839969999999999709e+04
3.726629999999999563e+04
5.367550000000000728e+04
8.161869999999999709e+04
1.020944000000000378e+05
1.053749000000000087e+05
8.418909999999999127e+04
5.449390000000001601e+04
4.172330000000002474e+04
3.181090000000000873e+04
3.667800000000000728e+04
5.025819999999998254e+04
6.696209999999997672e+04
1.005062999999999593e+05
1.014026000000000204e+05
7.407300000000000000e+04
4.711900000000000000e+04
3.533560000000000582e+04
2.989739999999999782e+04
2.831030000000000291e+04
3.770810000000002765e+04
4.501629999999998108e+04
6.185789999999998690e+04
7.502940000000000873e+04
6.403900000000001455e+04
4.787190000000000873e+04
3.782190000000000873e+04
3.474449999999999272e+04
2.995039999999999782e+04
2.863590000000000146e+04
3.686739999999999418e+04
4.199300000000000000e+04
6.126840000000002328e+04
5.871039999999997963e+04
5.284940000000001601e+04
6.370069999999998981e+04
5.349279999999999563e+04
3.910980000000001019e+04
2.586539999999999782e+04
1.921100000000000364e+04
1.754340000000000146e+04
1.780049999999999636e+04
2.601219999999999709e+04
5.025609999999999854e+04
6.445530000000001019e+04
4.570900000000002183e+04
2.862330000000000655e+04
2.813609999999999854e+04
3.158040000000000873e+04
4.120029999999999563e+04
5.845350000000002183e+04
8.110409999999997672e+04
1.031477000000000553e+05
1.043396000000000058e+05
7.331860000000000582e+04
4.387579999999998108e+04
3.002920000000000800e+04
2.621130000000000655e+04
3.160769999999999709e+04
3.935540000000000146e+04
5.344110000000001310e+04
7.754699999999998545e+04
8.300770000000001164e+04
7.286279999999997381e+04
5.625490000000001601e+04
3.958250000000000000e+04
3.536740000000000146e+04
3.078029999999998836e+04
4.043499999999999272e+04
4.825049999999997817e+04
6.970239999999999418e+04
8.778559999999996217e+04
7.421009999999999127e+04
5.774480000000001019e+04
4.108049999999997817e+04
3.793619999999999709e+04
3.364029999999998836e+04
3.060039999999999782e+04
3.889920000000001892e+04
4.697779999999998108e+04
6.210969999999999709e+04
5.732259999999999127e+04
4.453540000000001601e+04
4.037270000000000437e+04
4.064970000000000437e+04
3.993780000000001746e+04
2.747929999999999200e+04
3.170940000000001601e+04
3.704349999999998545e+04
4.975050000000000000e+04
5.631619999999998254e+04
4.554299999999998545e+04
4.441519999999998254e+04
3.974729999999999563e+04
3.674559999999999127e+04
3.101519999999999345e+04
2.591569999999999709e+04
2.870519999999998981e+04
3.150440000000000146e+04
4.133519999999998981e+04
4.375789999999999418e+04
4.363290000000000146e+04
5.051340000000002328e+04
4.585330000000001746e+04
4.620070000000001892e+04
3.722910000000000582e+04
3.686600000000000000e+04
5.016100000000003638e+04
6.611420000000001164e+04
9.145169999999996799e+04
8.883319999999999709e+04
6.693090000000000873e+04
4.825669999999998981e+04
4.288200000000001455e+04
3.184469999999999709e+04
2.911300000000001455e+04
3.810709999999998399e+04
5.292990000000002328e+04
7.689419999999996799e+04
9.466030000000001746e+04
8.991939999999999418e+04
6.501950000000000000e+04
4.798999999999999272e+04
3.659580000000001746e+04
2.697990000000000509e+04
3.140579999999998472e+04
3.970990000000000146e+04
5.285780000000000291e+04
7.328140000000000873e+04
7.344130000000000291e+04
6.127119999999997526e+04
4.705509999999999854e+04
3.301080000000000291e+04
2.385859999999999854e+04
1.778800000000000000e+04
1.577779999999999745e+04
1.642289999999999782e+04
2.072009999999999127e+04
3.515860000000001310e+04
5.223480000000001019e+04
5.363879999999999563e+04
3.856120000000001164e+04
2.684580000000000291e+04
2.776260000000001310e+04
2.831819999999998981e+04
3.496630000000001019e+04
4.684800000000000728e+04
6.033280000000000291e+04
5.845600000000000728e+04
4.371009999999996944e+04
3.639819999999999709e+04
3.692919999999999709e+04
3.829579999999999563e+04
2.990190000000001601e+04
3.585979999999998108e+04
4.402020000000001892e+04
5.718229999999999563e+04
6.991219999999998254e+04
5.405069999999998981e+04
3.997280000000000291e+04
3.477079999999998836e+04
3.405919999999999709e+04
2.970039999999999054e+04
2.584539999999999054e+04
3.341259999999999854e+04
3.932580000000001019e+04
5.378210000000001310e+04
5.428340000000000873e+04
4.515860000000001310e+04
4.242540000000000146e+04
3.733759999999998399e+04
3.664130000000001019e+04
2.869039999999999782e+04
2.802839999999999782e+04
3.693539999999998690e+04
4.653580000000002474e+04
6.488949999999999272e+04
7.256339999999997963e+04
6.119320000000001164e+04
4.477710000000001310e+04
3.659700000000002183e+04
2.672720000000000437e+04
2.584300000000000728e+04
3.534169999999998254e+04
4.689249999999997817e+04
6.730459999999999127e+04
8.504490000000000873e+04
8.683920000000002619e+04
6.677679999999998836e+04
4.952979999999998108e+04
3.858639999999999418e+04
2.779589999999999782e+04
3.291229999999999563e+04
4.599929999999999563e+04
6.442969999999999709e+04
8.696970000000001164e+04
8.888640000000003783e+04
6.998660000000000582e+04
4.967240000000000873e+04
4.206050000000000000e+04
3.154260000000000218e+04
2.607540000000000146e+04
3.354750000000000000e+04
4.134640000000000146e+04
5.492400000000000000e+04
6.216090000000003056e+04
5.265740000000000146e+04
4.460420000000000437e+04
4.346700000000000000e+04
3.959579999999998836e+04
3.261509999999999127e+04
2.945319999999999709e+04
3.603780000000000291e+04
4.584770000000000437e+04
5.582390000000000146e+04
5.381390000000001601e+04
3.796710000000002037e+04
2.901989999999999418e+04
3.139209999999999491e+04
3.152289999999999782e+04
2.530590000000001601e+04
3.167519999999999345e+04
3.602710000000000582e+04
4.355150000000000728e+04
5.035059999999997672e+04
4.292659999999998399e+04
4.342229999999999563e+04
4.033900000000001455e+04
3.001370000000000073e+04
2.192939999999999418e+04
1.685280000000000291e+04
1.502150000000000000e+04
1.635779999999999927e+04
2.102200000000000364e+04
3.179390000000000509e+04
4.419819999999998981e+04
4.111140000000000146e+04
2.718229999999999927e+04
2.069729999999999927e+04
2.273740000000000509e+04
2.571519999999998254e+04
3.413650000000001455e+04
4.755490000000003056e+04
6.093130000000001746e+04
8.510280000000006112e+04
9.768650000000001455e+04
7.809550000000001455e+04
5.280970000000001892e+04
3.058280000000000291e+04
2.705400000000000000e+04
3.237909999999998035e+04
4.041240000000000146e+04
5.591290000000000146e+04
7.269649999999995634e+04
9.383019999999995343e+04
8.384840000000002328e+04
5.922539999999998690e+04
4.064980000000000291e+04
2.749030000000000655e+04
2.918220000000000800e+04
3.955689999999998690e+04
5.466100000000001455e+04
7.098450000000001455e+04
8.380920000000002619e+04
8.171609999999999127e+04
6.375609999999999127e+04
4.905170000000000437e+04
3.393540000000000146e+04
2.740159999999999127e+04
3.586729999999998836e+04
4.834829999999996653e+04
6.590750000000002910e+04
8.301239999999997963e+04
9.275960000000000582e+04
7.802629999999997381e+04
5.170390000000000873e+04
3.730229999999998836e+04
2.605429999999999200e+04
2.523109999999999491e+04
3.339739999999999418e+04
4.540000000000002183e+04
6.178280000000001746e+04
7.073629999999998836e+04
6.226609999999996944e+04
4.338029999999998108e+04
3.421029999999999563e+04
3.123400000000000728e+04
2.524180000000000291e+04
2.939949999999999272e+04
4.021989999999999418e+04
5.852259999999998399e+04
7.778000000000002910e+04
8.098409999999999127e+04
6.247520000000000437e+04
4.019689999999998690e+04
3.203620000000000437e+04
2.617100000000000000e+04
2.320669999999999345e+04
2.703010000000000218e+04
3.685040000000001601e+04
5.243910000000000582e+04
7.261909999999999127e+04
8.449070000000002619e+04
7.166820000000001164e+04
5.319159999999999854e+04
4.178059999999998399e+04
2.892769999999999709e+04
2.887589999999999418e+04
3.647500000000000000e+04
5.172780000000001019e+04
6.765639999999999418e+04
8.493779999999995925e+04
9.101279999999998836e+04
7.467019999999998254e+04
5.828439999999997963e+04
3.580639999999998690e+04
2.872420000000001892e+04
3.438059999999998399e+04
4.591140000000002328e+04
5.855650000000000728e+04
6.667640000000002328e+04
7.701879999999998836e+04
6.759109999999999127e+04
4.711869999999998254e+04
3.122089999999999418e+04
2.100790000000000509e+04
1.813529999999999563e+04
1.758419999999999709e+04
1.724729999999998836e+04
1.783519999999998981e+04
2.430119999999998618e+04
4.296209999999998399e+04
4.763760000000000582e+04
3.401700000000000000e+04
3.000919999999999709e+04
3.161139999999999418e+04
3.507630000000001019e+04
4.245030000000001746e+04
5.202460000000001310e+04
6.204400000000000728e+04
5.988180000000001746e+04
4.163650000000000000e+04
2.785300000000000364e+04
2.513910000000000218e+04
2.576909999999999854e+04
2.737270000000000073e+04
3.629529999999999563e+04
4.676350000000000000e+04
5.963739999999999418e+04
6.914720000000001164e+04
6.200089999999998690e+04
4.572010000000000582e+04
3.676360000000001310e+04
3.616129999999998108e+04
2.932629999999999200e+04
3.022050000000000364e+04
3.428140000000000873e+04
4.347559999999999854e+04
5.349080000000002474e+04
4.988269999999999709e+04
4.804750000000000728e+04
3.726779999999999563e+04
3.491759999999999854e+04
3.329849999999999272e+04
2.662700000000000728e+04
3.226630000000000655e+04
4.098030000000001019e+04
5.270099999999998545e+04
6.775469999999996799e+04
7.258769999999999709e+04
6.207439999999999418e+04
4.931910000000001310e+04
3.453269999999999709e+04
2.391679999999999563e+04
2.644859999999999854e+04
3.354709999999999127e+04
4.428209999999996944e+04
5.365860000000004220e+04
6.619470000000001164e+04
6.283439999999999418e+04
4.490739999999998690e+04
3.733920000000000437e+04
2.924329999999999200e+04
2.815100000000000000e+04
3.882920000000000437e+04
5.095529999999998836e+04
6.766920000000001164e+04
8.190849999999998545e+04
7.999439999999999418e+04
5.718069999999999709e+04
4.022989999999999418e+04
3.569600000000000728e+04
2.888660000000000218e+04
2.912460000000000218e+04
3.665590000000000146e+04
4.508659999999999127e+04
5.149400000000001455e+04
5.168239999999997235e+04
3.983519999999998981e+04
2.877810000000000582e+04
2.939040000000000146e+04
3.053859999999999491e+04
2.747319999999999345e+04
3.510740000000001601e+04
4.074440000000002328e+04
4.683389999999998690e+04
5.069039999999999418e+04
3.700790000000001601e+04
2.916520000000001164e+04
2.862760000000000218e+04
2.910490000000000509e+04
2.483440000000000509e+04
2.211010000000000218e+04
2.604669999999999709e+04
2.855590000000000146e+04
3.492359999999999854e+04
3.157080000000001019e+04
2.956390000000000873e+04
3.450489999999999418e+04
2.989879999999999200e+04
2.282220000000000073e+04
1.928550000000000000e+04
1.621490000000000146e+04
1.516649999999999818e+04
1.749859999999999854e+04
2.522820000000000073e+04
3.832700000000001455e+04
4.404960000000001310e+04
3.662969999999998981e+04
2.442360000000000218e+04
2.422089999999999418e+04
3.201400000000000728e+04
3.466780000000001746e+04
4.492489999999999418e+04
5.613819999999999709e+04
6.025060000000002765e+04
5.634340000000000146e+04
4.068509999999999854e+04
2.970689999999999418e+04
2.702770000000000073e+04
2.367130000000000655e+04
2.645310000000000582e+04
3.470589999999999418e+04
4.438779999999998108e+04
5.248320000000001164e+04
4.905320000000000437e+04
4.127680000000000291e+04
3.295219999999999709e+04
3.243030000000000655e+04
3.205589999999999418e+04
2.728640000000000146e+04
3.461480000000001019e+04
4.059600000000000000e+04
5.164400000000000000e+04
5.310159999999999127e+04
3.742569999999998981e+04
2.947170000000000437e+04
2.801189999999999418e+04
3.023310000000000218e+04
2.508459999999999127e+04
2.531109999999999127e+04
3.155459999999999491e+04
3.765639999999999418e+04
4.434249999999998545e+04
3.895310000000001310e+04
3.143399999999998545e+04
2.653329999999999927e+04
2.721140000000000146e+04
2.818100000000001091e+04
2.240639999999999418e+04
2.392909999999999854e+04
2.526480000000001382e+04
2.931859999999999854e+04
3.139180000000000291e+04
2.713089999999997599e+04
3.091790000000000873e+04
3.308789999999998690e+04
3.288189999999999418e+04
2.826050000000000364e+04
2.435919999999998981e+04
2.864659999999999491e+04
3.306380000000000291e+04
4.026379999999999563e+04
4.003019999999998254e+04
3.590349999999997817e+04
3.296830000000001746e+04
3.157229999999998836e+04
3.358799999999999272e+04
2.890610000000000582e+04
3.060869999999999709e+04
3.893169999999998254e+04
5.087759999999998399e+04
6.523519999999998254e+04
6.492329999999999563e+04
4.987240000000000146e+04
3.549790000000001601e+04
3.040620000000001164e+04
2.477630000000000655e+04
2.457159999999999854e+04
3.095269999999998618e+04
3.601389999999999418e+04
4.459350000000000000e+04
4.744140000000000146e+04
4.311539999999996508e+04
3.362730000000000291e+04
3.044439999999999782e+04
2.690390000000000146e+04
2.188170000000000073e+04
2.910549999999999636e+04
3.593759999999999854e+04
4.451960000000001310e+04
5.427220000000000437e+04
5.891650000000002183e+04
5.090980000000000291e+04
3.569889999999999418e+04
2.827970000000000800e+04
2.129890000000000509e+04
1.581309999999999491e+04
1.536449999999999636e+04
1.509109999999999673e+04
1.657560000000000218e+04
2.612259999999999491e+04
4.280270000000001164e+04
4.957059999999998399e+04
3.571129999999999563e+04
2.676449999999998909e+04
3.152100000000001455e+04
3.311969999999999709e+04
3.732909999999999127e+04
4.176059999999999854e+04
4.608600000000000000e+04
4.362589999999999418e+04
3.171020000000000073e+04
2.367349999999999636e+04
2.628240000000000146e+04
2.739490000000000873e+04
2.374860000000000218e+04
3.057640000000000146e+04
3.438869999999998981e+04
3.985650000000001455e+04
4.155130000000001019e+04
3.465110000000000582e+04
2.889229999999999200e+04
2.606290000000000509e+04
3.245419999999999709e+04
2.917799999999999272e+04
3.006349999999999272e+04
3.861399999999999272e+04
4.226639999999999418e+04
5.041459999999998399e+04
4.454299999999997817e+04
3.259289999999999418e+04
2.601440000000000146e+04
2.804540000000000873e+04
3.110879999999999927e+04
2.631519999999999345e+04
3.197020000000000437e+04
3.681749999999999272e+04
4.109779999999997381e+04
4.853820000000001164e+04
4.502840000000003056e+04
3.783619999999999709e+04
3.538379999999998836e+04
3.043439999999999418e+04
2.334700000000000364e+04
2.527209999999999491e+04
2.701000000000000728e+04
3.077580000000002110e+04
3.861990000000001601e+04
3.734110000000001310e+04
3.282579999999999563e+04
3.013149999999999636e+04
2.937859999999998399e+04
2.414890000000000146e+04
2.175210000000000946e+04
2.462059999999999491e+04
2.813320000000000073e+04
3.330870000000000437e+04
3.937370000000001892e+04
3.950359999999999854e+04
3.359669999999999709e+04
2.960460000000000218e+04
2.579250000000000000e+04
2.086119999999999709e+04
2.222880000000001746e+04
2.717529999999999927e+04
3.131909999999999491e+04
3.696389999999998690e+04
3.979689999999999418e+04
3.612310000000001310e+04
3.130980000000000291e+04
2.938799999999998909e+04
2.566009999999999491e+04
2.075429999999998472e+04
2.431229999999998472e+04
2.792170000000000800e+04
3.100580000000000291e+04
3.796940000000000873e+04
3.932429999999999563e+04
3.517140000000000146e+04
3.189900000000001819e+04
2.896000000000000364e+04
2.212250000000000728e+04
1.882330000000000291e+04
1.969280000000000291e+04
2.033660000000000218e+04
2.464070000000000437e+04
2.884279999999999927e+04
3.228829999999999563e+04
3.408490000000000146e+04
2.876460000000000218e+04
2.159049999999998909e+04
1.804480000000000655e+04
1.627609999999999127e+04
1.511289999999999782e+04
1.692259999999999854e+04
2.044869999999999345e+04
2.625659999999999127e+04
2.946209999999998763e+04
2.432789999999999418e+04
1.871280000000000655e+04
1.864180000000000291e+04
2.080589999999999418e+04
2.095969999999998618e+04
2.435170000000000073e+04
3.198500000000000000e+04
3.608719999999998254e+04
3.801760000000000582e+04
3.726460000000001310e+04
3.235999999999998545e+04
2.434620000000000800e+04
1.797390000000000146e+04
1.846079999999999563e+04
2.111110000000001310e+04
2.585400000000000728e+04
3.393359999999997672e+04
4.182989999999999418e+04
4.422370000000001164e+04
3.961229999999999563e+04
3.075510000000001310e+04
2.165410000000000218e+04
1.794409999999999854e+04
1.873270000000000073e+04
1.934540000000000146e+04
2.281569999999999345e+04
3.120990000000000873e+04
3.616079999999999563e+04
3.165679999999999927e+04
2.760700000000001091e+04
2.374219999999999709e+04
1.820399999999999636e+04
1.782050000000000000e+04
1.798730000000000655e+04
1.748780000000000291e+04
2.049649999999999636e+04
2.337580000000000291e+04
2.274589999999999418e+04
2.427310000000000582e+04
2.655890000000000146e+04
2.247280000000000291e+04
1.842079999999999927e+04
1.742929999999999200e+04
1.570520000000000073e+04
1.568699999999999818e+04
1.773419999999999345e+04
1.914410000000000582e+04
2.135079999999999927e+04
2.827590000000001237e+04
2.882110000000000946e+04
2.146610000000000946e+04
1.874029999999999563e+04
1.887470000000000800e+04
1.720699999999999636e+04
1.892720000000000437e+04
1.969900000000000000e+04
1.810409999999999491e+04
2.324550000000000364e+04
3.017279999999998836e+04
2.741560000000000582e+04
1.998350000000000364e+04
1.818809999999999854e+04
2.072539999999999782e+04
2.214819999999999345e+04
2.656159999999999127e+04
2.911719999999998618e+04
2.759079999999999563e+04
2.695050000000000000e+04
2.453939999999999782e+04
1.940790000000000146e+04
1.605709999999999854e+04
1.668510000000000218e+04
1.780389999999999782e+04
1.969640000000000146e+04
2.533070000000000073e+04
2.850389999999999054e+04
2.798010000000000582e+04
2.584579999999999563e+04
2.075959999999999854e+04
1.607140000000000509e+04
1.452000000000000182e+04
1.509089999999999964e+04
1.642680000000000291e+04
2.014829999999999927e+04
2.700259999999999491e+04
3.131869999999999345e+04
3.256500000000000728e+04
2.762920000000000437e+04
2.126760000000000218e+04
2.181499999999999272e+04
2.162530000000000291e+04
2.102909999999999854e+04
2.433239999999999418e+04
2.476910000000000218e+04
2.020930000000000655e+04
1.649370000000000437e+04
1.623129999999999563e+04
1.631820000000000255e+04
1.602919999999999709e+04
1.592979999999999563e+04
1.556019999999999891e+04
1.625169999999999709e+04
1.626030000000000473e+04
1.689930000000000655e+04
1.978130000000000291e+04
2.243130000000001019e+04
2.249179999999999927e+04
2.045040000000001237e+04
1.713810000000000582e+04
1.506200000000000546e+04
1.524190000000000509e+04
1.544279999999999927e+04
1.516510000000000036e+04
1.605280000000000109e+04
1.910880000000000291e+04
2.265689999999999782e+04
2.247990000000000146e+04
1.901669999999999709e+04
1.644929999999999200e+04
1.621690000000000327e+04
1.575809999999999673e+04
1.494710000000000036e+04
1.460569999999999527e+04
1.684030000000000291e+04
2.255400000000000000e+04
2.878220000000000073e+04
2.839410000000000946e+04
2.195990000000000146e+04
1.895239999999999418e+04
2.301350000000000000e+04
2.599760000000000946e+04
2.925850000000000000e+04
3.744810000000001310e+04
4.096799999999997817e+04
3.467809999999999127e+04
2.465670000000000073e+04
1.772690000000000146e+04
1.533400000000000546e+04
1.623910000000000400e+04
1.920189999999998690e+04
2.253240000000000146e+04
2.656019999999999345e+04
3.266019999999999709e+04
3.620640000000001601e+04
3.073089999999999782e+04
2.125600000000000364e+04
1.554650000000000182e+04
1.517249999999999636e+04
1.633569999999999709e+04
1.739350000000000728e+04
1.838190000000001237e+04
2.122599999999999272e+04
2.605919999999998981e+04
2.917279999999999927e+04
2.785540000000000509e+04
2.130310000000000582e+04
1.617869999999999709e+04
1.564200000000000000e+04
1.591820000000000437e+04
1.598300000000000546e+04
1.745980000000000655e+04
2.015839999999999054e+04
2.255590000000000146e+04
2.211440000000000873e+04
1.904829999999999927e+04
1.548219999999999527e+04
1.406820000000000073e+04
1.436310000000000036e+04
1.420590000000000327e+04
1.410059999999999854e+04
1.473390000000000509e+04
1.598850000000000182e+04
1.736989999999999418e+04
1.764890000000000873e+04
1.642280000000000291e+04
1.499490000000000146e+04
1.427679999999999745e+04
1.467920000000000073e+04
1.491099999999999636e+04
1.558779999999999927e+04
1.712960000000000582e+04
1.921200000000000000e+04
1.936259999999999491e+04
1.658880000000000291e+04
1.486049999999999818e+04
1.595089999999999782e+04
1.600289999999999964e+04
1.560699999999999636e+04
1.938769999999999709e+04
2.380359999999999491e+04
2.164609999999999854e+04
1.661679999999999200e+04
1.444750000000000546e+04
1.427460000000000036e+04
1.482870000000000073e+04
1.502860000000000400e+04
1.631430000000000109e+04
2.106379999999999563e+04
2.892990000000000873e+04
3.417840000000000146e+04
3.395549999999999272e+04
2.871469999999999345e+04
2.128149999999999272e+04
1.598210000000000582e+04
1.488379999999999563e+04
1.566829999999999927e+04
1.636199999999999636e+04
1.854650000000000728e+04
2.477060000000001673e+04
3.100929999999999563e+04
3.111609999999999854e+04
2.550450000000000000e+04
1.990379999999999927e+04
1.602989999999999782e+04
1.492890000000000509e+04
1.633110000000000218e+04
1.807939999999999418e+04
1.844440000000000873e+04
2.087649999999999272e+04
2.600859999999999127e+04
2.858869999999997890e+04
2.420830000000001746e+04
1.763000000000000000e+04
1.519589999999999600e+04
1.656279999999999563e+04
1.834299999999998909e+04
1.861749999999999272e+04
1.887789999999999418e+04
2.049350000000000728e+04
2.306410000000000218e+04
2.466940000000000873e+04
2.226850000000000000e+04
1.761270000000000073e+04
1.592409999999999491e+04
1.812389999999999418e+04
2.015849999999999636e+04
2.152029999999999927e+04
2.429979999999999927e+04
2.738830000000001019e+04
2.687459999999999491e+04
2.303180000000000655e+04
1.757620000000000437e+04
1.509830000000000109e+04
1.528699999999999818e+04
1.662449999999999272e+04
1.702709999999999854e+04
1.709830000000000655e+04
1.959050000000000728e+04
2.712350000000001455e+04
3.418570000000000437e+04
3.204760000000000582e+04
2.183280000000000291e+04
1.643550000000000364e+04
1.980619999999998981e+04
2.451020000000000073e+04
2.714849999999998545e+04
3.446310000000002037e+04
4.703359999999998399e+04
5.128070000000000437e+04
4.009189999999998690e+04
2.522839999999999782e+04
1.872559999999999854e+04
2.045459999999999491e+04
2.189790000000000509e+04
2.143509999999999854e+04
2.591790000000000146e+04
3.771399999999998545e+04
4.810199999999999272e+04
4.666380000000000291e+04
3.353020000000001164e+04
2.115570000000000073e+04
1.744929999999999927e+04
1.954249999999999636e+04
2.023699999999999636e+04
2.035410000000000582e+04
2.604830000000001382e+04
3.301539999999998690e+04
3.194420000000000437e+04
2.347389999999999418e+04
1.663000000000000000e+04
1.410529999999999745e+04
1.352190000000000146e+04
1.366310000000000036e+04
1.450009999999998763e+04
1.662270000000000073e+04
1.879210000000000218e+04
1.937990000000000146e+04
1.819699999999999636e+04
1.636640000000000146e+04
1.613640000000000509e+04
1.529619999999999527e+04
1.404369999999999709e+04
1.405770000000000437e+04
1.628289999999999600e+04
1.941570000000000073e+04
2.150489999999999418e+04
2.207159999999998763e+04
2.039529999999999563e+04
1.725530000000000655e+04
1.486030000000000291e+04
1.406140000000000509e+04
1.404170000000000073e+04
1.470630000000000291e+04
1.474019999999999891e+04
1.559599999999999818e+04
1.847569999999999709e+04
2.111550000000000000e+04
2.031419999999999345e+04
1.682549999999999636e+04
1.430170000000000073e+04
1.414199999999999818e+04
1.486609999999999491e+04
1.518449999999999818e+04
1.524100000000000364e+04
1.611280000000000473e+04
1.693550000000000364e+04
1.751950000000000364e+04
1.655570000000000437e+04
1.444300000000000546e+04
1.334809999999999854e+04
1.391169999999999891e+04
1.438329999999999382e+04
1.499640000000000146e+04
1.587049999999999454e+04
1.707820000000000073e+04
1.687270000000000073e+04
1.560650000000000728e+04
1.401560000000000218e+04
1.299889999999999600e+04
1.260099999999999818e+04
