9.709100000000000000e+04
2.168140000000000000e+05
2.796420000000000000e+05
2.095920000000000000e+05
1.055930000000000000e+05
4.406300000000000000e+04
2.363900000000000000e+04
1.949500000000000000e+04
2.593000000000000000e+04
4.356900000000000000e+04
8.756500000000000000e+04
1.580840000000000000e+05
1.821530000000000000e+05
1.318500000000000000e+05
7.067800000000000000e+04
3.764100000000000000e+04
2.175500000000000000e+04
2.540300000000000000e+04
3.619300000000000000e+04
6.648300000000000000e+04
1.425330000000000000e+05
1.870340000000000000e+05
1.364400000000000000e+05
7.566000000000000000e+04
5.275100000000000000e+04
2.814000000000000000e+04
2.440900000000000000e+04
3.227800000000000000e+04
3.551800000000000000e+04
8.574400000000000000e+04
1.329270000000000000e+05
1.016940000000000000e+05
7.059600000000000000e+04
7.487600000000000000e+04
5.069600000000000000e+04
2.532900000000000000e+04
3.214900000000000000e+04
2.978800000000000000e+04
4.401000000000000000e+04
1.062660000000000000e+05
1.264810000000000000e+05
7.168200000000000000e+04
4.657300000000000000e+04
5.859400000000000000e+04
3.778100000000000000e+04
3.001700000000000000e+04
4.797100000000000000e+04
4.340700000000000000e+04
9.203600000000000000e+04
1.677770000000000000e+05
1.319760000000000000e+05
5.998800000000000000e+04
5.367000000000000000e+04
4.450200000000000000e+04
2.225000000000000000e+04
2.075900000000000000e+04
2.030900000000000000e+04
2.622600000000000000e+04
7.481000000000000000e+04
1.962350000000000000e+05
3.283350000000000000e+05
3.257060000000000000e+05
2.019190000000000000e+05
7.756300000000000000e+04
2.760300000000000000e+04
2.550100000000000000e+04
3.156900000000000000e+04
6.382200000000000000e+04
1.532400000000000000e+05
2.365710000000000000e+05
2.127940000000000000e+05
1.145510000000000000e+05
5.293100000000000000e+04
3.324900000000000000e+04
2.874900000000000000e+04
3.705800000000000000e+04
5.919800000000000000e+04
1.322910000000000000e+05
2.067240000000000000e+05
1.884740000000000000e+05
1.214050000000000000e+05
7.695100000000000000e+04
4.398700000000000000e+04
2.490600000000000000e+04
3.352900000000000000e+04
3.575100000000000000e+04
5.822200000000000000e+04
1.440700000000000000e+05
1.845850000000000000e+05
1.205020000000000000e+05
8.587300000000000000e+04
9.198500000000000000e+04
5.215800000000000000e+04
2.968300000000000000e+04
4.034200000000000000e+04
3.665200000000000000e+04
8.468400000000000000e+04
1.418470000000000000e+05
1.030480000000000000e+05
5.231900000000000000e+04
5.678200000000000000e+04
4.602000000000000000e+04
2.268300000000000000e+04
2.843200000000000000e+04
2.828100000000000000e+04
3.412100000000000000e+04
7.923300000000000000e+04
9.471200000000000000e+04
6.243800000000000000e+04
8.261000000000000000e+04
1.137230000000000000e+05
6.857100000000000000e+04
3.710200000000000000e+04
5.173300000000000000e+04
3.803000000000000000e+04
6.493500000000000000e+04
1.157920000000000000e+05
7.789700000000000000e+04
4.444600000000000000e+04
7.951600000000000000e+04
7.535400000000000000e+04
3.326400000000000000e+04
2.663600000000000000e+04
3.012800000000000000e+04
3.661100000000000000e+04
9.768800000000000000e+04
1.414860000000000000e+05
9.581800000000000000e+04
6.857500000000000000e+04
7.842500000000000000e+04
4.737500000000000000e+04
2.709700000000000000e+04
3.477200000000000000e+04
3.767800000000000000e+04
7.915300000000000000e+04
1.370510000000000000e+05
1.367490000000000000e+05
1.103220000000000000e+05
9.692200000000000000e+04
7.675400000000000000e+04
3.695000000000000000e+04
2.668200000000000000e+04
3.678300000000000000e+04
3.693000000000000000e+04
9.147500000000000000e+04
1.310830000000000000e+05
6.989800000000000000e+04
6.207100000000000000e+04
9.233300000000000000e+04
5.136400000000000000e+04
2.423900000000000000e+04
2.390700000000000000e+04
2.140000000000000000e+04
4.960100000000000000e+04
1.668420000000000000e+05
3.501050000000000000e+05
4.026210000000000000e+05
2.875410000000000000e+05
1.455000000000000000e+05
5.702500000000000000e+04
2.555500000000000000e+04
3.082300000000000000e+04
3.218200000000000000e+04
4.442500000000000000e+04
9.033600000000000000e+04
7.515200000000000000e+04
6.808500000000000000e+04
1.289090000000000000e+05
9.840700000000000000e+04
4.254500000000000000e+04
5.285200000000000000e+04
3.890000000000000000e+04
5.351500000000000000e+04
1.044230000000000000e+05
8.428900000000000000e+04
4.798700000000000000e+04
7.734500000000000000e+04
9.148300000000000000e+04
4.890200000000000000e+04
3.274500000000000000e+04
4.535000000000000000e+04
3.361600000000000000e+04
5.633200000000000000e+04
1.028800000000000000e+05
8.436400000000000000e+04
7.616400000000000000e+04
1.109330000000000000e+05
8.452800000000000000e+04
3.353300000000000000e+04
3.098100000000000000e+04
2.997500000000000000e+04
4.918900000000000000e+04
1.423870000000000000e+05
2.593410000000000000e+05
3.089970000000000000e+05
2.484630000000000000e+05
1.312330000000000000e+05
5.574500000000000000e+04
3.245400000000000000e+04
2.794600000000000000e+04
3.129000000000000000e+04
7.506700000000000000e+04
1.789690000000000000e+05
2.714340000000000000e+05
2.583310000000000000e+05
1.588760000000000000e+05
6.912100000000000000e+04
3.166800000000000000e+04
2.169000000000000000e+04
2.243800000000000000e+04
3.903900000000000000e+04
1.082280000000000000e+05
2.479150000000000000e+05
3.550870000000000000e+05
2.884270000000000000e+05
1.346830000000000000e+05
5.342100000000000000e+04
2.991000000000000000e+04
2.668300000000000000e+04
3.271800000000000000e+04
6.955300000000000000e+04
1.589920000000000000e+05
2.053620000000000000e+05
1.792110000000000000e+05
1.369820000000000000e+05
9.359400000000000000e+04
4.487300000000000000e+04
2.348600000000000000e+04
2.822500000000000000e+04
3.615000000000000000e+04
9.697000000000000000e+04
1.850110000000000000e+05
1.750140000000000000e+05
1.154550000000000000e+05
9.987100000000000000e+04
6.510200000000000000e+04
2.689800000000000000e+04
2.899300000000000000e+04
2.951000000000000000e+04
4.956500000000000000e+04
9.340700000000000000e+04
1.032780000000000000e+05
8.085000000000000000e+04
9.192900000000000000e+04
9.950500000000000000e+04
5.710700000000000000e+04
3.067200000000000000e+04
3.440500000000000000e+04
2.762200000000000000e+04
4.485100000000000000e+04
1.224240000000000000e+05
2.489480000000000000e+05
3.440650000000000000e+05
3.054460000000000000e+05
1.678020000000000000e+05
5.783200000000000000e+04
2.863700000000000000e+04
3.025800000000000000e+04
4.633700000000000000e+04
1.358450000000000000e+05
2.956350000000000000e+05
4.062830000000000000e+05
3.320980000000000000e+05
1.518820000000000000e+05
7.381700000000000000e+04
5.301500000000000000e+04
3.211500000000000000e+04
4.905800000000000000e+04
8.408700000000000000e+04
2.098390000000000000e+05
4.122650000000000000e+05
4.659820000000000000e+05
2.924150000000000000e+05
1.041110000000000000e+05
5.132600000000000000e+04
3.915000000000000000e+04
2.620600000000000000e+04
4.779400000000000000e+04
9.798400000000000000e+04
2.423910000000000000e+05
3.620900000000000000e+05
2.908730000000000000e+05
1.313530000000000000e+05
4.632700000000000000e+04
3.899400000000000000e+04
3.065900000000000000e+04
3.412800000000000000e+04
6.822000000000000000e+04
1.489860000000000000e+05
2.969250000000000000e+05
3.391110000000000000e+05
2.197080000000000000e+05
9.371200000000000000e+04
3.897800000000000000e+04
3.727100000000000000e+04
3.091700000000000000e+04
5.036400000000000000e+04
1.148200000000000000e+05
2.332090000000000000e+05
3.424370000000000000e+05
2.734140000000000000e+05
1.329060000000000000e+05
5.472900000000000000e+04
2.698700000000000000e+04
3.573300000000000000e+04
3.703000000000000000e+04
7.882700000000000000e+04
1.681050000000000000e+05
2.787650000000000000e+05
3.189420000000000000e+05
1.930370000000000000e+05
8.739300000000000000e+04
4.303700000000000000e+04
3.610000000000000000e+04
4.860500000000000000e+04
4.358900000000000000e+04
8.981600000000000000e+04
1.812010000000000000e+05
4.930650000000000000e+05
6.847540000000000000e+05
3.699470000000000000e+05
1.036060000000000000e+05
5.786300000000000000e+04
3.142600000000000000e+04
2.857900000000000000e+04
3.597300000000000000e+04
1.051150000000000000e+05
3.157460000000000000e+05
6.612090000000000000e+05
7.111220000000000000e+05
3.192840000000000000e+05
1.145110000000000000e+05
8.699000000000000000e+04
4.513100000000000000e+04
5.097900000000000000e+04
5.920900000000000000e+04
1.913710000000000000e+05
4.471950000000000000e+05
6.329470000000000000e+05
4.814980000000000000e+05
1.714170000000000000e+05
9.345400000000000000e+04
6.749100000000000000e+04
4.858800000000000000e+04
6.458100000000000000e+04
8.105800000000000000e+04
1.735510000000000000e+05
1.397410000000000000e+05
1.738700000000000000e+05
3.327770000000000000e+05
2.027700000000000000e+05
7.891600000000000000e+04
7.405000000000000000e+04
4.275200000000000000e+04
7.313300000000000000e+04
1.371770000000000000e+05
3.524330000000000000e+05
5.403440000000000000e+05
3.645600000000000000e+05
1.173500000000000000e+05
4.456700000000000000e+04
3.593600000000000000e+04
3.033800000000000000e+04
3.935200000000000000e+04
7.662000000000000000e+04
2.084200000000000000e+05
4.642890000000000000e+05
5.358780000000000000e+05
2.730210000000000000e+05
7.717500000000000000e+04
6.467100000000000000e+04
5.498300000000000000e+04
4.675100000000000000e+04
7.379900000000000000e+04
1.650090000000000000e+05
3.862550000000000000e+05
5.969180000000000000e+05
4.397510000000000000e+05
1.440110000000000000e+05
5.396000000000000000e+04
4.428300000000000000e+04
3.615000000000000000e+04
3.490100000000000000e+04
7.244800000000000000e+04
1.734930000000000000e+05
4.395090000000000000e+05
6.366310000000000000e+05
3.819290000000000000e+05
1.135110000000000000e+05
7.603900000000000000e+04
4.522500000000000000e+04
3.652600000000000000e+04
4.379800000000000000e+04
1.027260000000000000e+05
2.777580000000000000e+05
5.402580000000000000e+05
5.767540000000000000e+05
2.696030000000000000e+05
8.892700000000000000e+04
7.477900000000000000e+04
4.094900000000000000e+04
3.778900000000000000e+04
4.694900000000000000e+04
1.333050000000000000e+05
3.245610000000000000e+05
4.971690000000000000e+05
4.032470000000000000e+05
1.481040000000000000e+05
8.971500000000000000e+04
7.411200000000000000e+04
4.431200000000000000e+04
5.756500000000000000e+04
1.049960000000000000e+05
2.980780000000000000e+05
5.105280000000000000e+05
5.315990000000000000e+05
3.357470000000000000e+05
1.101020000000000000e+05
6.707600000000000000e+04
4.913500000000000000e+04
3.863500000000000000e+04
6.134700000000000000e+04
1.329910000000000000e+05
3.413710000000000000e+05
4.292350000000000000e+05
3.026740000000000000e+05
1.449360000000000000e+05
5.451800000000000000e+04
4.353000000000000000e+04
3.303300000000000000e+04
5.597800000000000000e+04
9.644700000000000000e+04
2.229860000000000000e+05
3.399750000000000000e+05
2.842450000000000000e+05
1.729910000000000000e+05
7.288800000000000000e+04
3.630600000000000000e+04
3.564700000000000000e+04
3.028800000000000000e+04
5.047200000000000000e+04
1.059560000000000000e+05
1.397950000000000000e+05
9.773100000000000000e+04
1.964950000000000000e+05
2.833320000000000000e+05
1.331280000000000000e+05
6.424000000000000000e+04
5.237000000000000000e+04
3.820800000000000000e+04
7.355100000000000000e+04
1.541920000000000000e+05
4.312360000000000000e+05
6.563540000000000000e+05
4.271730000000000000e+05
1.460500000000000000e+05
1.063650000000000000e+05
5.683800000000000000e+04
3.557700000000000000e+04
4.019500000000000000e+04
1.132800000000000000e+05
2.639630000000000000e+05
5.399460000000000000e+05
6.747070000000000000e+05
3.443370000000000000e+05
1.548910000000000000e+05
1.382580000000000000e+05
5.739900000000000000e+04
4.829900000000000000e+04
6.898500000000000000e+04
1.895200000000000000e+05
3.738960000000000000e+05
6.373280000000000000e+05
5.336450000000000000e+05
1.879200000000000000e+05
1.224180000000000000e+05
7.156100000000000000e+04
4.277300000000000000e+04
5.212300000000000000e+04
1.240220000000000000e+05
3.067220000000000000e+05
5.635930000000000000e+05
6.344760000000000000e+05
3.272550000000000000e+05
1.161410000000000000e+05
9.082400000000000000e+04
6.006000000000000000e+04
4.020900000000000000e+04
7.053400000000000000e+04
1.474380000000000000e+05
3.630030000000000000e+05
4.937040000000000000e+05
3.389130000000000000e+05
1.387800000000000000e+05
5.806200000000000000e+04
7.313400000000000000e+04
4.460300000000000000e+04
5.721100000000000000e+04
8.992000000000000000e+04
2.372580000000000000e+05
4.029580000000000000e+05
3.711330000000000000e+05
2.570320000000000000e+05
1.005590000000000000e+05
5.508100000000000000e+04
5.055900000000000000e+04
3.181100000000000000e+04
5.699900000000000000e+04
1.329280000000000000e+05
3.364890000000000000e+05
5.921660000000000000e+05
6.058890000000000000e+05
2.856130000000000000e+05
9.486200000000000000e+04
6.411400000000000000e+04
3.021700000000000000e+04
3.253800000000000000e+04
6.677200000000000000e+04
1.697320000000000000e+05
3.898150000000000000e+05
7.385850000000000000e+05
5.885960000000000000e+05
2.045020000000000000e+05
1.105110000000000000e+05
4.848200000000000000e+04
3.773100000000000000e+04
4.923700000000000000e+04
1.336650000000000000e+05
2.882510000000000000e+05
5.786180000000000000e+05
6.767710000000000000e+05
3.242280000000000000e+05
1.017870000000000000e+05
6.751300000000000000e+04
3.160800000000000000e+04
3.764500000000000000e+04
5.951200000000000000e+04
1.391470000000000000e+05
1.753760000000000000e+05
1.307690000000000000e+05
2.741210000000000000e+05
2.952250000000000000e+05
1.149040000000000000e+05
9.177500000000000000e+04
5.868800000000000000e+04
6.750700000000000000e+04
1.157410000000000000e+05
2.623690000000000000e+05
3.939120000000000000e+05
3.042860000000000000e+05
1.874430000000000000e+05
7.938100000000000000e+04
6.148600000000000000e+04
6.152700000000000000e+04
3.772700000000000000e+04
5.265000000000000000e+04
1.273250000000000000e+05
2.995010000000000000e+05
3.483300000000000000e+05
2.496060000000000000e+05
1.251060000000000000e+05
5.139000000000000000e+04
6.381500000000000000e+04
4.074500000000000000e+04
4.857000000000000000e+04
7.829900000000000000e+04
1.868550000000000000e+05
3.270990000000000000e+05
2.822010000000000000e+05
2.015590000000000000e+05
9.360700000000000000e+04
4.524800000000000000e+04
4.963000000000000000e+04
2.985300000000000000e+04
4.250400000000000000e+04
9.142000000000000000e+04
2.579430000000000000e+05
5.759070000000000000e+05
6.456200000000000000e+05
3.237070000000000000e+05
1.347750000000000000e+05
8.213500000000000000e+04
3.501800000000000000e+04
2.875800000000000000e+04
4.817600000000000000e+04
1.103510000000000000e+05
2.875110000000000000e+05
6.318990000000000000e+05
5.594860000000000000e+05
2.057900000000000000e+05
9.590800000000000000e+04
4.352000000000000000e+04
3.184600000000000000e+04
3.745100000000000000e+04
9.383000000000000000e+04
2.226840000000000000e+05
5.080890000000000000e+05
6.225480000000000000e+05
2.996820000000000000e+05
9.157500000000000000e+04
6.623900000000000000e+04
3.345000000000000000e+04
4.070000000000000000e+04
5.745900000000000000e+04
1.468200000000000000e+05
2.954300000000000000e+05
3.750450000000000000e+05
2.717860000000000000e+05
9.537600000000000000e+04
4.914200000000000000e+04
4.726000000000000000e+04
3.146000000000000000e+04
4.256900000000000000e+04
7.619300000000000000e+04
1.812760000000000000e+05
3.045500000000000000e+05
3.002110000000000000e+05
2.270380000000000000e+05
1.117260000000000000e+05
7.400400000000000000e+04
8.255900000000000000e+04
5.058800000000000000e+04
7.678400000000000000e+04
1.268420000000000000e+05
2.817550000000000000e+05
2.768920000000000000e+05
2.164670000000000000e+05
1.686110000000000000e+05
6.226600000000000000e+04
4.801800000000000000e+04
3.106000000000000000e+04
2.548100000000000000e+04
2.843200000000000000e+04
3.628200000000000000e+04
6.341500000000000000e+04
1.259260000000000000e+05
1.831750000000000000e+05
1.220350000000000000e+05
4.336700000000000000e+04
2.987900000000000000e+04
2.672400000000000000e+04
4.087900000000000000e+04
7.996600000000000000e+04
2.257930000000000000e+05
4.742700000000000000e+05
4.803220000000000000e+05
2.131170000000000000e+05
6.586500000000000000e+04
5.166100000000000000e+04
3.115300000000000000e+04
4.271400000000000000e+04
6.456300000000000000e+04
1.424310000000000000e+05
2.997620000000000000e+05
3.973170000000000000e+05
2.822770000000000000e+05
9.914500000000000000e+04
4.303600000000000000e+04
3.442500000000000000e+04
3.506100000000000000e+04
6.556400000000000000e+04
9.077900000000000000e+04
2.174460000000000000e+05
3.281130000000000000e+05
2.697350000000000000e+05
1.573850000000000000e+05
5.519900000000000000e+04
4.612700000000000000e+04
3.928400000000000000e+04
4.287300000000000000e+04
7.153600000000000000e+04
1.272970000000000000e+05
2.553990000000000000e+05
2.360690000000000000e+05
1.682530000000000000e+05
1.173140000000000000e+05
4.856400000000000000e+04
5.865800000000000000e+04
3.925500000000000000e+04
5.621900000000000000e+04
7.105600000000000000e+04
1.558640000000000000e+05
2.207170000000000000e+05
1.655250000000000000e+05
1.673900000000000000e+05
9.216400000000000000e+04
5.210700000000000000e+04
5.599900000000000000e+04
3.744100000000000000e+04
5.882900000000000000e+04
7.916300000000000000e+04
1.684980000000000000e+05
1.481820000000000000e+05
1.373290000000000000e+05
1.759950000000000000e+05
7.730600000000000000e+04
6.995000000000000000e+04
4.857000000000000000e+04
5.653400000000000000e+04
8.224900000000000000e+04
1.542520000000000000e+05
2.954950000000000000e+05
2.993950000000000000e+05
2.237130000000000000e+05
8.803700000000000000e+04
4.527900000000000000e+04
3.519800000000000000e+04
3.510100000000000000e+04
5.554800000000000000e+04
1.072560000000000000e+05
2.124740000000000000e+05
3.348520000000000000e+05
3.191450000000000000e+05
1.370220000000000000e+05
4.269500000000000000e+04
4.213200000000000000e+04
3.630500000000000000e+04
4.660500000000000000e+04
7.721200000000000000e+04
1.539880000000000000e+05
2.628310000000000000e+05
2.203120000000000000e+05
1.915580000000000000e+05
1.107150000000000000e+05
3.778600000000000000e+04
2.686200000000000000e+04
1.836200000000000000e+04
2.143100000000000000e+04
2.630000000000000000e+04
6.355300000000000000e+04
1.220010000000000000e+05
1.652150000000000000e+05
1.355360000000000000e+05
5.916300000000000000e+04
2.349600000000000000e+04
2.895600000000000000e+04
3.943800000000000000e+04
5.256100000000000000e+04
8.251800000000000000e+04
1.464300000000000000e+05
1.484550000000000000e+05
1.656280000000000000e+05
1.522730000000000000e+05
6.199000000000000000e+04
6.255600000000000000e+04
4.702100000000000000e+04
7.739700000000000000e+04
9.387500000000000000e+04
1.853330000000000000e+05
2.564460000000000000e+05
1.931220000000000000e+05
1.576070000000000000e+05
7.924600000000000000e+04
5.224600000000000000e+04
5.748400000000000000e+04
3.944500000000000000e+04
5.067800000000000000e+04
7.201800000000000000e+04
1.440540000000000000e+05
1.307750000000000000e+05
1.408390000000000000e+05
1.737110000000000000e+05
7.862500000000000000e+04
5.275200000000000000e+04
3.847100000000000000e+04
5.204600000000000000e+04
7.432300000000000000e+04
1.641310000000000000e+05
3.036400000000000000e+05
2.764680000000000000e+05
1.891180000000000000e+05
8.450400000000000000e+04
3.925200000000000000e+04
3.117900000000000000e+04
3.373800000000000000e+04
5.586400000000000000e+04
8.128800000000000000e+04
1.786050000000000000e+05
2.701800000000000000e+05
2.606590000000000000e+05
1.430140000000000000e+05
4.865100000000000000e+04
3.995200000000000000e+04
3.308900000000000000e+04
4.157600000000000000e+04
6.459400000000000000e+04
1.131050000000000000e+05
2.256610000000000000e+05
2.396610000000000000e+05
1.833060000000000000e+05
9.993100000000000000e+04
4.767800000000000000e+04
5.748300000000000000e+04
3.496000000000000000e+04
6.255900000000000000e+04
7.826500000000000000e+04
1.627020000000000000e+05
1.909650000000000000e+05
1.480900000000000000e+05
1.433470000000000000e+05
6.628500000000000000e+04
5.089900000000000000e+04
4.215400000000000000e+04
4.044600000000000000e+04
7.089200000000000000e+04
1.009210000000000000e+05
1.617110000000000000e+05
1.273260000000000000e+05
1.489090000000000000e+05
1.590150000000000000e+05
6.554900000000000000e+04
6.029600000000000000e+04
4.021600000000000000e+04
6.268200000000000000e+04
5.814500000000000000e+04
9.897200000000000000e+04
1.141250000000000000e+05
1.388790000000000000e+05
2.380330000000000000e+05
1.540980000000000000e+05
5.689400000000000000e+04
3.602900000000000000e+04
2.078800000000000000e+04
1.846800000000000000e+04
2.473000000000000000e+04
5.157200000000000000e+04
1.024690000000000000e+05
1.444910000000000000e+05
1.242620000000000000e+05
5.941700000000000000e+04
2.581400000000000000e+04
2.800800000000000000e+04
3.216400000000000000e+04
6.113000000000000000e+04
1.193740000000000000e+05
2.880970000000000000e+05
4.837880000000000000e+05
3.860050000000000000e+05
1.361770000000000000e+05
4.698900000000000000e+04
3.107500000000000000e+04
3.376300000000000000e+04
5.148800000000000000e+04
7.932000000000000000e+04
1.792650000000000000e+05
3.454340000000000000e+05
4.253560000000000000e+05
2.331180000000000000e+05
7.032400000000000000e+04
4.034300000000000000e+04
2.643400000000000000e+04
4.189000000000000000e+04
6.564400000000000000e+04
1.372010000000000000e+05
2.571660000000000000e+05
3.517110000000000000e+05
2.878850000000000000e+05
1.178440000000000000e+05
3.827900000000000000e+04
3.168600000000000000e+04
2.733000000000000000e+04
4.429100000000000000e+04
6.903700000000000000e+04
1.403920000000000000e+05
2.404510000000000000e+05
2.933960000000000000e+05
2.029370000000000000e+05
6.977200000000000000e+04
4.099400000000000000e+04
2.782400000000000000e+04
3.629500000000000000e+04
4.943900000000000000e+04
8.412700000000000000e+04
1.588310000000000000e+05
1.959730000000000000e+05
1.972730000000000000e+05
1.182710000000000000e+05
4.317300000000000000e+04
3.368500000000000000e+04
2.919900000000000000e+04
5.004500000000000000e+04
6.858300000000000000e+04
1.163360000000000000e+05
1.723110000000000000e+05
1.824920000000000000e+05
1.809760000000000000e+05
9.546200000000000000e+04
4.289800000000000000e+04
3.784300000000000000e+04
5.031800000000000000e+04
6.961600000000000000e+04
7.003600000000000000e+04
1.467180000000000000e+05
2.139190000000000000e+05
2.871290000000000000e+05
2.152050000000000000e+05
7.557200000000000000e+04
4.432100000000000000e+04
2.864400000000000000e+04
4.010200000000000000e+04
4.891800000000000000e+04
9.765200000000000000e+04
2.295240000000000000e+05
3.641440000000000000e+05
2.664680000000000000e+05
8.611400000000000000e+04
4.749200000000000000e+04
3.948700000000000000e+04
2.964200000000000000e+04
4.850900000000000000e+04
6.477700000000000000e+04
1.348860000000000000e+05
1.935730000000000000e+05
2.262540000000000000e+05
1.841290000000000000e+05
7.657300000000000000e+04
3.727000000000000000e+04
2.421100000000000000e+04
1.600100000000000000e+04
1.778600000000000000e+04
3.489400000000000000e+04
8.219500000000000000e+04
1.140460000000000000e+05
1.199640000000000000e+05
9.300300000000000000e+04
4.543500000000000000e+04
2.549900000000000000e+04
2.488600000000000000e+04
2.946900000000000000e+04
5.541800000000000000e+04
1.150290000000000000e+05
1.651620000000000000e+05
1.510180000000000000e+05
1.669630000000000000e+05
9.908800000000000000e+04
4.807600000000000000e+04
4.412500000000000000e+04
3.473400000000000000e+04
5.368000000000000000e+04
7.231800000000000000e+04
1.424510000000000000e+05
1.357210000000000000e+05
1.538480000000000000e+05
1.614000000000000000e+05
7.003300000000000000e+04
4.153400000000000000e+04
2.888500000000000000e+04
3.697500000000000000e+04
5.331500000000000000e+04
1.045070000000000000e+05
1.341390000000000000e+05
1.074960000000000000e+05
1.793990000000000000e+05
1.260600000000000000e+05
5.060500000000000000e+04
4.163000000000000000e+04
3.486600000000000000e+04
5.653300000000000000e+04
8.206800000000000000e+04
1.855300000000000000e+05
3.568310000000000000e+05
4.838480000000000000e+05
2.878750000000000000e+05
8.600000000000000000e+04
3.942200000000000000e+04
2.648500000000000000e+04
4.180000000000000000e+04
6.077700000000000000e+04
1.024830000000000000e+05
1.976790000000000000e+05
4.296220000000000000e+05
4.409590000000000000e+05
1.760770000000000000e+05
5.129500000000000000e+04
2.941300000000000000e+04
2.817000000000000000e+04
4.490000000000000000e+04
7.774400000000000000e+04
1.506650000000000000e+05
2.934840000000000000e+05
3.970970000000000000e+05
2.395620000000000000e+05
6.927700000000000000e+04
3.170400000000000000e+04
2.233400000000000000e+04
3.805500000000000000e+04
5.825600000000000000e+04
9.259400000000000000e+04
1.547710000000000000e+05
2.523890000000000000e+05
2.807010000000000000e+05
1.455790000000000000e+05
4.235100000000000000e+04
2.766900000000000000e+04
3.241900000000000000e+04
5.908300000000000000e+04
8.463100000000000000e+04
1.550610000000000000e+05
2.718570000000000000e+05
3.081080000000000000e+05
2.151310000000000000e+05
7.892900000000000000e+04
4.320500000000000000e+04
4.153600000000000000e+04
4.808600000000000000e+04
8.299200000000000000e+04
1.237200000000000000e+05
2.324090000000000000e+05
2.540260000000000000e+05
2.047470000000000000e+05
1.260280000000000000e+05
4.523800000000000000e+04
2.241300000000000000e+04
1.497000000000000000e+04
1.481900000000000000e+04
2.093800000000000000e+04
5.411100000000000000e+04
1.042850000000000000e+05
1.104870000000000000e+05
7.976900000000000000e+04
4.986200000000000000e+04
2.913100000000000000e+04
2.620200000000000000e+04
3.613900000000000000e+04
4.791300000000000000e+04
7.972000000000000000e+04
1.569730000000000000e+05
3.027640000000000000e+05
3.495560000000000000e+05
2.083600000000000000e+05
6.332900000000000000e+04
3.620000000000000000e+04
2.932900000000000000e+04
3.746100000000000000e+04
4.321100000000000000e+04
6.725400000000000000e+04
1.327710000000000000e+05
1.966390000000000000e+05
1.877590000000000000e+05
8.120800000000000000e+04
3.039200000000000000e+04
2.196100000000000000e+04
2.415900000000000000e+04
3.821600000000000000e+04
5.347300000000000000e+04
1.218510000000000000e+05
2.414680000000000000e+05
2.599240000000000000e+05
1.759210000000000000e+05
7.336400000000000000e+04
3.624200000000000000e+04
3.432500000000000000e+04
3.627600000000000000e+04
5.980500000000000000e+04
7.743100000000000000e+04
1.632650000000000000e+05
1.874640000000000000e+05
1.838640000000000000e+05
1.256550000000000000e+05
4.522500000000000000e+04
3.428900000000000000e+04
2.313600000000000000e+04
3.493700000000000000e+04
4.408700000000000000e+04
9.237900000000000000e+04
1.588390000000000000e+05
1.593410000000000000e+05
1.211950000000000000e+05
6.282400000000000000e+04
2.874800000000000000e+04
2.443900000000000000e+04
2.525800000000000000e+04
3.844500000000000000e+04
4.129700000000000000e+04
7.914700000000000000e+04
1.006770000000000000e+05
2.017240000000000000e+05
2.294220000000000000e+05
9.672300000000000000e+04
4.797100000000000000e+04
3.083500000000000000e+04
3.596100000000000000e+04
4.271900000000000000e+04
8.210500000000000000e+04
1.665060000000000000e+05
2.315120000000000000e+05
2.322520000000000000e+05
1.107270000000000000e+05
4.221800000000000000e+04
2.716300000000000000e+04
2.523700000000000000e+04
3.675600000000000000e+04
5.602800000000000000e+04
1.184940000000000000e+05
2.376980000000000000e+05
2.992160000000000000e+05
1.810790000000000000e+05
5.529300000000000000e+04
2.684400000000000000e+04
1.870600000000000000e+04
2.686200000000000000e+04
3.520700000000000000e+04
6.396500000000000000e+04
1.268920000000000000e+05
2.222370000000000000e+05
2.439840000000000000e+05
1.186680000000000000e+05
3.733100000000000000e+04
2.253000000000000000e+04
1.503700000000000000e+04
1.573500000000000000e+04
2.094700000000000000e+04
3.062000000000000000e+04
3.934200000000000000e+04
6.810900000000000000e+04
1.120980000000000000e+05
1.008470000000000000e+05
4.066400000000000000e+04
2.625300000000000000e+04
3.433100000000000000e+04
6.834500000000000000e+04
9.227000000000000000e+04
1.567930000000000000e+05
2.003420000000000000e+05
1.871740000000000000e+05
1.630200000000000000e+05
6.581600000000000000e+04
3.680900000000000000e+04
2.845700000000000000e+04
5.331500000000000000e+04
6.941400000000000000e+04
1.039000000000000000e+05
1.501410000000000000e+05
1.508610000000000000e+05
1.444580000000000000e+05
7.254400000000000000e+04
2.802400000000000000e+04
2.056400000000000000e+04
2.623000000000000000e+04
4.319400000000000000e+04
5.409000000000000000e+04
1.062360000000000000e+05
1.519020000000000000e+05
1.580240000000000000e+05
1.272460000000000000e+05
5.317200000000000000e+04
2.773000000000000000e+04
2.556900000000000000e+04
4.067000000000000000e+04
6.902200000000000000e+04
1.063530000000000000e+05
2.097670000000000000e+05
3.042140000000000000e+05
2.765520000000000000e+05
1.176770000000000000e+05
3.936200000000000000e+04
2.517900000000000000e+04
2.931500000000000000e+04
3.632300000000000000e+04
4.125200000000000000e+04
6.876000000000000000e+04
1.288280000000000000e+05
2.107880000000000000e+05
1.552990000000000000e+05
5.515900000000000000e+04
2.485100000000000000e+04
1.785600000000000000e+04
2.229400000000000000e+04
2.396300000000000000e+04
3.838000000000000000e+04
8.582800000000000000e+04
1.829040000000000000e+05
1.711960000000000000e+05
6.656500000000000000e+04
3.031200000000000000e+04
3.078000000000000000e+04
2.924600000000000000e+04
3.782300000000000000e+04
4.987200000000000000e+04
9.847100000000000000e+04
1.799190000000000000e+05
1.996950000000000000e+05
1.454440000000000000e+05
6.075300000000000000e+04
2.770800000000000000e+04
2.757200000000000000e+04
2.923300000000000000e+04
3.856400000000000000e+04
4.720900000000000000e+04
8.113900000000000000e+04
1.101100000000000000e+05
1.292220000000000000e+05
8.776100000000000000e+04
3.542700000000000000e+04
3.578700000000000000e+04
2.806100000000000000e+04
3.226100000000000000e+04
3.973400000000000000e+04
6.750300000000000000e+04
1.041390000000000000e+05
1.174120000000000000e+05
1.183420000000000000e+05
7.074300000000000000e+04
3.079300000000000000e+04
2.780500000000000000e+04
1.921800000000000000e+04
1.830100000000000000e+04
1.659900000000000000e+04
1.983500000000000000e+04
3.407900000000000000e+04
8.009000000000000000e+04
1.167750000000000000e+05
7.140900000000000000e+04
2.658000000000000000e+04
2.360800000000000000e+04
2.267800000000000000e+04
2.865700000000000000e+04
5.277200000000000000e+04
1.140690000000000000e+05
2.339510000000000000e+05
2.491030000000000000e+05
1.100620000000000000e+05
4.332300000000000000e+04
2.751000000000000000e+04
1.961700000000000000e+04
2.083100000000000000e+04
2.992000000000000000e+04
5.484100000000000000e+04
1.197000000000000000e+05
2.057780000000000000e+05
1.376150000000000000e+05
4.680900000000000000e+04
2.780400000000000000e+04
1.778200000000000000e+04
2.049800000000000000e+04
3.360800000000000000e+04
7.321800000000000000e+04
1.478820000000000000e+05
2.482130000000000000e+05
2.211850000000000000e+05
8.958600000000000000e+04
3.465300000000000000e+04
3.154200000000000000e+04
2.591900000000000000e+04
4.315500000000000000e+04
7.187800000000000000e+04
1.445980000000000000e+05
2.394690000000000000e+05
2.468720000000000000e+05
1.684910000000000000e+05
6.517200000000000000e+04
3.422900000000000000e+04
3.152600000000000000e+04
2.580800000000000000e+04
3.322300000000000000e+04
4.308900000000000000e+04
8.518000000000000000e+04
1.143410000000000000e+05
1.261170000000000000e+05
8.544900000000000000e+04
3.662000000000000000e+04
3.037000000000000000e+04
2.202000000000000000e+04
3.373700000000000000e+04
4.073400000000000000e+04
6.848000000000000000e+04
1.141500000000000000e+05
1.297160000000000000e+05
9.580500000000000000e+04
3.830100000000000000e+04
2.648900000000000000e+04
2.880600000000000000e+04
2.622700000000000000e+04
2.723200000000000000e+04
4.113900000000000000e+04
8.582900000000000000e+04
1.500780000000000000e+05
1.656110000000000000e+05
9.177600000000000000e+04
3.415200000000000000e+04
2.437300000000000000e+04
1.994800000000000000e+04
2.799400000000000000e+04
3.655200000000000000e+04
7.184400000000000000e+04
1.385880000000000000e+05
2.483590000000000000e+05
2.614920000000000000e+05
1.183820000000000000e+05
5.654000000000000000e+04
4.462600000000000000e+04
3.591400000000000000e+04
4.359300000000000000e+04
5.251200000000000000e+04
9.825200000000000000e+04
1.359080000000000000e+05
1.716890000000000000e+05
1.410110000000000000e+05
6.514000000000000000e+04
3.912000000000000000e+04
2.657000000000000000e+04
1.623800000000000000e+04
1.459300000000000000e+04
1.716500000000000000e+04
2.929000000000000000e+04
4.286500000000000000e+04
5.088800000000000000e+04
4.904800000000000000e+04
3.060700000000000000e+04
1.712200000000000000e+04
2.226100000000000000e+04
2.695100000000000000e+04
4.466700000000000000e+04
8.772100000000000000e+04
1.429230000000000000e+05
1.686690000000000000e+05
1.099150000000000000e+05
4.037400000000000000e+04
2.753300000000000000e+04
2.743000000000000000e+04
2.531500000000000000e+04
4.765000000000000000e+04
6.650700000000000000e+04
1.397600000000000000e+05
1.859100000000000000e+05
1.234220000000000000e+05
5.959600000000000000e+04
2.627300000000000000e+04
2.739900000000000000e+04
2.133300000000000000e+04
2.989000000000000000e+04
3.694500000000000000e+04
7.246800000000000000e+04
1.190530000000000000e+05
1.118420000000000000e+05
1.367870000000000000e+05
9.619900000000000000e+04
4.158600000000000000e+04
3.617900000000000000e+04
2.068500000000000000e+04
2.532500000000000000e+04
3.109800000000000000e+04
6.139200000000000000e+04
8.261600000000000000e+04
1.185200000000000000e+05
1.127970000000000000e+05
5.267200000000000000e+04
4.593300000000000000e+04
2.971000000000000000e+04
2.044600000000000000e+04
2.283700000000000000e+04
4.645200000000000000e+04
6.441900000000000000e+04
9.863400000000000000e+04
1.334250000000000000e+05
8.136000000000000000e+04
4.754500000000000000e+04
2.778300000000000000e+04
1.732000000000000000e+04
1.998200000000000000e+04
3.668600000000000000e+04
6.647200000000000000e+04
1.236410000000000000e+05
1.616250000000000000e+05
9.551500000000000000e+04
3.249800000000000000e+04
2.390000000000000000e+04
1.940100000000000000e+04
2.234600000000000000e+04
3.137300000000000000e+04
4.890700000000000000e+04
8.313400000000000000e+04
1.110630000000000000e+05
9.674900000000000000e+04
5.152000000000000000e+04
2.983900000000000000e+04
3.230500000000000000e+04
2.319200000000000000e+04
3.772400000000000000e+04
4.523000000000000000e+04
8.703400000000000000e+04
1.367310000000000000e+05
1.039820000000000000e+05
8.263300000000000000e+04
4.707500000000000000e+04
3.162800000000000000e+04
3.343200000000000000e+04
2.940800000000000000e+04
4.324900000000000000e+04
5.828900000000000000e+04
1.061320000000000000e+05
9.449500000000000000e+04
9.388800000000000000e+04
1.032080000000000000e+05
5.971300000000000000e+04
4.219000000000000000e+04
2.326300000000000000e+04
1.599800000000000000e+04
1.503400000000000000e+04
1.296800000000000000e+04
2.026900000000000000e+04
4.014100000000000000e+04
5.361800000000000000e+04
3.841200000000000000e+04
2.058300000000000000e+04
1.745100000000000000e+04
2.508100000000000000e+04
2.602600000000000000e+04
4.714400000000000000e+04
7.578600000000000000e+04
1.083290000000000000e+05
1.672890000000000000e+05
1.240980000000000000e+05
5.539000000000000000e+04
3.509000000000000000e+04
2.137400000000000000e+04
2.362200000000000000e+04
3.388600000000000000e+04
5.517900000000000000e+04
9.353500000000000000e+04
1.445600000000000000e+05
1.192810000000000000e+05
5.324400000000000000e+04
3.163600000000000000e+04
2.118800000000000000e+04
2.163500000000000000e+04
2.450300000000000000e+04
3.257300000000000000e+04
5.533300000000000000e+04
7.829200000000000000e+04
1.147440000000000000e+05
1.000220000000000000e+05
4.641300000000000000e+04
2.603700000000000000e+04
1.888900000000000000e+04
1.897200000000000000e+04
2.863900000000000000e+04
4.513200000000000000e+04
7.411900000000000000e+04
1.117960000000000000e+05
9.365200000000000000e+04
4.063200000000000000e+04
2.473300000000000000e+04
2.475600000000000000e+04
2.331200000000000000e+04
3.896100000000000000e+04
5.147800000000000000e+04
8.873900000000000000e+04
1.239510000000000000e+05
8.295600000000000000e+04
5.328200000000000000e+04
3.436200000000000000e+04
3.363100000000000000e+04
3.343900000000000000e+04
3.015500000000000000e+04
4.903500000000000000e+04
6.272000000000000000e+04
1.127200000000000000e+05
1.146470000000000000e+05
8.353600000000000000e+04
4.912000000000000000e+04
2.836100000000000000e+04
3.270700000000000000e+04
2.859400000000000000e+04
4.333200000000000000e+04
6.550900000000000000e+04
1.166400000000000000e+05
1.836740000000000000e+05
2.597950000000000000e+05
2.310990000000000000e+05
1.039020000000000000e+05
4.898100000000000000e+04
2.748000000000000000e+04
2.326600000000000000e+04
2.900900000000000000e+04
5.126100000000000000e+04
7.548500000000000000e+04
1.086240000000000000e+05
1.813700000000000000e+05
1.505650000000000000e+05
7.438800000000000000e+04
3.916200000000000000e+04
1.917300000000000000e+04
2.242400000000000000e+04
3.485000000000000000e+04
6.381600000000000000e+04
9.868700000000000000e+04
1.440210000000000000e+05
1.433640000000000000e+05
7.455300000000000000e+04
3.919400000000000000e+04
2.932600000000000000e+04
2.212100000000000000e+04
3.393300000000000000e+04
3.516600000000000000e+04
6.906100000000000000e+04
9.050500000000000000e+04
6.766900000000000000e+04
6.836600000000000000e+04
4.700000000000000000e+04
2.146400000000000000e+04
1.896200000000000000e+04
2.118700000000000000e+04
3.381000000000000000e+04
5.368600000000000000e+04
9.283400000000000000e+04
1.085310000000000000e+05
1.028320000000000000e+05
6.441000000000000000e+04
3.489400000000000000e+04
2.957300000000000000e+04
2.255900000000000000e+04
3.862900000000000000e+04
5.090100000000000000e+04
9.489100000000000000e+04
1.092410000000000000e+05
9.539200000000000000e+04
8.842500000000000000e+04
4.587100000000000000e+04
2.394400000000000000e+04
1.775800000000000000e+04
1.679800000000000000e+04
1.852800000000000000e+04
2.853000000000000000e+04
3.830400000000000000e+04
4.006900000000000000e+04
7.319000000000000000e+04
7.356800000000000000e+04
3.634000000000000000e+04
1.960500000000000000e+04
1.262400000000000000e+04
1.276100000000000000e+04
1.722500000000000000e+04
2.908000000000000000e+04
4.106800000000000000e+04
7.749800000000000000e+04
9.171500000000000000e+04
5.306300000000000000e+04
3.673700000000000000e+04
2.238600000000000000e+04
2.374000000000000000e+04
2.770300000000000000e+04
4.964400000000000000e+04
7.603100000000000000e+04
9.535000000000000000e+04
1.269820000000000000e+05
8.507700000000000000e+04
3.767100000000000000e+04
2.883100000000000000e+04
2.115900000000000000e+04
2.189200000000000000e+04
2.682400000000000000e+04
4.294000000000000000e+04
4.942900000000000000e+04
7.252800000000000000e+04
8.115500000000000000e+04
5.069700000000000000e+04
3.816200000000000000e+04
2.617200000000000000e+04
1.711100000000000000e+04
2.348100000000000000e+04
3.331700000000000000e+04
6.212500000000000000e+04
8.364100000000000000e+04
7.517200000000000000e+04
4.240200000000000000e+04
2.180100000000000000e+04
2.600100000000000000e+04
2.355400000000000000e+04
2.549300000000000000e+04
2.898100000000000000e+04
4.619000000000000000e+04
6.244300000000000000e+04
4.895100000000000000e+04
5.172900000000000000e+04
4.282100000000000000e+04
2.829900000000000000e+04
2.921000000000000000e+04
2.160500000000000000e+04
2.045400000000000000e+04
2.643100000000000000e+04
4.211700000000000000e+04
6.029400000000000000e+04
6.723500000000000000e+04
5.564400000000000000e+04
3.184800000000000000e+04
1.650500000000000000e+04
1.134500000000000000e+04
1.022400000000000000e+04
1.102000000000000000e+04
1.504100000000000000e+04
2.421400000000000000e+04
3.839200000000000000e+04
5.192900000000000000e+04
4.683600000000000000e+04
2.685000000000000000e+04
2.061100000000000000e+04
2.516400000000000000e+04
2.186000000000000000e+04
3.236200000000000000e+04
4.775800000000000000e+04
6.193700000000000000e+04
9.286800000000000000e+04
8.608600000000000000e+04
4.198600000000000000e+04
2.051100000000000000e+04
1.502400000000000000e+04
1.370200000000000000e+04
1.512400000000000000e+04
2.593800000000000000e+04
3.449000000000000000e+04
5.818900000000000000e+04
1.083050000000000000e+05
9.839000000000000000e+04
5.445000000000000000e+04
2.937200000000000000e+04
1.488700000000000000e+04
1.497800000000000000e+04
1.685200000000000000e+04
3.068600000000000000e+04
3.985500000000000000e+04
6.768400000000000000e+04
9.136500000000000000e+04
6.057300000000000000e+04
3.796900000000000000e+04
2.275900000000000000e+04
1.935400000000000000e+04
2.443100000000000000e+04
3.533500000000000000e+04
6.614500000000000000e+04
8.453300000000000000e+04
8.786500000000000000e+04
5.865800000000000000e+04
2.432900000000000000e+04
2.028700000000000000e+04
2.045400000000000000e+04
2.119800000000000000e+04
2.531500000000000000e+04
4.158700000000000000e+04
5.122300000000000000e+04
6.573400000000000000e+04
7.732700000000000000e+04
4.804000000000000000e+04
2.797900000000000000e+04
2.272200000000000000e+04
1.675200000000000000e+04
2.052200000000000000e+04
2.682700000000000000e+04
4.468800000000000000e+04
6.238200000000000000e+04
9.686600000000000000e+04
1.089910000000000000e+05
7.041400000000000000e+04
4.535100000000000000e+04
2.403300000000000000e+04
2.160400000000000000e+04
2.663300000000000000e+04
3.621000000000000000e+04
6.881300000000000000e+04
7.602100000000000000e+04
8.069100000000000000e+04
6.028000000000000000e+04
2.768500000000000000e+04
2.528300000000000000e+04
1.932300000000000000e+04
2.233900000000000000e+04
2.633000000000000000e+04
4.521900000000000000e+04
6.129900000000000000e+04
7.182900000000000000e+04
7.731800000000000000e+04
4.294100000000000000e+04
2.970500000000000000e+04
2.674900000000000000e+04
2.323500000000000000e+04
2.745400000000000000e+04
3.172100000000000000e+04
4.707000000000000000e+04
5.296600000000000000e+04
8.455300000000000000e+04
9.364900000000000000e+04
5.500500000000000000e+04
3.837400000000000000e+04
2.320200000000000000e+04
1.801500000000000000e+04
2.115700000000000000e+04
1.769800000000000000e+04
2.380400000000000000e+04
4.152600000000000000e+04
7.265900000000000000e+04
6.561600000000000000e+04
2.936900000000000000e+04
2.038900000000000000e+04
2.754700000000000000e+04
3.714200000000000000e+04
4.002800000000000000e+04
6.485800000000000000e+04
7.602400000000000000e+04
5.167500000000000000e+04
3.454700000000000000e+04
2.330000000000000000e+04
3.280000000000000000e+04
3.311600000000000000e+04
4.092100000000000000e+04
4.935500000000000000e+04
7.324600000000000000e+04
1.043100000000000000e+05
8.165700000000000000e+04
1.084940000000000000e+05
1.199970000000000000e+05
7.609700000000000000e+04
6.046600000000000000e+04
3.211500000000000000e+04
3.429400000000000000e+04
4.301700000000000000e+04
7.071500000000000000e+04
1.079560000000000000e+05
7.598000000000000000e+04
5.263500000000000000e+04
3.603000000000000000e+04
2.326700000000000000e+04
2.568800000000000000e+04
1.775100000000000000e+04
1.905000000000000000e+04
2.458500000000000000e+04
3.517100000000000000e+04
6.339200000000000000e+04
7.729900000000000000e+04
5.294900000000000000e+04
4.316200000000000000e+04
3.265200000000000000e+04
2.138700000000000000e+04
2.872000000000000000e+04
3.807600000000000000e+04
6.204000000000000000e+04
9.467200000000000000e+04
1.263410000000000000e+05
1.055480000000000000e+05
4.854100000000000000e+04
2.993000000000000000e+04
2.257700000000000000e+04
2.089800000000000000e+04
2.683900000000000000e+04
3.834600000000000000e+04
6.238100000000000000e+04
9.506900000000000000e+04
1.035590000000000000e+05
5.681300000000000000e+04
2.938100000000000000e+04
2.883700000000000000e+04
2.615800000000000000e+04
3.172400000000000000e+04
3.384000000000000000e+04
4.865000000000000000e+04
5.538000000000000000e+04
5.771300000000000000e+04
6.753300000000000000e+04
4.578300000000000000e+04
3.448100000000000000e+04
2.852000000000000000e+04
1.868500000000000000e+04
2.446500000000000000e+04
3.094200000000000000e+04
5.401400000000000000e+04
6.761700000000000000e+04
5.506300000000000000e+04
4.117900000000000000e+04
2.389700000000000000e+04
2.132800000000000000e+04
2.134800000000000000e+04
1.625900000000000000e+04
1.876200000000000000e+04
2.368700000000000000e+04
3.441000000000000000e+04
5.767700000000000000e+04
8.014300000000000000e+04
5.972900000000000000e+04
4.350800000000000000e+04
3.485600000000000000e+04
1.861700000000000000e+04
2.172200000000000000e+04
1.763200000000000000e+04
2.100400000000000000e+04
3.096400000000000000e+04
7.524000000000000000e+04
1.154690000000000000e+05
7.029500000000000000e+04
2.658800000000000000e+04
2.599900000000000000e+04
3.255800000000000000e+04
3.689200000000000000e+04
5.648900000000000000e+04
8.147500000000000000e+04
1.127590000000000000e+05
1.278300000000000000e+05
8.452800000000000000e+04
5.669300000000000000e+04
4.118800000000000000e+04
2.609800000000000000e+04
3.402100000000000000e+04
3.453300000000000000e+04
5.270300000000000000e+04
6.833600000000000000e+04
7.124600000000000000e+04
6.548300000000000000e+04
4.355800000000000000e+04
3.252300000000000000e+04
2.236600000000000000e+04
1.931200000000000000e+04
2.465900000000000000e+04
3.171800000000000000e+04
5.072500000000000000e+04
8.265300000000000000e+04
1.025470000000000000e+05
8.204100000000000000e+04
4.484800000000000000e+04
2.205000000000000000e+04
1.291900000000000000e+04
1.261100000000000000e+04
1.509800000000000000e+04
2.279900000000000000e+04
2.772700000000000000e+04
5.415800000000000000e+04
7.593200000000000000e+04
5.390700000000000000e+04
3.633500000000000000e+04
2.510600000000000000e+04
1.624100000000000000e+04
2.191600000000000000e+04
2.746500000000000000e+04
4.453200000000000000e+04
7.662100000000000000e+04
9.459800000000000000e+04
7.612900000000000000e+04
4.551100000000000000e+04
2.294800000000000000e+04
1.300700000000000000e+04
1.417000000000000000e+04
1.593600000000000000e+04
2.412900000000000000e+04
3.195900000000000000e+04
3.499000000000000000e+04
3.521700000000000000e+04
2.699700000000000000e+04
1.894100000000000000e+04
1.677900000000000000e+04
1.403700000000000000e+04
1.493100000000000000e+04
2.249600000000000000e+04
3.509800000000000000e+04
7.866900000000000000e+04
1.290930000000000000e+05
1.113580000000000000e+05
5.826200000000000000e+04
2.438700000000000000e+04
1.317600000000000000e+04
1.436700000000000000e+04
1.730400000000000000e+04
2.751600000000000000e+04
5.248100000000000000e+04
1.080260000000000000e+05
1.485880000000000000e+05
1.075170000000000000e+05
4.620200000000000000e+04
1.843100000000000000e+04
1.150100000000000000e+04
1.208800000000000000e+04
1.432700000000000000e+04
2.358300000000000000e+04
5.219300000000000000e+04
9.732000000000000000e+04
1.013990000000000000e+05
5.436100000000000000e+04
2.354500000000000000e+04
1.476000000000000000e+04
1.189500000000000000e+04
1.329400000000000000e+04
1.415700000000000000e+04
2.055300000000000000e+04
2.907500000000000000e+04
3.539600000000000000e+04
3.849500000000000000e+04
3.364100000000000000e+04
2.305600000000000000e+04
1.607500000000000000e+04
1.244000000000000000e+04
1.386500000000000000e+04
1.996900000000000000e+04
2.721600000000000000e+04
6.304600000000000000e+04
1.107160000000000000e+05
9.742900000000000000e+04
4.791800000000000000e+04
1.920800000000000000e+04
1.253300000000000000e+04
1.181500000000000000e+04
1.391900000000000000e+04
2.484900000000000000e+04
4.332000000000000000e+04
6.807200000000000000e+04
9.254000000000000000e+04
8.341700000000000000e+04
4.146000000000000000e+04
2.199000000000000000e+04
2.147300000000000000e+04
1.602100000000000000e+04
1.611700000000000000e+04
2.905300000000000000e+04
5.334400000000000000e+04
6.877200000000000000e+04
5.554800000000000000e+04
3.024500000000000000e+04
1.568500000000000000e+04
1.288400000000000000e+04
1.475200000000000000e+04
1.527700000000000000e+04
2.482400000000000000e+04
6.107200000000000000e+04
1.051520000000000000e+05
1.080470000000000000e+05
6.370700000000000000e+04
2.389500000000000000e+04
1.455000000000000000e+04
1.411500000000000000e+04
1.257600000000000000e+04
1.397800000000000000e+04
2.191700000000000000e+04
3.540500000000000000e+04
5.425500000000000000e+04
6.651700000000000000e+04
5.017300000000000000e+04
2.325400000000000000e+04
1.667400000000000000e+04
1.907100000000000000e+04
1.493300000000000000e+04
1.594800000000000000e+04
2.773600000000000000e+04
4.299800000000000000e+04
5.547200000000000000e+04
5.643900000000000000e+04
3.594800000000000000e+04
1.807200000000000000e+04
2.155300000000000000e+04
2.406700000000000000e+04
2.076900000000000000e+04
2.729600000000000000e+04
3.359200000000000000e+04
3.335600000000000000e+04
3.401700000000000000e+04
3.483500000000000000e+04
2.822900000000000000e+04
1.700300000000000000e+04
2.149900000000000000e+04
3.108400000000000000e+04
3.690000000000000000e+04
4.972500000000000000e+04
4.722900000000000000e+04
2.665900000000000000e+04
1.705100000000000000e+04
2.008600000000000000e+04
2.128600000000000000e+04
1.575900000000000000e+04
1.414300000000000000e+04
1.809500000000000000e+04
1.686300000000000000e+04
1.277400000000000000e+04
1.388700000000000000e+04
1.512400000000000000e+04
1.302600000000000000e+04
1.109200000000000000e+04
1.167200000000000000e+04
1.388400000000000000e+04
1.771800000000000000e+04
4.213800000000000000e+04
8.904600000000000000e+04
1.060410000000000000e+05
7.200400000000000000e+04
3.205900000000000000e+04
1.710900000000000000e+04
1.346800000000000000e+04
1.089500000000000000e+04
1.088200000000000000e+04
1.342000000000000000e+04
2.138900000000000000e+04
4.250500000000000000e+04
7.391700000000000000e+04
8.545700000000000000e+04
5.812100000000000000e+04
2.709100000000000000e+04
1.947700000000000000e+04
2.004500000000000000e+04
1.598100000000000000e+04
1.670300000000000000e+04
2.728700000000000000e+04
4.324200000000000000e+04
5.670100000000000000e+04
5.621800000000000000e+04
3.974700000000000000e+04
2.073100000000000000e+04
1.488800000000000000e+04
1.715000000000000000e+04
1.490000000000000000e+04
1.206200000000000000e+04
1.719600000000000000e+04
2.592400000000000000e+04
3.299300000000000000e+04
3.354400000000000000e+04
2.715000000000000000e+04
1.829100000000000000e+04
1.339500000000000000e+04
1.855000000000000000e+04
2.380900000000000000e+04
2.235700000000000000e+04
3.533000000000000000e+04
6.791200000000000000e+04
8.506300000000000000e+04
6.610800000000000000e+04
3.573100000000000000e+04
1.703300000000000000e+04
1.382500000000000000e+04
1.764000000000000000e+04
1.898700000000000000e+04
1.888500000000000000e+04
1.888100000000000000e+04
1.953300000000000000e+04
1.769500000000000000e+04
1.449600000000000000e+04
1.217000000000000000e+04
1.065100000000000000e+04
1.035000000000000000e+04
1.293500000000000000e+04
1.824900000000000000e+04
2.286500000000000000e+04
2.237700000000000000e+04
1.838900000000000000e+04
1.594000000000000000e+04
1.483700000000000000e+04
1.255700000000000000e+04
1.065500000000000000e+04
1.158500000000000000e+04
1.562400000000000000e+04
2.585400000000000000e+04
5.396100000000000000e+04
9.840700000000000000e+04
1.155210000000000000e+05
7.620300000000000000e+04
3.028800000000000000e+04
2.394300000000000000e+04
