1.260874000000000233e+05
8.267479999999994470e+04
3.779079999999999563e+04
2.313499999999999272e+04
2.172370000000000800e+04
2.802919999999997890e+04
4.295989999999998690e+04
7.342240000000000873e+04
1.270669000000000669e+05
1.558775999999999476e+05
1.181423000000000029e+05
5.840200000000000000e+04
2.848910000000000946e+04
2.125699999999999272e+04
2.078210000000000218e+04
2.656559999999999491e+04
4.951509999999998399e+04
9.076250000000000000e+04
1.220620000000000146e+05
1.137328000000000466e+05
7.649849999999998545e+04
4.469980000000001019e+04
2.728439999999999418e+04
2.241599999999999272e+04
2.400860000000000946e+04
3.223599999999999272e+04
5.969990000000000146e+04
8.491449999999998545e+04
8.354460000000000582e+04
7.657229999999998836e+04
6.596700000000000000e+04
4.027469999999998254e+04
2.876179999999999927e+04
3.281300000000000728e+04
3.212760000000000218e+04
5.070799999999998545e+04
9.167349999999998545e+04
1.016550000000000000e+05
7.942880000000003201e+04
7.388380000000001746e+04
6.297150000000000728e+04
4.085900000000001455e+04
5.140589999999998690e+04
6.684779999999998836e+04
6.106839999999999418e+04
7.332219999999996799e+04
1.008185000000000437e+05
1.501420000000000291e+05
2.036860000000000000e+05
1.661050999999999767e+05
7.166450000000002910e+04
3.976580000000001019e+04
4.508870000000000437e+04
5.075059999999999127e+04
8.637929999999997381e+04
1.672554000000000233e+05
2.464038000000000175e+05
2.342284000000000233e+05
1.325689000000000233e+05
5.005070000000000437e+04
3.487400000000000000e+04
3.778710000000000582e+04
4.519440000000000146e+04
7.131440000000000873e+04
1.209007999999999884e+05
2.065207999999999593e+05
2.614139999999999127e+05
1.897822000000000116e+05
7.966769999999999709e+04
3.689149999999998545e+04
3.344280000000000291e+04
3.944959999999999854e+04
4.841460000000000582e+04
7.810869999999998254e+04
1.361577999999999593e+05
1.715633999999999651e+05
1.464753999999999651e+05
8.477090000000005239e+04
4.129360000000002037e+04
3.043750000000000000e+04
3.088880000000000655e+04
3.796859999999997672e+04
5.240260000000001310e+04
1.015586999999999825e+05
1.512647999999999302e+05
1.415966999999999243e+05
1.076832999999999738e+05
7.357890000000000873e+04
4.050140000000000873e+04
2.955570000000000073e+04
3.658979999999998108e+04
4.129100000000001455e+04
5.640800000000002910e+04
1.021905000000000000e+05
1.190739000000000233e+05
8.736119999999999709e+04
7.550449999999998545e+04
6.170089999999999418e+04
3.327180000000000291e+04
3.044859999999999491e+04
3.298869999999998981e+04
4.091759999999999854e+04
7.063770000000002619e+04
1.092798999999999796e+05
1.168675999999999913e+05
8.019400000000001455e+04
6.435249999999999272e+04
5.163460000000000582e+04
3.149680000000000655e+04
3.420529999999998108e+04
3.513609999999998399e+04
6.855870000000002619e+04
1.197914999999999854e+05
1.920227999999998719e+05
2.892727999999998719e+05
2.277423999999999651e+05
8.526569999999998254e+04
4.170370000000000437e+04
3.487059999999999854e+04
3.432220000000001164e+04
4.926030000000000291e+04
8.564139999999993597e+04
1.616557999999999884e+05
2.736018000000000466e+05
3.252233999999999651e+05
1.947704000000001106e+05
6.442920000000001164e+04
4.237750000000000728e+04
3.247230000000000655e+04
3.882259999999999854e+04
6.061040000000000873e+04
1.222703000000000175e+05
2.169008999999999360e+05
2.605085999999999476e+05
2.027678999999999651e+05
8.895169999999999709e+04
3.779089999999998690e+04
3.527560000000000582e+04
3.270730000000001019e+04
3.839710000000001310e+04
3.717900000000000000e+04
4.447640000000000146e+04
6.619529999999998836e+04
1.404918999999999942e+05
2.008202000000000116e+05
1.340491999999999534e+05
5.506909999999999854e+04
4.107330000000001746e+04
3.802700000000000728e+04
4.329350000000001455e+04
7.979250000000000000e+04
1.286287999999999884e+05
1.406637000000000116e+05
1.197271000000000058e+05
8.081470000000001164e+04
4.082539999999997963e+04
3.451529999999999563e+04
3.359149999999999272e+04
3.353610000000000582e+04
5.058829999999997381e+04
9.799039999999997963e+04
1.514789999999999127e+05
1.445542999999999593e+05
1.121111999999999825e+05
6.929669999999998254e+04
3.711779999999998836e+04
3.969860000000000582e+04
3.910309999999999127e+04
5.444500000000002183e+04
8.330309999999997672e+04
1.417622000000000116e+05
1.649399000000000233e+05
1.092594999999999854e+05
8.136490000000000873e+04
5.097849999999999272e+04
3.311309999999999854e+04
3.522700000000001455e+04
3.620369999999999709e+04
6.054220000000001892e+04
8.798340000000003783e+04
1.475004999999999709e+05
1.507101999999999825e+05
1.044590999999999913e+05
7.594820000000004075e+04
4.099370000000000437e+04
3.751830000000001019e+04
3.845710000000002037e+04
4.788070000000002619e+04
7.379639999999999418e+04
1.126699999999999709e+05
1.486142999999999010e+05
1.103088000000000466e+05
7.990709999999999127e+04
6.236969999999999709e+04
3.584579999999997381e+04
3.990080000000003201e+04
3.489250000000000728e+04
5.295209999999996944e+04
7.822989999999999418e+04
1.063549999999999272e+05
1.039508999999999942e+05
7.444360000000003492e+04
8.546660000000000582e+04
5.799229999999998108e+04
4.257699999999999272e+04
4.510250000000000000e+04
3.737419999999999709e+04
6.052679999999995925e+04
7.441289999999995052e+04
8.681420000000002619e+04
6.534929999999999563e+04
7.562819999999999709e+04
1.021696000000000058e+05
6.107079999999999563e+04
5.740860000000001310e+04
4.766439999999999418e+04
4.641499999999998545e+04
6.804430000000003201e+04
5.785460000000002765e+04
5.511110000000001310e+04
5.015680000000001019e+04
8.004120000000001164e+04
7.327530000000006112e+04
5.392599999999999272e+04
5.993250000000000728e+04
3.982840000000002328e+04
5.637750000000000000e+04
5.350989999999999418e+04
4.064260000000001310e+04
4.186420000000001164e+04
7.200759999999999127e+04
1.182664999999999709e+05
9.756820000000002619e+04
7.598619999999993888e+04
7.133819999999998254e+04
4.826970000000000437e+04
5.425550000000000000e+04
1.118947999999999884e+05
1.506112999999999593e+05
1.346507999999999884e+05
1.065212999999999884e+05
7.536560000000000582e+04
3.970970000000000437e+04
4.036459999999998399e+04
3.736809999999999127e+04
5.711169999999999709e+04
9.716580000000004657e+04
1.482617999999999593e+05
1.918671999999998661e+05
1.344059000000000233e+05
7.608599999999998545e+04
4.246120000000001164e+04
4.410859999999999854e+04
4.769920000000001892e+04
5.452119999999999709e+04
9.525369999999996799e+04
1.222270999999999767e+05
2.042441999999999825e+05
1.754782999999999593e+05
9.014890000000000873e+04
7.267739999999999418e+04
4.603030000000003201e+04
5.596390000000002328e+04
4.447749999999999272e+04
6.912480000000000291e+04
8.440200000000002910e+04
1.088566999999999534e+05
1.417656000000000349e+05
8.221300000000002910e+04
8.569099999999998545e+04
6.890479999999997381e+04
6.214800000000000728e+04
6.695200000000001455e+04
5.400790000000000873e+04
8.674880000000003201e+04
8.777650000000000000e+04
1.331706000000000058e+05
1.143123999999999942e+05
9.123050000000001455e+04
1.252096000000000204e+05
8.075000000000001455e+04
8.273769999999993888e+04
6.283919999999998981e+04
7.085779999999998836e+04
8.963190000000000873e+04
8.141899999999998545e+04
1.049638999999999651e+05
7.163429999999997381e+04
1.145958999999999651e+05
1.121945999999999767e+05
7.862770000000002619e+04
7.899019999999996799e+04
5.561709999999998399e+04
8.202710000000004948e+04
6.912560000000000582e+04
9.221619999999995343e+04
8.824240000000005239e+04
1.025595999999999913e+05
1.705494999999999418e+05
1.095476999999999680e+05
9.992210000000000582e+04
7.990639999999999418e+04
6.650409999999997672e+04
9.543489999999996508e+04
1.144324999999999854e+05
1.967541999999999534e+05
1.394624000000000815e+05
9.311340000000002328e+04
8.179939999999999418e+04
5.600480000000000291e+04
7.013099999999997090e+04
5.117230000000000291e+04
9.148109999999996217e+04
1.231755999999999767e+05
2.125974000000000524e+05
2.352024000000000233e+05
1.371701999999999825e+05
9.639060000000003492e+04
5.464010000000000582e+04
5.419060000000000582e+04
5.061519999999998981e+04
6.081880000000001019e+04
9.872969999999995343e+04
1.414149000000000524e+05
2.001557000000000990e+05
1.495973000000000757e+05
9.102759999999997672e+04
7.187740000000003783e+04
4.280839999999999418e+04
4.376580000000002474e+04
3.665240000000000146e+04
4.011579999999999563e+04
6.281340000000002328e+04
6.930350000000001455e+04
8.323789999999997963e+04
1.202104999999999709e+05
1.295316999999999971e+05
7.150800000000001455e+04
3.966049999999997090e+04
3.785960000000001310e+04
3.574050000000000000e+04
5.772639999999998690e+04
8.127989999999997963e+04
1.105462999999999884e+05
9.248430000000000291e+04
9.819969999999998254e+04
1.112673999999999942e+05
6.662710000000002037e+04
7.733749999999995634e+04
5.650850000000000728e+04
6.615229999999998836e+04
8.546969999999999709e+04
1.066794000000000524e+05
1.434571000000000058e+05
8.846130000000000291e+04
1.097335000000000000e+05
9.659609999999999127e+04
7.550839999999999418e+04
8.003110000000004948e+04
5.480689999999999418e+04
8.262589999999996508e+04
7.965319999999995343e+04
1.286133000000000466e+05
1.070550999999999913e+05
1.174542000000000262e+05
1.623092999999999884e+05
9.364970000000001164e+04
9.184120000000001164e+04
6.497439999999999418e+04
8.042879999999997381e+04
1.200732000000000116e+05
1.976574000000000524e+05
3.725109000000000233e+05
3.671088000000000466e+05
1.904778999999999360e+05
7.341960000000002037e+04
6.110259999999999127e+04
4.353789999999999418e+04
4.412040000000001601e+04
5.878009999999999127e+04
1.117495000000000000e+05
2.392259000000000524e+05
3.291830999999999767e+05
2.954669999999998254e+05
1.394349000000000233e+05
6.953000000000001455e+04
6.318300000000000728e+04
4.450599999999997090e+04
6.205699999999998545e+04
9.968649999999998545e+04
2.300658999999999069e+05
3.977013000000000466e+05
4.299258000000000466e+05
2.431702000000000407e+05
8.281419999999996799e+04
6.118090000000000146e+04
4.385969999999998981e+04
4.241940000000000873e+04
6.888789999999996508e+04
1.244519000000000087e+05
2.401319000000000524e+05
3.078629000000000815e+05
2.217311999999999243e+05
9.513219999999996799e+04
4.337569999999998254e+04
4.432070000000001164e+04
3.913299999999998545e+04
5.033649999999998545e+04
9.542869999999996799e+04
1.563248999999998487e+05
2.632122999999999884e+05
2.642522000000000116e+05
1.529347999999999302e+05
7.141650000000000000e+04
4.281290000000000146e+04
5.138009999999998399e+04
4.212329999999999563e+04
6.173809999999998399e+04
9.583769999999999709e+04
1.782519000000001106e+05
2.580203999999999651e+05
1.747860000000000873e+05
9.731190000000002328e+04
5.609140000000001601e+04
4.091470000000000437e+04
4.276649999999998545e+04
3.959829999999998836e+04
6.224880000000001019e+04
5.383709999999998399e+04
4.316689999999998690e+04
6.574400000000000000e+04
1.536720000000000000e+05
1.618063000000000466e+05
7.846549999999998545e+04
5.838619999999998981e+04
3.854610000000000582e+04
4.268289999999999418e+04
7.466940000000000873e+04
1.556257999999999884e+05
2.699611000000000349e+05
3.118702999999998719e+05
2.086423999999999360e+05
9.363720000000001164e+04
7.612230000000000291e+04
4.494719999999998254e+04
4.273980000000000291e+04
5.709449999999998545e+04
1.217485999999999913e+05
2.145947000000000407e+05
2.695016000000000931e+05
2.477369000000000524e+05
1.158259999999999709e+05
6.272689999999999418e+04
5.061920000000001164e+04
3.450589999999998690e+04
4.555489999999999418e+04
6.971060000000004948e+04
1.396817000000000116e+05
2.299868999999999651e+05
2.532986000000000640e+05
1.514069999999999709e+05
5.893639999999999418e+04
4.472490000000000146e+04
3.617569999999998254e+04
3.777369999999996799e+04
6.013890000000000873e+04
8.986689999999996508e+04
1.571960999999999767e+05
1.992163999999999360e+05
1.506296000000000349e+05
7.491409999999999127e+04
3.654430000000002474e+04
3.668019999999998254e+04
3.061250000000000728e+04
3.848830000000001019e+04
6.032760000000001310e+04
9.477320000000001164e+04
1.551749999999999709e+05
1.537578999999999942e+05
9.406119999999995343e+04
4.723650000000002183e+04
3.179800000000000000e+04
3.612690000000000873e+04
3.124079999999998836e+04
4.318940000000000873e+04
6.187719999999996071e+04
1.192057000000000698e+05
1.745887999999999884e+05
1.326481000000000058e+05
7.692419999999998254e+04
4.298539999999999418e+04
3.466249999999998545e+04
3.668860000000000582e+04
3.075929999999998472e+04
4.749370000000001892e+04
7.335269999999996799e+04
1.348273999999999360e+05
1.777781000000000931e+05
1.377179000000000233e+05
6.711140000000003783e+04
4.726759999999999854e+04
3.881690000000000146e+04
2.876240000000000509e+04
3.463650000000000000e+04
4.921419999999998254e+04
9.411700000000000000e+04
1.298662999999999884e+05
1.546502999999999302e+05
1.117748999999999796e+05
5.656559999999999854e+04
4.811499999999997817e+04
3.140839999999999782e+04
3.078279999999998836e+04
3.492489999999999418e+04
5.741030000000002474e+04
9.302639999999996508e+04
1.225168999999999942e+05
1.093583999999999942e+05
5.475640000000002328e+04
3.380059999999999127e+04
2.920950000000000728e+04
2.327780000000000291e+04
2.663349999999999272e+04
2.627449999999999272e+04
2.801449999999999636e+04
2.619879999999998836e+04
3.061529999999998472e+04
4.834809999999999854e+04
4.394159999999999854e+04
3.015589999999999418e+04
2.901190000000000509e+04
2.513360000000000218e+04
2.982439999999999054e+04
3.813430000000000291e+04
5.483560000000001310e+04
7.120839999999999418e+04
5.545319999999998254e+04
3.296180000000000291e+04
2.399760000000000218e+04
2.360099999999999636e+04
2.290000000000000000e+04
2.441230000000001019e+04
3.133580000000000291e+04
4.357920000000001164e+04
6.458600000000000000e+04
6.485890000000000873e+04
4.458779999999998108e+04
2.810409999999999854e+04
2.341220000000001164e+04
2.515619999999999345e+04
2.350099999999999636e+04
2.819769999999999709e+04
3.713630000000001746e+04
5.855850000000002183e+04
7.971650000000000000e+04
6.611300000000000000e+04
4.346830000000000291e+04
2.922860000000000582e+04
2.697239999999999054e+04
2.580509999999999127e+04
2.515770000000000437e+04
3.337290000000000146e+04
4.310989999999999418e+04
6.762070000000001164e+04
7.807620000000001164e+04
6.230270000000001164e+04
3.792650000000000728e+04
2.893229999999998836e+04
2.703910000000000218e+04
2.584120000000000800e+04
3.232450000000000728e+04
3.870359999999998399e+04
5.999450000000000000e+04
8.911980000000003201e+04
1.025656999999999971e+05
7.161759999999996217e+04
3.645150000000002183e+04
3.069079999999998836e+04
2.768720000000000073e+04
2.831940000000000509e+04
3.842930000000001019e+04
5.441310000000000582e+04
9.684819999999999709e+04
1.268884000000000087e+05
1.007213999999999942e+05
5.160469999999999709e+04
3.246310000000000582e+04
3.358950000000000000e+04
2.746690000000000146e+04
3.330330000000000291e+04
4.671580000000000291e+04
7.285869999999999709e+04
1.109895000000000000e+05
1.055617000000000116e+05
6.276810000000002037e+04
3.534650000000000000e+04
2.880360000000000218e+04
3.113909999999999854e+04
2.917839999999999054e+04
4.460339999999999418e+04
5.995200000000000000e+04
1.015803999999999796e+05
1.195675000000000437e+05
8.085379999999998836e+04
5.734969999999999709e+04
3.756000000000001455e+04
3.375829999999999563e+04
3.131270000000000437e+04
3.285100000000000000e+04
4.709039999999998690e+04
5.424930000000002474e+04
8.686389999999996508e+04
7.536310000000003492e+04
6.049980000000000291e+04
6.732739999999999418e+04
4.210140000000001601e+04
4.086729999999999563e+04
3.127969999999998254e+04
2.920759999999998763e+04
3.175259999999998399e+04
2.596189999999999782e+04
3.274569999999998981e+04
6.110530000000001019e+04
7.380209999999999127e+04
4.391679999999998836e+04
2.961579999999999927e+04
2.662760000000000582e+04
2.715700000000000364e+04
4.328180000000001746e+04
7.183420000000001164e+04
1.201065999999999767e+05
1.719132999999999884e+05
1.414521000000000349e+05
6.249769999999998254e+04
3.871819999999998981e+04
3.701590000000000146e+04
3.008789999999999418e+04
4.298850000000002183e+04
5.988880000000001019e+04
1.068681999999999825e+05
1.528706999999999825e+05
1.603751000000000058e+05
1.001105000000000146e+05
4.582470000000000437e+04
3.875639999999997963e+04
3.027900000000000364e+04
3.555880000000000291e+04
5.099490000000002328e+04
7.551920000000002619e+04
1.299002000000000262e+05
1.616591999999999825e+05
1.293093999999999942e+05
6.411009999999996217e+04
3.648360000000002037e+04
3.761969999999999709e+04
3.124330000000000291e+04
4.603220000000001892e+04
6.680960000000000582e+04
1.041885999999999622e+05
1.621138999999999942e+05
1.446339000000000233e+05
8.622670000000001164e+04
4.164100000000001455e+04
3.555820000000001892e+04
3.709479999999999563e+04
3.023279999999999200e+04
4.517090000000001601e+04
6.007979999999998836e+04
9.678470000000004075e+04
1.178164999999999563e+05
7.970080000000000291e+04
6.340080000000001019e+04
4.155649999999998545e+04
4.227950000000000000e+04
3.687780000000000291e+04
3.945310000000001310e+04
6.028790000000000873e+04
8.653860000000000582e+04
1.467945999999999476e+05
1.380159999999999709e+05
8.703559999999999127e+04
5.738970000000000437e+04
4.027349999999999272e+04
5.355449999999999272e+04
4.323869999999998981e+04
7.438529999999997381e+04
1.011869999999999854e+05
1.646828000000001339e+05
2.382341999999999534e+05
1.951009999999999418e+05
1.047591999999999825e+05
4.751080000000001019e+04
4.549029999999998836e+04
3.461890000000000146e+04
4.723250000000000728e+04
7.672090000000002328e+04
1.052426999999999971e+05
1.608365000000000000e+05
1.807245000000000582e+05
1.243043999999999796e+05
6.028209999999998399e+04
3.844700000000000000e+04
3.666230000000001019e+04
3.151799999999999636e+04
4.705350000000001455e+04
6.101229999999998836e+04
1.026219000000000233e+05
1.431958999999999942e+05
1.434681000000000640e+05
8.876449999999998545e+04
4.191870000000000437e+04
2.914039999999999418e+04
3.317739999999998690e+04
2.719050000000001091e+04
3.696680000000001746e+04
3.474390000000000146e+04
3.747669999999998981e+04
5.975169999999999709e+04
7.960119999999998254e+04
5.346339999999999418e+04
2.823560000000000218e+04
2.473859999999999127e+04
3.044409999999999491e+04
3.027249999999998909e+04
4.608499999999999272e+04
5.393730000000001019e+04
7.185409999999999127e+04
7.420840000000000873e+04
6.399930000000000291e+04
5.797450000000000728e+04
5.019899999999997817e+04
5.229449999999997817e+04
3.628569999999998254e+04
4.920979999999999563e+04
5.841019999999999709e+04
1.014757999999999738e+05
1.142800000000000146e+05
8.713510000000003492e+04
6.992360000000000582e+04
4.117920000000001164e+04
4.060530000000000291e+04
4.027259999999999854e+04
3.986220000000001892e+04
5.891870000000001164e+04
6.836179999999998836e+04
1.079350000000000291e+05
8.953529999999997381e+04
7.299400000000001455e+04
6.839239999999999418e+04
5.107179999999999563e+04
5.536489999999999418e+04
3.695820000000002619e+04
5.446830000000000291e+04
6.698469999999998254e+04
1.239763000000000029e+05
1.732581999999999825e+05
1.624288000000000466e+05
1.091765000000000291e+05
5.654520000000002619e+04
4.686859999999999127e+04
3.054339999999998690e+04
3.660030000000000291e+04
5.482650000000000000e+04
9.079779999999998836e+04
1.405877000000000116e+05
1.888222999999999884e+05
1.768137000000000407e+05
9.579680000000000291e+04
6.099909999999999127e+04
4.996389999999997963e+04
3.562690000000000873e+04
5.113260000000002037e+04
6.572689999999997963e+04
1.184736000000000640e+05
1.642042000000000407e+05
1.827942999999999593e+05
1.206691999999999971e+05
5.156079999999998108e+04
4.220819999999998981e+04
3.489369999999999709e+04
4.222779999999998836e+04
6.344209999999999854e+04
7.606429999999997381e+04
1.256153999999999796e+05
1.450315999999999476e+05
1.174751000000000204e+05
6.402670000000001164e+04
3.953110000000000582e+04
4.071440000000000146e+04
3.397279999999998836e+04
4.800700000000001455e+04
6.482840000000003783e+04
9.128150000000004366e+04
1.412588000000000175e+05
1.354581000000000058e+05
9.343379999999998836e+04
5.109970000000001164e+04
3.728690000000000146e+04
3.728770000000000437e+04
2.821510000000000582e+04
3.673140000000000146e+04
4.239970000000000437e+04
6.267420000000001892e+04
7.681569999999996799e+04
7.631749999999998545e+04
8.708810000000002037e+04
6.193189999999999418e+04
4.917990000000000873e+04
4.149730000000000291e+04
2.924649999999998909e+04
3.302920000000001164e+04
2.624389999999999054e+04
3.654730000000001746e+04
6.408579999999998836e+04
7.257270000000002619e+04
4.464370000000000437e+04
2.621060000000000218e+04
2.589500000000000000e+04
3.316139999999998690e+04
3.684559999999999854e+04
6.426549999999997817e+04
9.160230000000001746e+04
1.412357000000000407e+05
1.434685000000000000e+05
8.406839999999999418e+04
4.270700000000001455e+04
4.012540000000000146e+04
3.745509999999999127e+04
3.662830000000001019e+04
5.915349999999999272e+04
9.158519999999995343e+04
1.553326000000000640e+05
1.688909000000000524e+05
1.217438999999999796e+05
6.038940000000000146e+04
3.585030000000001019e+04
4.244950000000001455e+04
3.577970000000000437e+04
5.175449999999997090e+04
7.031150000000000000e+04
9.689740000000003783e+04
1.373148000000000757e+05
1.107200000000000146e+05
6.845419999999998254e+04
3.848000000000000728e+04
4.077439999999998690e+04
4.181510000000000582e+04
3.826159999999999854e+04
6.236600000000000728e+04
7.024789999999999418e+04
1.052790999999999767e+05
1.047164999999999854e+05
7.829810000000000582e+04
6.666110000000002037e+04
4.580960000000000582e+04
5.237969999999999709e+04
4.260240000000000873e+04
4.596689999999998690e+04
6.436589999999997963e+04
7.924370000000001164e+04
1.105965999999999767e+05
8.696430000000004657e+04
8.665220000000002619e+04
7.390190000000000873e+04
4.886799999999999272e+04
5.209329999999999563e+04
3.355680000000000291e+04
4.176679999999997381e+04
4.547000000000001455e+04
6.340550000000000000e+04
7.598790000000002328e+04
7.230650000000001455e+04
9.597259999999997672e+04
6.602749999999997090e+04
6.346599999999999272e+04
5.767139999999995780e+04
5.427379999999998836e+04
8.470589999999997963e+04
9.844639999999996508e+04
1.600600000000000000e+05
1.660125999999998603e+05
1.170459999999999854e+05
5.734639999999999418e+04
4.295700000000000000e+04
4.389250000000000000e+04
4.032180000000000291e+04
6.206019999999998981e+04
8.023539999999997963e+04
1.208471999999999825e+05
1.797681999999999243e+05
1.710538000000000175e+05
1.068037999999999738e+05
5.446869999999999709e+04
5.265890000000000146e+04
3.800230000000001019e+04
4.054950000000002183e+04
5.464180000000001019e+04
7.623100000000002910e+04
1.212474999999999854e+05
1.427969999999999418e+05
1.128853999999999942e+05
6.165800000000000728e+04
3.508649999999999272e+04
3.974920000000000437e+04
3.209879999999999927e+04
3.057550000000000364e+04
3.104569999999998618e+04
2.551809999999999127e+04
3.654909999999999127e+04
6.853759999999997672e+04
8.007550000000002910e+04
4.726599999999998545e+04
2.834030000000000655e+04
3.163539999999999782e+04
3.628540000000000873e+04
3.891110000000001310e+04
5.920430000000002474e+04
7.164710000000002037e+04
8.768589999999996508e+04
6.719310000000002037e+04
6.123050000000000728e+04
4.809740000000001601e+04
5.515609999999998399e+04
4.713960000000003492e+04
4.400499999999998545e+04
5.849870000000000437e+04
7.195209999999999127e+04
1.072347000000000553e+05
8.469630000000004657e+04
7.180039999999997963e+04
5.591910000000003492e+04
4.110560000000000582e+04
5.050659999999999854e+04
3.607670000000000437e+04
5.001489999999998690e+04
5.743180000000001019e+04
7.102880000000001746e+04
8.531400000000000000e+04
6.496330000000002474e+04
7.806099999999998545e+04
5.384289999999998690e+04
4.927419999999998981e+04
4.484749999999999272e+04
3.919060000000000582e+04
5.767359999999999854e+04
6.559210000000000582e+04
9.679710000000003492e+04
9.921369999999999709e+04
7.625290000000002328e+04
4.924699999999999272e+04
3.861160000000000582e+04
4.222209999999998399e+04
3.261159999999999491e+04
5.068770000000002619e+04
6.362320000000000437e+04
9.596599999999997090e+04
1.285710000000000582e+05
1.054024000000000378e+05
6.805680000000001746e+04
3.739309999999999127e+04
4.019620000000003347e+04
3.967570000000000437e+04
3.851140000000000873e+04
6.088990000000000146e+04
7.103820000000004075e+04
1.075665000000000000e+05
1.145585000000000146e+05
8.133540000000000873e+04
5.646629999999998836e+04
3.820439999999998690e+04
4.698809999999999854e+04
3.721549999999999272e+04
5.041630000000000291e+04
6.185759999999999854e+04
7.436469999999999709e+04
9.442539999999996508e+04
7.480559999999999127e+04
6.656989999999999418e+04
5.068310000000000582e+04
4.824909999999999854e+04
4.937480000000001019e+04
3.713890000000000146e+04
5.370350000000000000e+04
4.982310000000003492e+04
6.818129999999997381e+04
6.149690000000000146e+04
7.140369999999995343e+04
9.697220000000001164e+04
6.903139999999995052e+04
6.209909999999999854e+04
4.584909999999999854e+04
3.477119999999999709e+04
3.953349999999999272e+04
3.478429999999998836e+04
4.460029999999999563e+04
4.016470000000000437e+04
7.851149999999998545e+04
1.100793000000000029e+05
7.947810000000002037e+04
5.875649999999999272e+04
3.794839999999999418e+04
2.633370000000000437e+04
2.754860000000000218e+04
3.200820000000000073e+04
5.190279999999998836e+04
7.436740000000002328e+04
5.275280000000001746e+04
3.563780000000001019e+04
2.850360000000000946e+04
3.914080000000002474e+04
4.330200000000000728e+04
5.685259999999999854e+04
8.821089999999999418e+04
1.155108000000000029e+05
1.555803000000000175e+05
1.069580000000000291e+05
5.139789999999997963e+04
4.062840000000000146e+04
5.026120000000001164e+04
3.996000000000000728e+04
6.294530000000000291e+04
7.379489999999996508e+04
1.176227999999999302e+05
1.515358999999999942e+05
1.308487999999999738e+05
8.546230000000000291e+04
4.227470000000000437e+04
4.375019999999997526e+04
3.950729999999998108e+04
4.044600000000000000e+04
6.002229999999998836e+04
6.654470000000001164e+04
9.348290000000000873e+04
9.780900000000004366e+04
7.952689999999996508e+04
6.070270000000001164e+04
4.551059999999998399e+04
5.374440000000000146e+04
3.918139999999998690e+04
4.793030000000000291e+04
5.967619999999998254e+04
7.240879999999998836e+04
9.001769999999999709e+04
7.389100000000000000e+04
5.699840000000000146e+04
4.428229999999998836e+04
4.546399999999997817e+04
5.046970000000000437e+04
3.684740000000000146e+04
5.264829999999997381e+04
5.133279999999998836e+04
7.238079999999997381e+04
7.656749999999995634e+04
6.089559999999999854e+04
5.966499999999997817e+04
4.032060000000000582e+04
4.387090000000000146e+04
3.960000000000000728e+04
3.187319999999999709e+04
4.228529999999999563e+04
3.972419999999999709e+04
5.344579999999998836e+04
5.363289999999999418e+04
7.851039999999999418e+04
7.720669999999999709e+04
5.589530000000000291e+04
5.878329999999998836e+04
4.005119999999998981e+04
5.301790000000000146e+04
6.005480000000000291e+04
8.381839999999997963e+04
1.101427000000000116e+05
1.009093000000000175e+05
7.286459999999999127e+04
4.158319999999998981e+04
4.517699999999999272e+04
4.043220000000000437e+04
4.490609999999999854e+04
6.654269999999998254e+04
7.439959999999999127e+04
1.134353999999999796e+05
1.158287999999999738e+05
9.163609999999999127e+04
5.583369999999996799e+04
4.281799999999998545e+04
3.637370000000000437e+04
3.040909999999999491e+04
4.230580000000001746e+04
5.358100000000000000e+04
6.854900000000001455e+04
9.581690000000000873e+04
8.809410000000000582e+04
5.909619999999999709e+04
3.966309999999999854e+04
3.724529999999998836e+04
3.807369999999999709e+04
2.581200000000000000e+04
2.842579999999999200e+04
2.582850000000000000e+04
3.087630000000000655e+04
5.962289999999998690e+04
7.749700000000004366e+04
5.440280000000000291e+04
3.431329999999999563e+04
2.654319999999999709e+04
3.460489999999999418e+04
3.263189999999999782e+04
4.370329999999998836e+04
5.231320000000001892e+04
6.169390000000001601e+04
5.941650000000001455e+04
5.619420000000000437e+04
5.267229999999999563e+04
4.832730000000001746e+04
5.493970000000001164e+04
3.773730000000000291e+04
5.382499999999998545e+04
5.314110000000000582e+04
7.449160000000002037e+04
7.882180000000001746e+04
6.191760000000000582e+04
6.048540000000000146e+04
4.123019999999998981e+04
4.230490000000001601e+04
3.591800000000000000e+04
3.299350000000001455e+04
4.376480000000001019e+04
4.032529999999998836e+04
5.555460000000000582e+04
5.492269999999999709e+04
6.038540000000000146e+04
6.076389999999998690e+04
4.641599999999999272e+04
5.215960000000002037e+04
3.584409999999999854e+04
4.544619999999999709e+04
5.487429999999999563e+04
7.139609999999999127e+04
1.014948999999999942e+05
8.935180000000000291e+04
6.406770000000001164e+04
4.410819999999998981e+04
4.097600000000000000e+04
3.035730000000000655e+04
3.641340000000002328e+04
4.434519999999999709e+04
5.819319999999999709e+04
8.577470000000002619e+04
9.781850000000000000e+04
8.061769999999998254e+04
4.601900000000000728e+04
3.751680000000001019e+04
3.822450000000000728e+04
3.155889999999999782e+04
4.783619999999998254e+04
6.024729999999998836e+04
7.920440000000002328e+04
1.030233000000000175e+05
8.904739999999996508e+04
6.330880000000002474e+04
3.977489999999998690e+04
4.167769999999999709e+04
3.556720000000001892e+04
3.389030000000000291e+04
5.160710000000000582e+04
5.672079999999999563e+04
7.639189999999997963e+04
8.067729999999998836e+04
5.843880000000001019e+04
4.488410000000002037e+04
3.697710000000000582e+04
4.363589999999999418e+04
3.197709999999999127e+04
3.750519999999999709e+04
4.133510000000000582e+04
4.436950000000001455e+04
5.618200000000002183e+04
4.801539999999998690e+04
5.365999999999999272e+04
4.691590000000003056e+04
4.603719999999998981e+04
4.485090000000000146e+04
3.116189999999999418e+04
4.114419999999998254e+04
3.878339999999999418e+04
4.450610000000000582e+04
5.293529999999998836e+04
4.710229999999998836e+04
6.229499999999998545e+04
5.638029999999998836e+04
4.193500000000000728e+04
3.419339999999999418e+04
2.332579999999998836e+04
2.347380000000000655e+04
2.622300000000000000e+04
3.775020000000001892e+04
5.811269999999998981e+04
5.806440000000000873e+04
4.035789999999999418e+04
2.781530000000000655e+04
2.743879999999999200e+04
3.698270000000001164e+04
3.713179999999998108e+04
5.592870000000002619e+04
7.209910000000000582e+04
8.419099999999997090e+04
8.214389999999993597e+04
5.485320000000000437e+04
3.572620000000000437e+04
4.117139999999998690e+04
3.434169999999998981e+04
3.633400000000000000e+04
5.084189999999998690e+04
5.459830000000000291e+04
8.101890000000002328e+04
7.210610000000000582e+04
5.748730000000003929e+04
4.147119999999998254e+04
3.752830000000001019e+04
4.181590000000000873e+04
3.151159999999999854e+04
4.353690000000000873e+04
5.100109999999998399e+04
6.036159999999997672e+04
7.479439999999996508e+04
5.732729999999998836e+04
4.464369999999998981e+04
3.600100000000000000e+04
4.244369999999998254e+04
3.992530000000002474e+04
3.379670000000001164e+04
4.608319999999998981e+04
4.583669999999998254e+04
6.440659999999999854e+04
5.918730000000001019e+04
4.654249999999999272e+04
4.762760000000002037e+04
3.957919999999998254e+04
4.481270000000001892e+04
3.312140000000000146e+04
3.838190000000000146e+04
4.583680000000001019e+04
4.442610000000001310e+04
5.549329999999998836e+04
4.382779999999999563e+04
4.944759999999999854e+04
4.678560000000000582e+04
4.766540000000000146e+04
4.667370000000000437e+04
3.150340000000000509e+04
3.992430000000000291e+04
3.510309999999999854e+04
3.941379999999999563e+04
4.207450000000000728e+04
4.637259999999999854e+04
6.146029999999997381e+04
4.809650000000000728e+04
4.961570000000001164e+04
4.263100000000000000e+04
3.419340000000000146e+04
4.930870000000001892e+04
5.477420000000000437e+04
8.232389999999999418e+04
8.437870000000001164e+04
5.798730000000000291e+04
3.896999999999999272e+04
3.779159999999998399e+04
3.961099999999999272e+04
3.244790000000000873e+04
4.611580000000001019e+04
5.216190000000001601e+04
7.332619999999996799e+04
8.104220000000002619e+04
7.092319999999998254e+04
4.973410000000000582e+04
4.083419999999999709e+04
4.062359999999999127e+04
2.945960000000001673e+04
3.407790000000000146e+04
4.572619999999998981e+04
5.196889999999999418e+04
6.630149999999997090e+04
6.682880000000003201e+04
5.043169999999998254e+04
3.740189999999999418e+04
3.323459999999999127e+04
3.080830000000000291e+04
2.285450000000000000e+04
2.019639999999999782e+04
2.054020000000000437e+04
2.333440000000000509e+04
3.652509999999997672e+04
5.563550000000000000e+04
5.457609999999998399e+04
3.769650000000000728e+04
2.721529999999999563e+04
3.453499999999999272e+04
3.414650000000000000e+04
3.908229999999999563e+04
5.043639999999998690e+04
5.782749999999999272e+04
6.539959999999999854e+04
4.877300000000000000e+04
3.710420000000000437e+04
3.282120000000001164e+04
4.461799999999998545e+04
3.567339999999999418e+04
4.184619999999999709e+04
5.279320000000000437e+04
5.900750000000000728e+04
7.654869999999999709e+04
6.082140000000002328e+04
4.021900000000000000e+04
2.946879999999998836e+04
3.436499999999999272e+04
3.472090000000000146e+04
3.193179999999999200e+04
4.755180000000003201e+04
5.240059999999997672e+04
6.288180000000000291e+04
7.097069999999998254e+04
5.060150000000000728e+04
3.668299999999998545e+04
3.095069999999999709e+04
3.913999999999997817e+04
3.346930000000000291e+04
3.904119999999999709e+04
4.976020000000001164e+04
5.507409999999999854e+04
7.390650000000000000e+04
7.868760000000000582e+04
6.821670000000001164e+04
4.956079999999999563e+04
4.695289999999997963e+04
3.509500000000000000e+04
3.415679999999998108e+04
4.560840000000000146e+04
5.418979999999999563e+04
7.330850000000000000e+04
8.328379999999998836e+04
7.181140000000000873e+04
4.862979999999999563e+04
3.942090000000000146e+04
4.235670000000000437e+04
3.228599999999999636e+04
3.934700000000000728e+04
5.068530000000000291e+04
5.829319999999998254e+04
7.597849999999997090e+04
7.965550000000004366e+04
6.518480000000000291e+04
4.672389999999999418e+04
4.333300000000001455e+04
3.578010000000001310e+04
2.968640000000000509e+04
4.285569999999998981e+04
5.341719999999998254e+04
7.086119999999999709e+04
8.838979999999997381e+04
7.882420000000001164e+04
5.515960000000000582e+04
3.981930000000000291e+04
4.480539999999999418e+04
3.491509999999999854e+04
3.499099999999998545e+04
4.778210000000001310e+04
5.114550000000000728e+04
6.576580000000000291e+04
6.314509999999999127e+04
4.243410000000000582e+04
2.892399999999998909e+04
3.178579999999999200e+04
3.629430000000000291e+04
2.928469999999998981e+04
3.815139999999999418e+04
4.595429999999999563e+04
4.815960000000000582e+04
6.061009999999996217e+04
5.178389999999998690e+04
3.962059999999999127e+04
3.479990000000000146e+04
3.151509999999999854e+04
2.900840000000000873e+04
2.313380000000000291e+04
2.082640000000000509e+04
2.041480000000000655e+04
2.279380000000001019e+04
3.195320000000000437e+04
4.814740000000003056e+04
4.694039999999999418e+04
3.039970000000000437e+04
2.652690000000000509e+04
3.176650000000000000e+04
3.141050000000000000e+04
3.670150000000000000e+04
4.926710000000000582e+04
5.741900000000000728e+04
7.562019999999998254e+04
8.116719999999999709e+04
6.400030000000001746e+04
5.608620000000001892e+04
3.774389999999999418e+04
3.139880000000000655e+04
3.802470000000001164e+04
4.278129999999999563e+04
6.288500000000000728e+04
6.818579999999998836e+04
7.408420000000001164e+04
6.801769999999998254e+04
6.233969999999998981e+04
5.665159999999998399e+04
3.451470000000000437e+04
3.896610000000000582e+04
4.834640000000000873e+04
6.017200000000000000e+04
7.527200000000000000e+04
7.789710000000002037e+04
6.575510000000002037e+04
4.942389999999998690e+04
5.197679999999999563e+04
4.211780000000000291e+04
3.196349999999998545e+04
4.324959999999998399e+04
5.245029999999999563e+04
6.930580000000001746e+04
7.498939999999997963e+04
6.535240000000000146e+04
4.948440000000000873e+04
4.121699999999998545e+04
4.262359999999998399e+04
3.204350000000000000e+04
2.964149999999998545e+04
3.717079999999995925e+04
4.133500000000002910e+04
5.456509999999996944e+04
5.560269999999998981e+04
4.370530000000000291e+04
3.342250000000000000e+04
3.399040000000002328e+04
4.059450000000000728e+04
3.144449999999998909e+04
3.882400000000000728e+04
4.904609999999999854e+04
5.732390000000000146e+04
6.804840000000000873e+04
5.523040000000000146e+04
3.534309999999999127e+04
2.764510000000000946e+04
3.493990000000000873e+04
3.519810000000002765e+04
3.072400000000000364e+04
4.548569999999997526e+04
5.152750000000000000e+04
6.449280000000001746e+04
6.819009999999999127e+04
4.832609999999999127e+04
3.413700000000000728e+04
3.347950000000000000e+04
3.972050000000000000e+04
3.300210000000000582e+04
3.661419999999998981e+04
4.868379999999999563e+04
6.059289999999998690e+04
7.199380000000001746e+04
6.923660000000000582e+04
5.087350000000000728e+04
3.574110000000000582e+04
3.634690000000000146e+04
3.396500000000000000e+04
2.676390000000000509e+04
3.584800000000001455e+04
4.062590000000000873e+04
4.773260000000002037e+04
5.472539999999997235e+04
3.908620000000000437e+04
3.099490000000000146e+04
2.814319999999999345e+04
2.700050000000000728e+04
2.505530000000000655e+04
2.071250000000000000e+04
2.019950000000000000e+04
2.302209999999999127e+04
3.310060000000000582e+04
5.095329999999998836e+04
4.634380000000001019e+04
2.928740000000000873e+04
2.326800000000000364e+04
2.345789999999999782e+04
3.128920000000000073e+04
2.832689999999999054e+04
2.783159999999999854e+04
3.127549999999999636e+04
2.949790000000000873e+04
2.757640000000000146e+04
2.851110000000000582e+04
3.087850000000000000e+04
3.702900000000000000e+04
3.806799999999998545e+04
2.788410000000000218e+04
3.637039999999999418e+04
3.438910000000000582e+04
3.891900000000000000e+04
4.019329999999999563e+04
3.281730000000000291e+04
4.324500000000001455e+04
4.317650000000000000e+04
4.624150000000000000e+04
3.585619999999999709e+04
2.722130000000000655e+04
3.194040000000000509e+04
3.301229999999999563e+04
4.138450000000001455e+04
3.463159999999999127e+04
3.977980000000000291e+04
4.129150000000000728e+04
4.492269999999999709e+04
5.516939999999999418e+04
3.690879999999998836e+04
4.252849999999999272e+04
5.152590000000000146e+04
5.746630000000001746e+04
6.094699999999997090e+04
4.079620000000000437e+04
2.778580000000000291e+04
3.270049999999999636e+04
4.058890000000001601e+04
3.165250000000000000e+04
3.406639999999999418e+04
4.188189999999998690e+04
5.159139999999998690e+04
6.293670000000001164e+04
5.353600000000000728e+04
3.778750000000000728e+04
3.010130000000000655e+04
3.687359999999999854e+04
3.752760000000000582e+04
2.864829999999999927e+04
3.515850000000000000e+04
4.304429999999999563e+04
5.256809999999999854e+04
5.754489999999997235e+04
4.025370000000001892e+04
2.804730000000000291e+04
2.802080000000000655e+04
3.864049999999999272e+04
3.494759999999999854e+04
3.128869999999998981e+04
3.872030000000001019e+04
4.084000000000000728e+04
4.849070000000000437e+04
4.138560000000000582e+04
3.462720000000000437e+04
3.559510000000000582e+04
3.830750000000001455e+04
4.516239999999998690e+04
3.393079999999998836e+04
3.110099999999999272e+04
3.592879999999998836e+04
3.550350000000000000e+04
4.041980000000000291e+04
3.272279999999999563e+04
2.890909999999999491e+04
3.096319999999999345e+04
3.560420000000001164e+04
3.588460000000000582e+04
2.858370000000000073e+04
3.119570000000000073e+04
2.907749999999999272e+04
3.629769999999999709e+04
3.653080000000001019e+04
3.599099999999999272e+04
4.809840000000000873e+04
4.021359999999999854e+04
3.248040000000000509e+04
2.755239999999999054e+04
2.100109999999999127e+04
1.936630000000000291e+04
2.108069999999999345e+04
2.841200000000000728e+04
4.151409999999999854e+04
4.432089999999997235e+04
3.247769999999999345e+04
2.550900000000001091e+04
3.067420000000000437e+04
3.856269999999999709e+04
3.607490000000000873e+04
3.996010000000000582e+04
4.839280000000000291e+04
4.805139999999998690e+04
3.866969999999998254e+04
2.814279999999998108e+04
3.076350000000000364e+04
3.757860000000000582e+04
3.231869999999999709e+04
3.493570000000000437e+04
4.812829999999999563e+04
5.524739999999999418e+04
6.729129999999997381e+04
6.410880000000001019e+04
4.376090000000000146e+04
3.239760000000000946e+04
3.991270000000000437e+04
3.953879999999998836e+04
2.817100000000001455e+04
3.475640000000000146e+04
3.987190000000001601e+04
4.887069999999996799e+04
5.455589999999999418e+04
3.849169999999999709e+04
2.768760000000000946e+04
2.945720000000000073e+04
3.580290000000001601e+04
3.002959999999999127e+04
2.870740000000000873e+04
3.658409999999999127e+04
4.038649999999999272e+04
4.741549999999999272e+04
4.101439999999998690e+04
2.921239999999999782e+04
2.471139999999999054e+04
3.072019999999999709e+04
3.894749999999998545e+04
2.939670000000000437e+04
3.565849999999999272e+04
4.271889999999999418e+04
4.629359999999998399e+04
5.519619999999998981e+04
4.048620000000000437e+04
2.712599999999998909e+04
2.571889999999999418e+04
3.601270000000001164e+04
3.488300000000000728e+04
2.853130000000000655e+04
3.744790000000000873e+04
3.881629999999998836e+04
4.888750000000000000e+04
4.317370000000001164e+04
3.210670000000000073e+04
2.980250000000000000e+04
3.183100000000000000e+04
4.474840000000000873e+04
3.545449999999999272e+04
3.355410000000000582e+04
4.281240000000000146e+04
4.879710000000000582e+04
5.710269999999999709e+04
4.931460000000001310e+04
3.967609999999999127e+04
4.386160000000002765e+04
5.163049999999998545e+04
3.692750000000000000e+04
3.249190000000000873e+04
3.679280000000000291e+04
3.946759999999999854e+04
4.850379999999998836e+04
4.528080000000000291e+04
4.557070000000000437e+04
5.596000000000000728e+04
6.587090000000000873e+04
5.068299999999998545e+04
3.154340000000001237e+04
3.197690000000000873e+04
3.126179999999999563e+04
3.932900000000001455e+04
4.197209999999999127e+04
4.260720000000000437e+04
5.486899999999999272e+04
5.742189999999997963e+04
4.339820000000001892e+04
2.718229999999999563e+04
2.112049999999998909e+04
1.903320000000000437e+04
1.863819999999999709e+04
2.004399999999999272e+04
2.423709999999999127e+04
3.176500000000000000e+04
3.382809999999999854e+04
2.860490000000000146e+04
3.116939999999999782e+04
3.190210000000000582e+04
2.639539999999999418e+04
2.922239999999999054e+04
3.399700000000000000e+04
3.520839999999999418e+04
3.478160000000000582e+04
3.066300000000000364e+04
2.936359999999999491e+04
3.308340000000001601e+04
3.148570000000000437e+04
2.485779999999999927e+04
3.122179999999999927e+04
3.631969999999999709e+04
4.163550000000001455e+04
4.942649999999998545e+04
4.671110000000000582e+04
4.109500000000000000e+04
3.845599999999998545e+04
3.619460000000000582e+04
2.845620000000001164e+04
2.362410000000000582e+04
2.624130000000000291e+04
2.860210000000000218e+04
3.527780000000001019e+04
3.911800000000000000e+04
3.729260000000000582e+04
3.560889999999998690e+04
3.218219999999999345e+04
2.668769999999998981e+04
2.238170000000000800e+04
2.308099999999999636e+04
2.532270000000000437e+04
2.938769999999999709e+04
3.342510000000001310e+04
3.671170000000000437e+04
4.233650000000000728e+04
4.460079999999999563e+04
3.548940000000001601e+04
2.424920000000000800e+04
2.451750000000000000e+04
2.506330000000000655e+04
2.597660000000000218e+04
3.379209999999999127e+04
3.776680000000001746e+04
4.387759999999999854e+04
5.347480000000001746e+04
5.084500000000000728e+04
3.457540000000000873e+04
2.390469999999999345e+04
2.377879999999999927e+04
2.402629999999999563e+04
2.919879999999998836e+04
3.891840000000000146e+04
4.511709999999999127e+04
5.221349999999998545e+04
5.045540000000000146e+04
3.748520000000001164e+04
2.517640000000000146e+04
2.193209999999999491e+04
2.329650000000001819e+04
2.384359999999999127e+04
3.039660000000000582e+04
4.010139999999998690e+04
4.383830000000001746e+04
4.401820000000001164e+04
3.829900000000000000e+04
2.673179999999999563e+04
2.055209999999999854e+04
2.053529999999999927e+04
2.094410000000000218e+04
2.219050000000000000e+04
2.794399999999999272e+04
3.332160000000000582e+04
3.390819999999999709e+04
3.428289999999999418e+04
2.972490000000000873e+04
2.292069999999999345e+04
1.980689999999999782e+04
2.055760000000000582e+04
2.077239999999999054e+04
2.266359999999999127e+04
2.752079999999999200e+04
2.764140000000000509e+04
2.775260000000000582e+04
2.932629999999999200e+04
2.739080000000001746e+04
2.377189999999999054e+04
2.170839999999999782e+04
1.990989999999999782e+04
2.055630000000000655e+04
2.175629999999998836e+04
2.433429999999999563e+04
3.076660000000000946e+04
3.465309999999999854e+04
3.399870000000001164e+04
2.986040000000000509e+04
2.386330000000000291e+04
2.019779999999999563e+04
2.213059999999999127e+04
2.790229999999999563e+04
3.391369999999998981e+04
4.062440000000000146e+04
4.899740000000001601e+04
4.816239999999998690e+04
3.467809999999999854e+04
2.458489999999999418e+04
2.204219999999999709e+04
2.170769999999999709e+04
2.203249999999999636e+04
2.817410000000000218e+04
3.607979999999998836e+04
4.445010000000001310e+04
5.029070000000001164e+04
4.272379999999999563e+04
2.864350000000000000e+04
2.383840000000000146e+04
2.266459999999999854e+04
2.001700000000000364e+04
2.150300000000000000e+04
2.745869999999998981e+04
3.424289999999997963e+04
4.005530000000001019e+04
4.010249999999999272e+04
2.981829999999999927e+04
2.223339999999998327e+04
2.255790000000000146e+04
2.198609999999999491e+04
2.049339999999999418e+04
2.147230000000000291e+04
2.437780000000001019e+04
2.552160000000000218e+04
2.815700000000001091e+04
3.306950000000000000e+04
3.323190000000000873e+04
2.541630000000001019e+04
2.312379999999998836e+04
2.476999999999998909e+04
2.342759999999999854e+04
2.688580000000000655e+04
3.111770000000001528e+04
2.973400000000000000e+04
3.149290000000000509e+04
3.672559999999999854e+04
2.988339999999999418e+04
2.264080000000001019e+04
2.594619999999998981e+04
2.508909999999999491e+04
2.567980000000001019e+04
3.226249999999999272e+04
2.992890000000000146e+04
2.584839999999999418e+04
2.994000000000000728e+04
3.113429999999999927e+04
2.417720000000000437e+04
2.183449999999999272e+04
2.427889999999999418e+04
2.418460000000001310e+04
2.822680000000000655e+04
3.320509999999999127e+04
3.348019999999999709e+04
3.293110000000000582e+04
3.040219999999999709e+04
2.386310000000000582e+04
2.050239999999999418e+04
2.224250000000000364e+04
2.152650000000000000e+04
2.179210000000001310e+04
2.665619999999999345e+04
3.005189999999999782e+04
2.927429999999999563e+04
2.805760000000000946e+04
2.454139999999999782e+04
2.035209999999999854e+04
1.967880000000000655e+04
2.130079999999999200e+04
2.075020000000000437e+04
2.316140000000001601e+04
2.853029999999999563e+04
2.783770000000000437e+04
2.742799999999998909e+04
2.665059999999999491e+04
2.241959999999999491e+04
2.279120000000000073e+04
2.201740000000000146e+04
2.094610000000000946e+04
2.581339999999998327e+04
2.927980000000000291e+04
2.868850000000000364e+04
2.724149999999999272e+04
2.280979999999998836e+04
1.962470000000000073e+04
2.013420000000000073e+04
2.142779999999999927e+04
2.091169999999999709e+04
1.965029999999999563e+04
2.332040000000000146e+04
2.365209999999999854e+04
2.153150000000000000e+04
2.770910000000000218e+04
3.435819999999999709e+04
3.191660000000000582e+04
2.462600000000000000e+04
2.087409999999999491e+04
2.009119999999999709e+04
1.890950000000000000e+04
2.034739999999999782e+04
2.091529999999999927e+04
2.308069999999998254e+04
3.290880000000000291e+04
3.691319999999999709e+04
2.985730000000000291e+04
2.348999999999998909e+04
2.085779999999999200e+04
1.876720000000000073e+04
1.831220000000000437e+04
1.900799999999999636e+04
2.096180000000001019e+04
2.806229999999999200e+04
3.703950000000000000e+04
3.754409999999999854e+04
2.892359999999999491e+04
2.215479999999999563e+04
2.262659999999999127e+04
2.270319999999999709e+04
2.248850000000000364e+04
2.729260000000000218e+04
3.023850000000000728e+04
2.826949999999999272e+04
2.584329999999998836e+04
2.257219999999999709e+04
1.987650000000000728e+04
2.089210000000000218e+04
2.153229999999999200e+04
2.122330000000001382e+04
2.426010000000000946e+04
2.997090000000000509e+04
3.210200000000000364e+04
3.034099999999998545e+04
2.455949999999999272e+04
2.021799999999998545e+04
1.974819999999998618e+04
2.131600000000000728e+04
2.116399999999999636e+04
2.177670000000000800e+04
2.420909999999999127e+04
2.566920000000000437e+04
2.624419999999999345e+04
2.557910000000000946e+04
2.290340000000000509e+04
1.953960000000000582e+04
1.925689999999999782e+04
1.969979999999999563e+04
1.889130000000000291e+04
1.964180000000000291e+04
2.252719999999999345e+04
2.333820000000000073e+04
2.304679999999999927e+04
2.243309999999999127e+04
1.986880000000000291e+04
1.830360000000000218e+04
1.919900000000000000e+04
1.921589999999999782e+04
1.845430000000001382e+04
1.927639999999999418e+04
2.023009999999999854e+04
2.016740000000000509e+04
2.148570000000000073e+04
2.175779999999999927e+04
1.975669999999999709e+04
1.846180000000000291e+04
1.992180000000000655e+04
2.014369999999999709e+04
1.899190000000001601e+04
2.068850000000000728e+04
2.203599999999999636e+04
2.200369999999999345e+04
2.108030000000001019e+04
2.015729999999999927e+04
2.122970000000000437e+04
2.176840000000000509e+04
2.011730000000000655e+04
2.385190000000000146e+04
2.869499999999999636e+04
2.548800000000000728e+04
2.105759999999999854e+04
1.962019999999999709e+04
2.026099999999999272e+04
2.126479999999999563e+04
2.011240000000000509e+04
1.978620000000001164e+04
2.399570000000000437e+04
2.747179999999999927e+04
2.914930000000000291e+04
3.362150000000000728e+04
3.513770000000001892e+04
2.944610000000000218e+04
2.181820000000000073e+04
1.899820000000000437e+04
2.047010000000000218e+04
2.253370000000000073e+04
2.471710000000000582e+04
2.847900000000000000e+04
3.567630000000000291e+04
4.198970000000000437e+04
3.916790000000000146e+04
2.792660000000000582e+04
2.056199999999999272e+04
2.114650000000000728e+04
2.365019999999999709e+04
2.434370000000000800e+04
2.590809999999999854e+04
3.167849999999999636e+04
4.003240000000000146e+04
4.396769999999998981e+04
3.748879999999999563e+04
2.557309999999999127e+04
2.023200000000000364e+04
2.234040000000000509e+04
2.392239999999999782e+04
2.368719999999998981e+04
2.566030000000000291e+04
3.057150000000000364e+04
3.497340000000000146e+04
3.438119999999999709e+04
2.860990000000000146e+04
2.144579999999998836e+04
1.929550000000000000e+04
2.172119999999999345e+04
2.298829999999999927e+04
2.304099999999999272e+04
2.681050000000000364e+04
3.373089999999999418e+04
3.672270000000000437e+04
3.282810000000000582e+04
2.491879999999999200e+04
1.987330000000000291e+04
1.965409999999999491e+04
2.144400000000000000e+04
2.227850000000000364e+04
2.358300000000000364e+04
2.739649999999999636e+04
3.282499999999999272e+04
3.317229999999999563e+04
2.767350000000000364e+04
2.100539999999999782e+04
1.909429999999999927e+04
2.113979999999999200e+04
2.354090000000000509e+04
2.406959999999999127e+04
2.800839999999999782e+04
3.705899999999999272e+04
4.443730000000000291e+04
4.025089999999999418e+04
2.872290000000000146e+04
2.198799999999998909e+04
2.335670000000000437e+04
2.414080000000000291e+04
2.297370000000000437e+04
2.555539999999998690e+04
3.518469999999999709e+04
4.423950000000000000e+04
4.270950000000000000e+04
3.287359999999999854e+04
2.243139999999999782e+04
2.000559999999999854e+04
2.268150000000000000e+04
2.312520000000000073e+04
2.277820000000000437e+04
2.557170000000000073e+04
