1.631478309631347656e+00 9.759397438731884904e+02
7.780327081680297852e+00 9.759566963774050237e+02
1.330546426773071289e+01 9.758432512159208727e+02
1.884600806236267090e+01 9.760585573399691839e+02
2.436433124542236328e+01 9.762145536864325095e+02
2.988596558570861816e+01 9.760200456799241238e+02
3.531880807876586914e+01 9.766654600789734104e+02
4.096011972427368164e+01 9.767759515357809050e+02
4.644758033752441406e+01 9.765141470400324124e+02
5.195869851112365723e+01 9.765281883396455669e+02
5.752911210060119629e+01 9.764301174829852243e+02
6.395944690704345703e+01 9.762267540332393310e+02
6.953430509567260742e+01 9.766760017522656199e+02
7.492984771728515625e+01 9.766142231079479643e+02
8.056529617309570312e+01 9.766569373305644604e+02
8.607915663719177246e+01 9.769922020613812492e+02
9.150464701652526855e+01 9.769578238006938591e+02
9.709675669670104980e+01 9.767307556301361728e+02
1.026669373512268066e+02 9.766388920517122187e+02
1.081560363769531250e+02 9.767040552475414188e+02
1.136844463348388672e+02 9.767071987127364991e+02
1.203355042934417725e+02 9.764547308113731106e+02
1.258914895057678223e+02 9.770960859078375051e+02
1.313759210109710693e+02 9.768474704852524155e+02
1.368077483177185059e+02 9.767911217357950591e+02
1.424811244010925293e+02 9.769789417930412583e+02
1.480224881172180176e+02 9.767151965769328399e+02
1.534588439464569092e+02 9.768759362149264689e+02
1.590349345207214355e+02 9.768344859282371999e+02
1.644705920219421387e+02 9.768976305630471870e+02
1.700800709724426270e+02 9.771131824777901329e+02
1.768113815784454346e+02 9.772724585877742811e+02
1.822378687858581543e+02 9.770741578841591490e+02
1.878451657295227051e+02 9.772333242165432239e+02
1.932959866523742676e+02 9.766577737870893543e+02
1.988434853553771973e+02 9.774900112563245784e+02
2.044224793910980225e+02 9.770826542543286450e+02
2.099745335578918457e+02 9.771920875619321123e+02
2.154991159439086914e+02 9.769484809000337009e+02
2.210214736461639404e+02 9.773069806087485176e+02
2.265032598972320557e+02 9.773568227587709316e+02
2.333479819297790527e+02 9.775259145812322004e+02
2.389853830337524414e+02 9.772856227588395086e+02
2.444285082817077637e+02 9.773418865138039564e+02
2.499655535221099854e+02 9.775051653508958225e+02
2.555306489467620850e+02 9.776058536746361369e+02
2.610969948768615723e+02 9.774741589752411528e+02
2.666214921474456787e+02 9.778413854654154420e+02
2.720426352024078369e+02 9.775925627027440896e+02
2.775927844047546387e+02 9.776634855725890247e+02
2.830849637985229492e+02 9.777324861764893740e+02
2.901059865951538086e+02 9.777578968348777835e+02
2.956229181289672852e+02 9.781075809303463302e+02
3.010873844623565674e+02 9.777388169820926578e+02
3.072657530307769775e+02 9.780019445282687229e+02
3.128457930088043213e+02 9.777292566989440274e+02
3.182725231647491455e+02 9.778744359297324991e+02
3.239208681583404541e+02 9.779491736661436789e+02
3.294034693241119385e+02 9.780383214315399982e+02
3.348785414695739746e+02 9.781797362594143124e+02
3.404445023536682129e+02 9.782445947444828107e+02
3.476707623004913330e+02 9.779258969929492196e+02
3.532824914455413818e+02 9.780383609593066012e+02
3.587722811698913574e+02 9.783021781391228160e+02
3.642801568508148193e+02 9.783814302155267342e+02
3.697699873447418213e+02 9.784256397311607998e+02
3.753278903961181641e+02 9.784087225689190745e+02
3.809179790019989014e+02 9.785018191341018792e+02
3.863445932865142822e+02 9.778603290418323013e+02
3.918354458808898926e+02 9.784653600996807654e+02
3.974453442096710205e+02 9.781708582028193177e+02
4.049604272842407227e+02 9.785400428540722260e+02
4.104399056434631348e+02 9.788676443441268020e+02
4.160340285301208496e+02 9.786689301238288863e+02
4.215676424503326416e+02 9.785178401441460210e+02
