1.859817000000000990e+05
1.532006999999999825e+05
1.079460999999999622e+05
9.672139999999997963e+04
1.070621999999999971e+05
1.178787999999999884e+05
1.484377999999999884e+05
2.019236000000000931e+05
2.288735999999998894e+05
2.012330999999998894e+05
1.514806000000000349e+05
1.136905999999999913e+05
9.029900000000002910e+04
8.108420000000002619e+04
8.842090000000002328e+04
1.142804000000000233e+05
1.531719000000000233e+05
1.818852999999999884e+05
1.811297000000000407e+05
1.521369999999999127e+05
1.228570000000000146e+05
1.097904999999999854e+05
1.021483000000000029e+05
8.933540000000002328e+04
9.181380000000001746e+04
1.159589000000000378e+05
1.293023000000000175e+05
1.211250000000000000e+05
1.179678999999999796e+05
1.204493000000000320e+05
1.114446000000000204e+05
1.003834999999999709e+05
9.585550000000004366e+04
9.348080000000000291e+04
1.085910000000000000e+05
1.399912000000000407e+05
1.507663999999999651e+05
1.363903000000000175e+05
1.378255999999999476e+05
1.427874000000000233e+05
1.157420000000000146e+05
8.814200000000002910e+04
8.799089999999996508e+04
9.527990000000000873e+04
1.424448999999999942e+05
2.849787000000000698e+05
4.379867999999999302e+05
4.489751999999998370e+05
3.102879000000000233e+05
1.738469000000000524e+05
1.254620000000000000e+05
1.223812000000000553e+05
1.146545000000000146e+05
1.401615000000000000e+05
2.216620000000000873e+05
3.035836999999999534e+05
3.288753000000001048e+05
2.712907000000000116e+05
1.669137999999999884e+05
1.049022999999999884e+05
9.009509999999999127e+04
8.736700000000000000e+04
1.007891000000000495e+05
1.407988000000000757e+05
2.526927999999999593e+05
3.819098999999999651e+05
3.609087000000001281e+05
2.152767999999999010e+05
1.130054000000000087e+05
8.648719999999998254e+04
8.323490000000005239e+04
8.943649999999997090e+04
1.106350000000000582e+05
1.695392999999999884e+05
2.594376000000000640e+05
2.850656000000000349e+05
2.095244000000001397e+05
1.306789999999999709e+05
9.160140000000000873e+04
8.380630000000003201e+04
9.096239999999996508e+04
1.017201000000000349e+05
1.514621000000000349e+05
2.371590000000000291e+05
2.897463000000001048e+05
2.663647000000000116e+05
2.111477999999999302e+05
1.593881000000000349e+05
1.125105000000000146e+05
1.047582999999999884e+05
1.153801000000000349e+05
1.175153999999999651e+05
2.000125000000000291e+05
2.713991000000000349e+05
2.313234000000000524e+05
2.219381000000000058e+05
2.113830000000000582e+05
1.450225000000000582e+05
1.126964000000000233e+05
1.223549000000000087e+05
1.313700999999999476e+05
1.626071999999999243e+05
2.601504000000000524e+05
2.883120000000000582e+05
2.123308000000000175e+05
2.030739999999998836e+05
1.823727000000000698e+05
1.210069000000000233e+05
1.269215000000000000e+05
1.208950999999999767e+05
1.403124000000000233e+05
2.313793000000000175e+05
3.993204000000001397e+05
5.846547000000001863e+05
5.176200000000000000e+05
2.473711999999999825e+05
1.335971000000000349e+05
1.320907999999999884e+05
1.154910999999999767e+05
1.303445000000000000e+05
1.883387999999999302e+05
3.186629000000000815e+05
5.660346000000000931e+05
6.679522000000001863e+05
4.387297000000000116e+05
1.934710000000000000e+05
1.343382999999999884e+05
1.287936999999999389e+05
1.188167000000000116e+05
1.396299999999999709e+05
2.094166999999999825e+05
3.543674000000000233e+05
5.130301999999999534e+05
4.529525999999998603e+05
2.370296999999998370e+05
1.180375000000000291e+05
1.054269000000000378e+05
1.125050999999999767e+05
1.097625000000000000e+05
1.147049000000000378e+05
1.383884999999999418e+05
1.760028000000000175e+05
3.096761999999998952e+05
4.883097000000000698e+05
4.424612999999999884e+05
2.293533999999999651e+05
1.387635000000000000e+05
1.366894999999999709e+05
1.263459000000000378e+05
2.088347000000000698e+05
3.033059000000000815e+05
3.257745999999999185e+05
3.279125000000000582e+05
2.398127999999999884e+05
1.322618999999999942e+05
1.087849000000000233e+05
1.072212000000000262e+05
1.148375999999999913e+05
1.275300999999999476e+05
2.026175999999999767e+05
2.700310000000001164e+05
2.849343000000000466e+05
2.768470999999999767e+05
1.825142000000000698e+05
1.201868000000000175e+05
1.258621000000000349e+05
1.238905000000000437e+05
1.356684000000000233e+05
1.660523999999999360e+05
2.737635999999999185e+05
3.366994000000000815e+05
2.731519999999999418e+05
2.166204000000000524e+05
1.509511000000000349e+05
1.054242000000000262e+05
1.108211999999999680e+05
1.112846999999999534e+05
1.254323000000000175e+05
1.847020000000000291e+05
2.945025000000001746e+05
3.104721000000000349e+05
2.539173000000000466e+05
1.921868000000000757e+05
1.243252999999999884e+05
1.272981000000000058e+05
1.354332000000000407e+05
1.515806000000000349e+05
1.835941999999999243e+05
2.806374000000000233e+05
3.524345999999998603e+05
2.654477999999999884e+05
1.978235000000000000e+05
1.483816999999999534e+05
1.044197999999999884e+05
1.126267999999999884e+05
1.183217000000000116e+05
1.276443999999999796e+05
1.522611000000000058e+05
2.159351999999999825e+05
2.150223999999999942e+05
1.634495000000000000e+05
1.924710999999999476e+05
1.585752000000000698e+05
1.085606999999999825e+05
1.222125999999999622e+05
1.091143000000000029e+05
1.199962999999999884e+05
1.530435000000000582e+05
2.001845999999999185e+05
1.703806999999999825e+05
1.716579999999999709e+05
2.181826999999999825e+05
1.476088999999999360e+05
1.396027999999999593e+05
1.337324000000000233e+05
1.139593999999999796e+05
1.431269000000000233e+05
1.718532999999999010e+05
1.741000000000000000e+05
1.457817999999999593e+05
1.971429000000000815e+05
1.816878000000000175e+05
1.284652999999999884e+05
1.378527000000000407e+05
1.102100999999999331e+05
1.221178999999999651e+05
1.444761000000000058e+05
1.380471999999999534e+05
1.274678000000000466e+05
1.536929999999999709e+05
2.220536999999999534e+05
2.006090000000000000e+05
1.559616000000000058e+05
1.560565999999999185e+05
1.233475000000000437e+05
1.360909999999999709e+05
2.548905000000001455e+05
3.612615000000000000e+05
3.621816000000000931e+05
2.996603000000001048e+05
2.172687000000000698e+05
1.256831000000000058e+05
1.044631000000000058e+05
1.082297000000000407e+05
1.177946999999999680e+05
1.713315999999999767e+05
2.807028000000000466e+05
3.692284999999998254e+05
3.068396000000002095e+05
2.377917999999999884e+05
1.545435000000000000e+05
1.239151999999999971e+05
1.427283000000000757e+05
1.308641999999999825e+05
1.868030999999999767e+05
2.504373000000001339e+05
3.937896999999998952e+05
3.748263000000000466e+05
2.422871999999999825e+05
2.121838000000000466e+05
1.347171000000000640e+05
1.457487999999999593e+05
1.324105000000000000e+05
1.465425000000000582e+05
1.844153000000001048e+05
2.397442000000000990e+05
3.369735000000000582e+05
2.479766999999999534e+05
2.311265000000001455e+05
2.126844999999999709e+05
1.492244999999999709e+05
1.642409000000000233e+05
1.273102999999999884e+05
1.627680999999999476e+05
1.869098999999999651e+05
2.717916000000000931e+05
2.766576000000000349e+05
1.972058999999999942e+05
2.703271999999998952e+05
2.159282999999999593e+05
1.858259999999999709e+05
1.663651000000000349e+05
1.351015000000000000e+05
1.726934999999999709e+05
1.724370000000000000e+05
2.225851999999999825e+05
1.739286999999999825e+05
2.339513999999998778e+05
2.840386000000000349e+05
1.945980000000000291e+05
1.821806999999998952e+05
1.443083999999999942e+05
1.651131999999999825e+05
1.682543999999998778e+05
2.028461999999999825e+05
2.107619999999999709e+05
2.099238999999999360e+05
3.223407999999999302e+05
2.482694999999999418e+05
1.982595999999999476e+05
1.856029000000000524e+05
1.531706000000000349e+05
2.033263999999999651e+05
2.321802999999999302e+05
3.570535000000001746e+05
3.215313000000001048e+05
2.097440999999999767e+05
2.006442999999998719e+05
1.445244999999999418e+05
1.615096999999999243e+05
1.404676999999999243e+05
1.570018999999999651e+05
1.979106999999999534e+05
3.160940000000000000e+05
4.635171000000001513e+05
3.400279999999999418e+05
2.273011000000000349e+05
1.651268000000000466e+05
1.316501999999999825e+05
1.376176000000000058e+05
1.282349000000000087e+05
1.608270000000000291e+05
2.186034000000000233e+05
3.301618000000001048e+05
2.928743999999999651e+05
1.924763999999999942e+05
1.766918000000000757e+05
1.378560000000000000e+05
1.274110000000000437e+05
1.184916000000000495e+05
1.101806000000000349e+05
1.456953999999999942e+05
1.731069000000000524e+05
2.063175999999998894e+05
3.006299000000000233e+05
3.622663000000001630e+05
2.437009000000000524e+05
1.262713999999999942e+05
1.120605999999999767e+05
1.109788000000000320e+05
1.461772999999999884e+05
1.888828000000000175e+05
2.621352999999999302e+05
2.330349999999998836e+05
2.040160000000000291e+05
2.744413999999999651e+05
1.940653999999999651e+05
1.676950000000000291e+05
1.562826000000000349e+05
1.234375999999999767e+05
1.505158000000000175e+05
1.814321000000000058e+05
2.493490000000000873e+05
1.878293000000000466e+05
2.363909999999999127e+05
2.698992000000000116e+05
1.796706000000000640e+05
1.845617999999999593e+05
1.311983999999999942e+05
1.462373000000000466e+05
1.658257999999999884e+05
2.182824999999999709e+05
2.234823000000000175e+05
1.976283999999999942e+05
3.022593999999999069e+05
2.296203999999999942e+05
1.775661999999999534e+05
1.667349999999999709e+05
1.341795000000000000e+05
1.753351000000000058e+05
2.583313000000001339e+05
5.076213999999997322e+05
6.321397000000001863e+05
4.262826000000003260e+05
1.935173999999999942e+05
1.462505000000000000e+05
1.347895000000000582e+05
1.126378999999999796e+05
1.225253999999999942e+05
1.715619999999999709e+05
3.586251999999999534e+05
6.082451000000004424e+05
6.836907999999999302e+05
4.290013000000000466e+05
1.932606000000000349e+05
1.531706000000000349e+05
1.217214999999999563e+05
1.333110000000000291e+05
1.621248000000000757e+05
2.783863000000001048e+05
5.633065000000000000e+05
7.922650000000002328e+05
6.273538000000002794e+05
2.704836999999999534e+05
1.491131999999999825e+05
1.257223000000000029e+05
1.061962999999999738e+05
1.208354999999999854e+05
1.526786999999999534e+05
2.736390000000000000e+05
4.434124000000000233e+05
4.342288000000000466e+05
2.628382000000000116e+05
1.385929999999999709e+05
1.150683000000000029e+05
1.184302000000000116e+05
1.096366999999999971e+05
1.393055999999999767e+05
2.181223999999999651e+05
3.982375999999999185e+05
5.231409999999998254e+05
3.893012000000001863e+05
2.189552999999999593e+05
1.375471999999999825e+05
1.354345000000000000e+05
1.248890000000000146e+05
1.270223000000000175e+05
1.669042000000000698e+05
2.555515000000000291e+05
4.130043000000002794e+05
3.852243000000000466e+05
2.637348000000000466e+05
1.787809999999999418e+05
1.306646999999999825e+05
1.314326999999999825e+05
1.145803999999999942e+05
1.402780000000000873e+05
1.540376999999999825e+05
1.467681000000000349e+05
1.569200999999999767e+05
2.890823999999999651e+05
3.914256999999999534e+05
2.432201999999999534e+05
1.408422999999999884e+05
1.152362999999999738e+05
1.010458000000000320e+05
1.303573000000000029e+05
2.344137000000000407e+05
4.954991999999998952e+05
7.134508999999996740e+05
6.039129000000002561e+05
2.877882999999999302e+05
1.767965000000000291e+05
1.439023000000001048e+05
1.069488999999999942e+05
1.135627000000000407e+05
1.631792000000000116e+05
3.297995999999999185e+05
5.334645000000000000e+05
6.426547999999998137e+05
4.222239000000001397e+05
2.013146000000000349e+05
1.616152999999999302e+05
1.199203999999999942e+05
1.168063000000000320e+05
1.441616999999999825e+05
2.516838000000001048e+05
4.710085999999999185e+05
6.681095999999998603e+05
5.490366000000000931e+05
2.519430000000000000e+05
1.519453000000000175e+05
1.398711000000000349e+05
1.128518000000000175e+05
1.297382000000000262e+05
1.704184000000000233e+05
2.973914000000000233e+05
4.708205999999999767e+05
4.712679000000000233e+05
2.927145999999999185e+05
1.471753999999999651e+05
1.229301000000000349e+05
1.197536999999999825e+05
1.124359000000000524e+05
1.406175000000000291e+05
2.207843999999999942e+05
4.081911000000000349e+05
5.477038000000001630e+05
4.335193999999999651e+05
2.518027000000000407e+05
1.384724000000000524e+05
1.201745000000000437e+05
1.137180999999999622e+05
1.143096999999999534e+05
1.581178999999999942e+05
2.455827000000000116e+05
4.053465999999999767e+05
4.106175000000001164e+05
2.814632999999998719e+05
1.770423999999999360e+05
1.171601999999999680e+05
1.256851000000000058e+05
1.106958000000000320e+05
1.217831000000000349e+05
1.646498000000000757e+05
3.096427999999999302e+05
5.488455000000002328e+05
5.982462000000003027e+05
3.834131999999998952e+05
2.012373999999999942e+05
1.693335000000000291e+05
1.218930000000000291e+05
1.141410999999999913e+05
1.290530000000000291e+05
2.338930999999999476e+05
4.526345999999999767e+05
7.049631000000000931e+05
6.595541999999999534e+05
3.324694000000001979e+05
2.123360000000000000e+05
1.555962999999999010e+05
1.142174000000000087e+05
1.178805999999999913e+05
1.645593999999999942e+05
3.146849999999998836e+05
5.349425000000000000e+05
6.327605000000002328e+05
3.855576999999998952e+05
1.834766999999999534e+05
1.539594000000000815e+05
1.181642999999999738e+05
1.142651999999999534e+05
1.328526999999999534e+05
1.477683999999999942e+05
1.494397999999999302e+05
1.506387000000000990e+05
2.925707000000000698e+05
3.485650999999999767e+05
1.995768000000000175e+05
1.530475999999999476e+05
1.330718000000000466e+05
1.303396000000000204e+05
1.814955999999999767e+05
3.220062000000000698e+05
5.343839000000000233e+05
4.796474000000001397e+05
2.887270000000001746e+05
1.591496000000000058e+05
1.192941999999999389e+05
1.224790000000000291e+05
1.106553999999999796e+05
1.339117999999999884e+05
1.982203999999999360e+05
3.842080999999999767e+05
5.101626000000000931e+05
4.093668999999999069e+05
2.397886000000000349e+05
1.356749999999999709e+05
1.258915000000000000e+05
1.175508999999999505e+05
1.212177000000000116e+05
1.637023000000000175e+05
2.667863000000000466e+05
4.682882999999999884e+05
4.562055000000000582e+05
2.947525999999999767e+05
1.711184999999999709e+05
1.225851999999999680e+05
1.307520999999999913e+05
1.098560999999999767e+05
1.444799999999999709e+05
1.986762999999999302e+05
3.905815999999997439e+05
5.675694999999997672e+05
5.121838999999999069e+05
2.919790999999999767e+05
1.547466999999999534e+05
1.331409000000000233e+05
1.035996999999999680e+05
1.099486999999999680e+05
1.411725000000000000e+05
2.511074999999999127e+05
4.333005999999998603e+05
5.763184000000001397e+05
4.642500000000001164e+05
2.252292999999998719e+05
1.351743999999999651e+05
1.230952999999999738e+05
1.083075999999999913e+05
1.305692999999999593e+05
1.950563999999999942e+05
3.476076999999999534e+05
5.302450000000001164e+05
5.384167999999999302e+05
3.240437000000000698e+05
1.565524000000000524e+05
1.335605000000000291e+05
1.265535999999999767e+05
1.267200000000000146e+05
1.660671999999999534e+05
2.469160000000000000e+05
4.251403000000001630e+05
4.946524999999999418e+05
3.578091999999999534e+05
2.009716999999999534e+05
1.234573999999999942e+05
1.244179999999999418e+05
1.151403000000000175e+05
1.362040000000000291e+05
1.775492000000000116e+05
2.962249000000001397e+05
4.112649999999999418e+05
3.397302000000000698e+05
2.351821999999999534e+05
1.643498999999999942e+05
1.274176999999999971e+05
1.321757000000000116e+05
1.096742999999999738e+05
1.269631999999999971e+05
1.430932999999999884e+05
2.183694999999998254e+05
2.413081999999999825e+05
2.162053000000000466e+05
2.499671000000000058e+05
1.894946999999999243e+05
1.506767999999999593e+05
1.312726999999999825e+05
1.078369000000000233e+05
1.166634999999999709e+05
1.112627999999999738e+05
1.290517000000000116e+05
2.021923000000000175e+05
2.751093999999999069e+05
2.158142000000000407e+05
1.204529000000000087e+05
9.639760000000000582e+04
9.305959999999996217e+04
1.091661999999999971e+05
1.651597000000000116e+05
3.011736999999998952e+05
4.819344000000000815e+05
5.232137999999999884e+05
3.139877000000000116e+05
1.482715000000000582e+05
1.233855999999999913e+05
1.040601999999999680e+05
1.133363000000000175e+05
1.430994999999999709e+05
2.372686999999999534e+05
4.132866000000000931e+05
5.204392000000000698e+05
4.324731000000000349e+05
2.226883000000000175e+05
1.427547000000000116e+05
1.231842999999999884e+05
1.132695000000000000e+05
1.395582999999999884e+05
1.873434000000000233e+05
3.223578000000001630e+05
5.048411999999997788e+05
5.261016999999999534e+05
3.223377999999999302e+05
1.616195999999999767e+05
1.304163000000000029e+05
1.245897000000000116e+05
1.300812999999999884e+05
1.686929999999998836e+05
2.515591999999999825e+05
4.298012000000001863e+05
4.860138000000001048e+05
3.543482999999999884e+05
1.924284999999999418e+05
1.190981999999999971e+05
1.147686999999999971e+05
1.086167999999999447e+05
1.267218000000000029e+05
1.702411999999999534e+05
2.430938999999999360e+05
3.370560000000000000e+05
2.763842999999999884e+05
2.213768000000000466e+05
1.744235000000000291e+05
1.336123000000000175e+05
1.258771999999999825e+05
1.111652999999999738e+05
1.500069999999999418e+05
1.821302999999999302e+05
2.954154999999998836e+05
3.572736000000001513e+05
2.714946000000000349e+05
2.032956000000000349e+05
1.411616000000000058e+05
1.316963999999999942e+05
1.231008999999999651e+05
1.453848999999999942e+05
2.047467000000000116e+05
3.281187999999999884e+05
5.277036999999999534e+05
5.407496999999998370e+05
3.668005000000001746e+05
1.803994999999999709e+05
1.259894999999999709e+05
1.116025000000000146e+05
1.100262000000000262e+05
1.507221000000000931e+05
2.066179000000000815e+05
3.418792999999999302e+05
4.629569000000000233e+05
4.131353999999998487e+05
2.518983999999998778e+05
1.346202999999999302e+05
1.068745000000000291e+05
9.603699999999998545e+04
1.184845000000000000e+05
1.528345000000000000e+05
2.232000999999999767e+05
3.564340000000000582e+05
4.323394999999999418e+05
3.296313000000000466e+05
1.833241000000000640e+05
1.184018999999999505e+05
1.162332999999999738e+05
1.017445000000000582e+05
1.152505000000000437e+05
1.179506999999999971e+05
1.262958000000000029e+05
1.846650000000000873e+05
2.384867999999999010e+05
2.041288999999999651e+05
1.280561000000000058e+05
9.461430000000000291e+04
1.066421000000000058e+05
1.072173000000000611e+05
1.221043999999999796e+05
1.556937000000000116e+05
2.164170999999999767e+05
2.903412000000000116e+05
2.645136999999999534e+05
2.415829000000000815e+05
1.833098999999999942e+05
1.614019000000000233e+05
1.405640000000000000e+05
1.396054999999999418e+05
1.666240000000001455e+05
2.438281000000000058e+05
3.574156000000000349e+05
3.244557000000000698e+05
2.631727000000000116e+05
1.914187000000000116e+05
1.475873000000000175e+05
1.519688000000000466e+05
1.319723999999999942e+05
1.737769999999999127e+05
1.794603000000000466e+05
2.531867000000000990e+05
2.699600000000000582e+05
2.354706000000000640e+05
2.222200000000000291e+05
1.584982999999999884e+05
1.473564999999999418e+05
1.212188999999999942e+05
1.396530000000000582e+05
1.610192999999999884e+05
2.435338000000000757e+05
3.944804000000001397e+05
4.668541999999999534e+05
4.117793000000000466e+05
2.408984000000000233e+05
1.479586000000000349e+05
1.113889000000000233e+05
1.008411999999999825e+05
1.152043000000000029e+05
1.503666000000000058e+05
2.573012999999999593e+05
3.849826000000000349e+05
4.822981999999998952e+05
3.832712000000000698e+05
2.081847000000000116e+05
1.502225999999999476e+05
1.126514999999999854e+05
1.320604999999999709e+05
1.535644999999999418e+05
2.378083000000000757e+05
3.849200000000001164e+05
5.224207999999998719e+05
4.694311000000000349e+05
2.520800000000000582e+05
1.524042000000000116e+05
1.243287000000000262e+05
1.146851999999999389e+05
1.513686000000000058e+05
1.786311000000000640e+05
2.849316000000000931e+05
4.014732999999999302e+05
4.172911999999998952e+05
2.787247000000000698e+05
1.459793999999999942e+05
1.176357999999999884e+05
1.094829999999999709e+05
1.238477000000000116e+05
1.645807000000000116e+05
2.226670999999999476e+05
3.594344000000000815e+05
4.382285999999999185e+05
3.681047999999999302e+05
2.171133000000000175e+05
1.214750000000000000e+05
1.082839999999999709e+05
1.003583999999999796e+05
1.109565000000000582e+05
1.212336000000000058e+05
1.394828999999999942e+05
1.905177999999999884e+05
2.166997999999999884e+05
2.595340000000000291e+05
2.199696000000000058e+05
1.605360999999999767e+05
1.424219999999999418e+05
1.162388000000000175e+05
1.379524000000000524e+05
1.353870000000000291e+05
1.645113000000000466e+05
2.107183000000000175e+05
2.250561000000000640e+05
1.846424000000000233e+05
1.137168000000000466e+05
9.303889999999996508e+04
1.021941999999999825e+05
1.174580999999999767e+05
1.631832999999999884e+05
2.526250000000000000e+05
4.064005999999999767e+05
4.889451000000000931e+05
3.578095999999999767e+05
1.924648999999999942e+05
1.230293999999999942e+05
1.240284000000000087e+05
1.148025000000000000e+05
1.448395999999999185e+05
1.782769999999998545e+05
2.698113000000000466e+05
3.597281999999998952e+05
3.291895999999999185e+05
2.341952999999999302e+05
1.333687999999999884e+05
1.221552999999999593e+05
1.138691999999999389e+05
1.297999999999999854e+05
1.637901000000000349e+05
2.050184000000000524e+05
3.067394000000001397e+05
3.552637000000000116e+05
2.914356999999998952e+05
2.050460000000000000e+05
1.388182000000000407e+05
1.390211000000000349e+05
1.127057999999999738e+05
1.329196999999999534e+05
1.472356000000000058e+05
1.934625999999999476e+05
2.366734999999998836e+05
2.234927000000000116e+05
2.090974000000000815e+05
1.548987000000000116e+05
1.368168000000000466e+05
1.333718000000000175e+05
1.201495000000000291e+05
1.569669000000000233e+05
1.839794999999999709e+05
2.841603000000000466e+05
3.069115999999998021e+05
3.040606999999999534e+05
2.996200000000000000e+05
1.947301999999999243e+05
1.659993000000000175e+05
1.301114999999999854e+05
1.196926000000000204e+05
1.335687999999999593e+05
1.258571999999999971e+05
1.649401000000000640e+05
1.832084999999999127e+05
2.381262999999998719e+05
2.232645000000000291e+05
1.586638999999999942e+05
1.414834000000000233e+05
1.221307999999999593e+05
1.508590999999999767e+05
1.772408999999999360e+05
2.723180999999999185e+05
3.666582999999999302e+05
3.443926999999998952e+05
2.152370000000000000e+05
1.274270000000000291e+05
1.143022999999999738e+05
1.104561000000000349e+05
1.285825000000000000e+05
1.551754999999999709e+05
2.163853999999999360e+05
3.548939999999998836e+05
4.187793999999998487e+05
3.550437000000001281e+05
2.104817000000000407e+05
1.406485000000000000e+05
1.149158999999999942e+05
1.090499999999999854e+05
1.304619000000000524e+05
1.689646999999999825e+05
2.645828000000001630e+05
3.504680999999998603e+05
3.398067999999999302e+05
2.530563999999999360e+05
1.530242999999999302e+05
1.310154000000000087e+05
1.251557000000000262e+05
1.076046999999999680e+05
1.202753000000000466e+05
1.154866999999999971e+05
1.406465000000000000e+05
1.925906999999999534e+05
2.303818000000000466e+05
1.822041000000000058e+05
1.078314999999999854e+05
9.970689999999996508e+04
1.024510999999999767e+05
1.164056000000000349e+05
1.441698999999999651e+05
1.816047999999999010e+05
2.121386999999999825e+05
1.970453000000000175e+05
1.993568999999999651e+05
1.685112000000000116e+05
1.492717000000000990e+05
1.280815999999999913e+05
1.203603999999999651e+05
1.405170000000000000e+05
1.585643999999999360e+05
2.204270000000000000e+05
2.167364000000000524e+05
1.912581000000000349e+05
1.574738999999999942e+05
1.193214000000000378e+05
1.239324000000000815e+05
1.157885999999999913e+05
1.295410999999999622e+05
1.634392000000000698e+05
1.795532000000000407e+05
2.276875000000000291e+05
2.006229000000000524e+05
1.926871999999999534e+05
1.749070999999999767e+05
1.431846000000000640e+05
1.429227999999999302e+05
1.213598999999999796e+05
1.550450999999999767e+05
1.731673000000000175e+05
2.325723000000000757e+05
2.851983000000000466e+05
2.717392000000000116e+05
1.925715000000000582e+05
1.296348999999999796e+05
1.187403999999999942e+05
1.069764000000000524e+05
1.276599000000000233e+05
1.567300999999999767e+05
2.016730000000000000e+05
2.997637999999999884e+05
3.198773999999999069e+05
2.347940999999999767e+05
1.374347000000000116e+05
1.095556999999999971e+05
1.181169999999999563e+05
1.235417999999999884e+05
1.603143000000000757e+05
1.906912000000000407e+05
2.530097000000000698e+05
3.446330000000001164e+05
2.823005999999999767e+05
2.194559000000000233e+05
1.584641999999999825e+05
1.405884000000000233e+05
1.349084999999999709e+05
1.257990000000000582e+05
1.519779999999999418e+05
1.770096999999999825e+05
2.432827000000001281e+05
2.412624000000000233e+05
1.998115000000000291e+05
1.619125999999999476e+05
1.373571999999999825e+05
1.358298000000000175e+05
1.218094000000000233e+05
1.198124999999999709e+05
1.261570000000000291e+05
1.470163999999999360e+05
1.569724999999999709e+05
1.504534000000000233e+05
1.990644000000000524e+05
1.938773999999999651e+05
1.445137999999999593e+05
1.208321000000000349e+05
1.042603000000000029e+05
1.084026999999999971e+05
1.055896999999999825e+05
1.137039000000000378e+05
1.238644999999999854e+05
1.882855000000000291e+05
3.070752999999999884e+05
2.576727000000000116e+05
1.579529999999999418e+05
1.304860999999999913e+05
9.730160000000000582e+04
1.000428000000000029e+05
1.080807000000000116e+05
1.548836000000000349e+05
2.253063999999998778e+05
2.003858000000000175e+05
1.327962999999999593e+05
1.077629999999999709e+05
1.108716000000000495e+05
1.382461000000000640e+05
1.422167999999999884e+05
2.183528000000000757e+05
3.090535999999999767e+05
4.238942000000001281e+05
3.824872000000000116e+05
2.341503000000000466e+05
1.463235000000000000e+05
1.448197999999999884e+05
1.329518999999999651e+05
1.278339999999999272e+05
1.637399000000000233e+05
2.277557000000000698e+05
3.322740999999999185e+05
3.568513999999999651e+05
2.715315000000000000e+05
1.540907000000000116e+05
1.092545000000000000e+05
1.106565000000000146e+05
1.056462999999999884e+05
1.286899000000000378e+05
1.487302000000000407e+05
1.878028999999999651e+05
2.380187999999999884e+05
2.372530999999998894e+05
2.158637000000000407e+05
1.495232000000000116e+05
1.358697000000000116e+05
1.157693999999999796e+05
1.152776999999999534e+05
1.432765000000000291e+05
1.639778999999999942e+05
2.181646000000000058e+05
2.052186000000000640e+05
1.775355999999999185e+05
1.740070999999999476e+05
1.430305999999999767e+05
1.484281000000000349e+05
1.237394999999999709e+05
1.318915999999999767e+05
1.471030000000000000e+05
1.752559000000000233e+05
2.212888999999999651e+05
1.897100000000000000e+05
1.666703999999999069e+05
1.523913000000000175e+05
1.270608000000000175e+05
1.283961999999999971e+05
1.127711000000000349e+05
1.232111999999999971e+05
1.212451000000000495e+05
1.330921999999999534e+05
1.547488999999999942e+05
1.882362999999999884e+05
2.167865000000000000e+05
1.556473000000000466e+05
1.444744000000000233e+05
1.218945000000000291e+05
1.350898999999999651e+05
1.647268999999999942e+05
1.977098999999999069e+05
2.782380999999999185e+05
2.865550999999999767e+05
2.494890000000000873e+05
1.866473999999999942e+05
1.444430999999999476e+05
1.440763000000000175e+05
1.255117000000000116e+05
1.569181000000000640e+05
1.790758000000000757e+05
2.567758000000000175e+05
3.190415000000000582e+05
3.098318999999998487e+05
2.142357999999999593e+05
1.344704999999999709e+05
1.172648000000000611e+05
1.139060000000000000e+05
1.301376000000000204e+05
1.523426999999999825e+05
1.954901000000000640e+05
2.541790999999999476e+05
2.757106999999999534e+05
2.094685999999999476e+05
1.566426000000000640e+05
1.227418999999999796e+05
1.175487000000000116e+05
9.903989999999996508e+04
9.236340000000003783e+04
9.401019999999998254e+04
1.058987999999999738e+05
1.492413000000000757e+05
1.827521000000000058e+05
1.744380000000001164e+05
1.495426000000000058e+05
1.102055000000000000e+05
1.112568000000000466e+05
1.088919000000000087e+05
1.193349999999999854e+05
1.427451000000000058e+05
1.701433999999999069e+05
1.922361000000000640e+05
1.781318999999999069e+05
1.929571999999999825e+05
1.631147000000000698e+05
1.814839000000000524e+05
1.413185999999998894e+05
1.416192000000000698e+05
1.636588000000000466e+05
1.794113999999999651e+05
2.194837999999999593e+05
1.960895000000000582e+05
1.629257999999999884e+05
1.258965999999999767e+05
1.162612999999999738e+05
1.222921000000000204e+05
1.097318999999999942e+05
1.260703999999999651e+05
1.321578000000000175e+05
1.510595000000000291e+05
1.704912999999999884e+05
1.820805000000000000e+05
2.150588999999999942e+05
1.659108999999999651e+05
1.595973999999999942e+05
1.369700000000000000e+05
1.240668999999999942e+05
1.541543999999999942e+05
2.088616999999999825e+05
2.997973000000000466e+05
3.191480999999999185e+05
2.602256000000000931e+05
1.661794000000000233e+05
1.286806000000000349e+05
1.175945999999999476e+05
1.209485000000000437e+05
1.418389000000000524e+05
1.915891999999999243e+05
2.741482999999999302e+05
3.487172999999999884e+05
3.239155999999999767e+05
2.271391999999998952e+05
1.539132000000000116e+05
1.517283000000000175e+05
1.268275999999999767e+05
1.308850999999999913e+05
1.627984999999999709e+05
1.995034999999999709e+05
2.649528999999999069e+05
2.618736000000000931e+05
2.209822000000000116e+05
1.520055999999998894e+05
1.259327000000000407e+05
1.239260999999999767e+05
1.079794000000000233e+05
1.266225999999999913e+05
1.448907000000000990e+05
1.959413999999999069e+05
2.352553000000000175e+05
2.131431999999999825e+05
1.871099999999999709e+05
1.319165999999999767e+05
1.249540999999999767e+05
1.074605999999999622e+05
1.063210000000000291e+05
1.245575000000000146e+05
1.429605999999999767e+05
1.792167000000000116e+05
1.836650000000000291e+05
1.869059999999999418e+05
1.813726999999999825e+05
1.472593000000000466e+05
1.392364999999999709e+05
1.235888999999999796e+05
1.212194999999999127e+05
1.344048999999999651e+05
1.500915999999999767e+05
1.966834000000000233e+05
1.884222000000000116e+05
2.115927000000000698e+05
2.036405999999999476e+05
1.400451999999999825e+05
1.164257999999999593e+05
9.302489999999997963e+04
8.580039999999997963e+04
9.081769999999999709e+04
1.022017999999999884e+05
1.438671000000000640e+05
1.793291000000000931e+05
1.757347999999999593e+05
1.388894999999999709e+05
9.780559999999997672e+04
1.020005000000000146e+05
1.076141999999999680e+05
1.228521000000000204e+05
1.606798999999999651e+05
2.139910999999999767e+05
2.402705000000000582e+05
2.112094000000000524e+05
1.514028000000000175e+05
1.251546000000000204e+05
1.281407000000000116e+05
1.054819999999999563e+05
1.332506999999999534e+05
1.522280000000000000e+05
2.211487999999999593e+05
2.612479999999999418e+05
2.327482000000000116e+05
1.835293999999999942e+05
1.217086000000000495e+05
1.221050999999999767e+05
1.146020000000000000e+05
1.122307999999999738e+05
1.403205000000000582e+05
1.615511999999999825e+05
2.021599999999999709e+05
1.961988000000000175e+05
1.590276999999999243e+05
1.306864999999999709e+05
1.162431000000000349e+05
1.289723999999999942e+05
1.030634000000000233e+05
1.150111999999999680e+05
1.252672000000000116e+05
1.398603999999999942e+05
1.564821000000000058e+05
1.507167000000000698e+05
1.571775999999999767e+05
1.265290000000000291e+05
1.185950000000000291e+05
1.211593999999999796e+05
1.104394000000000233e+05
1.259455000000000146e+05
1.335144000000000233e+05
1.611563999999999942e+05
1.721340000000000291e+05
1.748973000000000466e+05
1.721578000000000175e+05
1.302865999999999913e+05
1.314679000000000233e+05
1.121465999999999913e+05
1.111609000000000087e+05
1.169841000000000349e+05
1.218266000000000058e+05
1.490107999999999884e+05
1.516278999999999942e+05
2.034060999999999767e+05
2.098630999999999185e+05
1.626560999999999767e+05
1.539314000000000233e+05
1.337889999999999418e+05
1.502675999999999767e+05
1.792481000000000058e+05
2.359579999999999709e+05
2.885075000000001164e+05
2.235342000000000116e+05
1.537443000000000175e+05
1.211723000000000029e+05
1.239914000000000087e+05
1.140410000000000000e+05
1.278683000000000029e+05
1.625219000000000233e+05
2.049157999999999302e+05
2.535240999999999185e+05
2.526988999999999651e+05
2.088041000000000349e+05
1.408967999999999302e+05
1.306489000000000233e+05
1.200167000000000407e+05
1.125361000000000058e+05
1.449904999999999709e+05
1.759023999999999651e+05
2.133646999999999243e+05
2.459996000000000058e+05
2.328048999999999942e+05
1.821685000000000291e+05
1.343038999999999942e+05
1.153589000000000087e+05
1.000212999999999738e+05
8.536609999999999127e+04
8.514080000000000291e+04
8.783869999999999709e+04
1.022497999999999738e+05
1.392076000000000349e+05
1.701966000000000349e+05
1.620375000000000291e+05
1.156232999999999884e+05
9.396910000000002037e+04
1.035647999999999884e+05
1.090499999999999854e+05
1.295144999999999709e+05
1.513976000000000349e+05
1.857853999999999942e+05
1.823688000000000466e+05
1.512768000000000757e+05
1.172790999999999622e+05
1.169576000000000058e+05
1.185321999999999825e+05
1.157658000000000175e+05
1.411646000000000058e+05
1.465867999999999884e+05
1.848935999999999476e+05
1.878234000000000524e+05
1.485180000000000291e+05
1.201078999999999796e+05
1.051416000000000204e+05
1.083243999999999796e+05
9.973789999999995052e+04
1.095774999999999709e+05
1.248723999999999796e+05
1.379525999999999767e+05
1.707797000000000116e+05
1.616635000000000000e+05
1.459239000000000233e+05
1.191226000000000495e+05
1.042216999999999825e+05
1.074657999999999884e+05
1.035416999999999971e+05
1.272640000000000291e+05
1.537122999999999593e+05
2.099874000000001106e+05
2.463038999999999360e+05
2.461943000000000175e+05
1.870653000000000175e+05
1.408276999999999534e+05
1.269626000000000058e+05
1.102970999999999913e+05
1.258000999999999913e+05
1.491474999999999709e+05
1.824487000000000407e+05
2.187222000000000407e+05
2.235462999999999884e+05
1.871097000000000698e+05
1.407510000000000000e+05
1.334397000000000116e+05
1.258238999999999651e+05
1.088335999999999913e+05
1.312041000000000058e+05
1.531636999999999825e+05
1.920550999999999476e+05
2.248158000000000757e+05
2.211604000000000524e+05
1.691581000000000058e+05
1.290925999999999767e+05
1.215116999999999680e+05
1.006477999999999884e+05
1.123868000000000029e+05
1.403805000000000000e+05
1.763585999999999767e+05
2.256770000000000291e+05
2.372846000000000058e+05
1.980363000000000175e+05
1.394961000000000058e+05
1.235312000000000407e+05
1.221369000000000378e+05
1.121326999999999825e+05
1.416657000000000698e+05
1.604467999999999302e+05
1.924551000000000058e+05
2.220981000000000349e+05
1.938200999999999767e+05
1.506189999999999418e+05
1.195059000000000378e+05
1.226857999999999738e+05
1.097476000000000204e+05
1.114948000000000175e+05
1.393468000000000175e+05
1.453021999999999243e+05
1.679512999999999593e+05
1.659581000000000058e+05
1.384587999999999884e+05
1.177290000000000437e+05
1.032928000000000029e+05
9.742039999999997963e+04
8.616640000000000873e+04
8.071600000000001455e+04
7.830279999999997381e+04
8.112449999999998545e+04
9.865979999999995925e+04
1.393820000000000000e+05
1.684526999999999825e+05
1.398542999999999593e+05
1.008475000000000291e+05
9.229090000000000873e+04
9.365959999999999127e+04
9.835829999999995925e+04
1.173006999999999534e+05
1.408438999999999360e+05
1.757530000000000000e+05
2.102936000000000640e+05
1.900927999999999593e+05
1.531993999999999942e+05
1.289133999999999942e+05
1.003154000000000087e+05
1.055216000000000058e+05
1.210276999999999971e+05
1.521288000000000466e+05
1.879144999999999127e+05
2.276394000000000233e+05
2.395245999999999185e+05
1.814025999999999767e+05
1.528078999999999942e+05
1.231494000000000087e+05
1.072957999999999884e+05
1.330193999999999651e+05
1.566383000000000175e+05
1.881141000000000349e+05
2.058711999999999534e+05
2.117926999999998952e+05
1.765018000000000466e+05
1.437761999999999825e+05
1.320856000000000058e+05
1.082567999999999884e+05
1.136658999999999942e+05
1.343097000000000407e+05
1.613499000000000524e+05
1.889838000000000175e+05
1.970396999999999534e+05
1.711007999999998719e+05
1.286501000000000349e+05
1.156185999999999913e+05
1.100913999999999651e+05
1.010723000000000320e+05
1.202157000000000553e+05
1.427935999999999767e+05
1.778098999999999942e+05
1.992244999999999127e+05
1.951741999999999825e+05
1.640513999999999942e+05
1.201606999999999971e+05
1.228380999999999913e+05
1.134602999999999302e+05
1.146444000000000233e+05
1.479959999999999709e+05
1.725553999999999651e+05
2.069393999999999360e+05
2.144703999999999942e+05
1.642268999999999942e+05
1.188785999999999913e+05
1.151071000000000495e+05
1.301648999999999651e+05
1.231982999999999738e+05
1.279465999999999913e+05
1.589816999999999243e+05
1.804621999999998661e+05
2.095442000000000407e+05
1.894784999999999709e+05
1.426666000000000349e+05
1.170615000000000146e+05
1.175595000000000000e+05
1.168037000000000116e+05
1.071966000000000495e+05
1.295659000000000233e+05
1.480870000000000291e+05
1.637385000000000000e+05
1.762978999999999942e+05
1.571757000000000698e+05
1.189541999999999680e+05
1.067020999999999913e+05
1.143979999999999854e+05
1.007701000000000204e+05
1.055523000000000175e+05
1.263157000000000116e+05
1.394071999999999825e+05
1.639339999999999709e+05
1.547328999999999651e+05
1.320057000000000116e+05
1.244178000000000175e+05
1.113339000000000378e+05
9.816309999999996217e+04
8.413359999999999127e+04
7.635589999999999418e+04
7.879109999999999127e+04
8.959220000000001164e+04
1.180957000000000116e+05
1.446612000000000698e+05
1.339627000000000116e+05
1.050036000000000204e+05
8.747850000000000000e+04
8.815650000000000000e+04
9.409449999999997090e+04
9.445300000000000000e+04
9.960120000000001164e+04
1.096917999999999884e+05
1.049586999999999534e+05
1.198564999999999854e+05
1.431977999999999593e+05
1.373286000000000058e+05
1.297821999999999825e+05
1.051342999999999884e+05
9.914260000000000582e+04
1.040204999999999709e+05
1.057283999999999360e+05
1.219509999999999854e+05
1.128622000000000407e+05
1.281059999999999854e+05
1.360652000000000116e+05
1.248708999999999796e+05
1.168067999999999884e+05
9.847460000000002037e+04
1.015646000000000495e+05
1.056364999999999709e+05
1.215518000000000029e+05
1.273198000000000029e+05
1.373567999999999884e+05
1.593751000000000640e+05
1.462450999999999476e+05
1.379694000000000233e+05
1.229008000000000466e+05
1.138235999999999913e+05
1.328622000000000698e+05
1.462064999999999709e+05
1.687932999999999302e+05
1.551253000000000175e+05
1.204874000000000233e+05
1.183560999999999913e+05
1.281243999999999360e+05
1.275537999999999738e+05
1.131498999999999796e+05
1.319642999999999884e+05
1.584154999999999418e+05
1.959096999999999825e+05
2.167866999999999243e+05
1.793673000000000175e+05
1.348852999999999884e+05
1.156666999999999825e+05
1.176119000000000524e+05
1.030536999999999971e+05
1.060230000000000146e+05
1.223132000000000116e+05
1.405232000000000116e+05
1.733504000000000233e+05
1.642584999999999418e+05
1.276268000000000320e+05
1.057837999999999593e+05
1.088660000000000146e+05
1.065251000000000204e+05
9.335719999999998254e+04
1.008109000000000524e+05
1.054471999999999680e+05
1.169985999999999622e+05
1.253842999999999738e+05
1.122308999999999505e+05
1.168783000000000320e+05
1.157434999999999563e+05
1.161490000000000437e+05
1.102692000000000262e+05
9.889110000000004948e+04
1.045308999999999651e+05
1.100656000000000058e+05
1.289166000000000349e+05
1.278610000000000146e+05
1.118247999999999738e+05
1.134888000000000175e+05
1.192837999999999738e+05
1.157480000000000291e+05
1.016148999999999796e+05
9.739860000000002037e+04
1.019732999999999738e+05
1.121741999999999680e+05
1.252920000000000000e+05
1.175861999999999243e+05
1.442603999999999942e+05
1.628933999999999360e+05
1.248781000000000204e+05
1.051961000000000349e+05
8.892730000000001746e+04
7.606720000000002619e+04
7.624029999999998836e+04
8.414209999999999127e+04
1.082151000000000349e+05
1.414073000000000175e+05
1.379668000000000175e+05
1.018267999999999738e+05
9.232090000000002328e+04
1.050767999999999738e+05
1.176030999999999767e+05
1.216586999999999825e+05
1.478112000000000698e+05
1.663680999999999767e+05
1.526755000000000291e+05
1.275039999999999563e+05
1.063912999999999593e+05
1.073075000000000291e+05
1.047735000000000291e+05
9.903309999999999127e+04
1.145428000000000320e+05
1.348938000000000175e+05
1.688959000000000524e+05
1.914643000000000175e+05
1.606066999999999534e+05
1.178280999999999622e+05
1.058481000000000204e+05
1.117778000000000611e+05
1.010607999999999884e+05
9.991520000000001164e+04
1.135125999999999913e+05
1.323318000000000175e+05
1.581756000000001222e+05
1.441372999999999593e+05
1.197056000000000204e+05
1.071693000000000029e+05
1.065413999999999942e+05
1.109811000000000204e+05
1.014602000000000407e+05
1.093305000000000000e+05
1.212609000000000378e+05
1.384357999999999884e+05
1.497472000000000698e+05
1.262286999999999971e+05
1.062317999999999884e+05
1.054448000000000320e+05
1.222422999999999738e+05
1.160755999999999767e+05
1.072486000000000058e+05
1.215288999999999651e+05
1.295336999999999971e+05
1.497686999999999825e+05
1.479950999999999767e+05
1.218018000000000175e+05
1.028610999999999622e+05
1.029117999999999884e+05
1.089655000000000728e+05
9.504030000000001746e+04
1.011480000000000291e+05
1.085936000000000058e+05
1.213293999999999796e+05
1.314074999999999709e+05
1.177939000000000233e+05
1.177875999999999913e+05
1.084856000000000058e+05
1.155359000000000378e+05
1.151854999999999854e+05
1.054362000000000116e+05
1.197662000000000116e+05
1.355233999999999651e+05
1.603088999999999360e+05
1.745691000000000640e+05
1.723075000000000582e+05
1.674607000000000407e+05
1.633667999999999593e+05
1.317777000000000407e+05
9.923450000000000000e+04
1.017246000000000349e+05
1.063204000000000233e+05
1.254658999999999942e+05
1.393412999999999593e+05
1.413960999999999476e+05
1.558539000000000815e+05
1.711745000000000000e+05
1.539465000000000582e+05
1.087781999999999680e+05
1.002847000000000116e+05
1.028810999999999476e+05
1.143310000000000000e+05
1.348807999999999302e+05
1.450240999999999767e+05
1.641337999999999884e+05
1.732096000000000058e+05
1.488097000000000698e+05
1.043433000000000175e+05
8.285040000000005239e+04
7.923390000000000873e+04
7.482540000000003783e+04
7.575160000000002037e+04
8.149940000000000873e+04
1.000231000000000058e+05
1.199756000000000058e+05
1.105987000000000553e+05
1.004427999999999738e+05
1.042926999999999680e+05
9.728540000000000873e+04
9.374359999999996217e+04
1.057249000000000378e+05
1.188009000000000669e+05
1.210275000000000291e+05
1.195778000000000029e+05
1.212318000000000029e+05
1.220064000000000233e+05
1.088329000000000087e+05
8.684019999999998254e+04
8.653030000000001746e+04
9.453110000000000582e+04
1.054771999999999971e+05
1.278489999999999709e+05
1.324106999999999534e+05
1.260185000000000146e+05
1.269976000000000204e+05
1.178843000000000029e+05
9.817679999999997381e+04
8.269330000000001746e+04
8.355650000000005821e+04
8.869429999999998836e+04
9.951090000000000873e+04
1.155755000000000000e+05
1.185272999999999884e+05
1.151388999999999796e+05
1.102751999999999971e+05
9.909249999999998545e+04
8.596110000000003492e+04
7.983449999999997090e+04
8.422970000000001164e+04
9.596849999999997090e+04
1.124321000000000058e+05
1.358839000000000233e+05
1.605503999999999942e+05
1.683402000000000116e+05
1.428631000000000058e+05
1.004790000000000000e+05
8.313349999999994179e+04
8.507080000000003201e+04
8.790880000000000291e+04
1.043838000000000029e+05
1.244320999999999767e+05
1.454177000000000698e+05
1.738454000000000815e+05
1.716801999999999534e+05
1.264587000000000553e+05
8.778139999999999418e+04
8.389880000000001746e+04
8.398000000000001455e+04
9.399200000000000000e+04
1.202757999999999447e+05
1.387621999999999825e+05
1.593038999999999651e+05
1.789541000000000640e+05
1.549626999999999534e+05
1.038801999999999825e+05
8.128120000000001164e+04
8.095000000000000000e+04
8.002129999999998836e+04
9.064610000000002037e+04
1.106782999999999738e+05
1.218693000000000320e+05
1.336329999999999418e+05
1.387081999999999825e+05
1.111357999999999738e+05
8.183930000000001746e+04
7.785739999999999418e+04
8.078450000000000000e+04
8.123630000000000291e+04
9.224999999999991269e+04
1.033108000000000466e+05
1.112256999999999825e+05
1.225974000000000233e+05
1.235673000000000029e+05
9.991370000000001164e+04
7.872419999999999709e+04
7.753330000000000291e+04
7.983720000000001164e+04
8.288760000000002037e+04
9.468489999999999418e+04
1.026391999999999971e+05
1.083695000000000146e+05
1.215639000000000378e+05
1.166842000000000116e+05
9.416160000000000582e+04
7.959820000000004075e+04
7.514640000000000873e+04
7.365070000000001164e+04
7.770479999999997381e+04
8.504160000000002037e+04
9.409280000000003201e+04
1.020390999999999913e+05
1.023460999999999913e+05
9.776249999999998545e+04
9.036150000000001455e+04
7.982659999999997672e+04
7.839510000000002037e+04
9.025650000000000000e+04
1.037103999999999942e+05
1.225744999999999709e+05
1.559334999999999709e+05
1.726702000000000116e+05
1.434058000000000466e+05
1.016059000000000233e+05
8.348660000000003492e+04
8.128700000000001455e+04
7.991139999999999418e+04
8.777919999999998254e+04
1.038967999999999738e+05
1.187966000000000058e+05
1.373410000000000291e+05
1.372315000000000291e+05
1.085121000000000204e+05
8.344950000000007276e+04
7.810140000000002328e+04
7.654660000000000582e+04
8.027300000000002910e+04
9.317879999999998836e+04
1.049712000000000116e+05
1.191185999999999913e+05
1.357803000000000175e+05
1.266221999999999534e+05
9.576349999999997090e+04
7.948749999999998545e+04
7.870370000000006985e+04
7.835130000000004657e+04
8.383739999999996508e+04
9.449420000000001164e+04
1.005009999999999854e+05
1.082803999999999942e+05
1.179840999999999913e+05
1.109012000000000407e+05
8.963500000000001455e+04
7.806980000000001746e+04
7.868250000000002910e+04
7.875899999999998545e+04
8.202280000000000291e+04
8.944340000000000873e+04
9.509659999999997672e+04
1.043468999999999796e+05
1.122676999999999534e+05
1.012010000000000146e+05
8.182840000000000873e+04
7.946230000000001746e+04
8.076579999999998836e+04
8.032600000000001455e+04
8.928740000000000873e+04
9.928169999999999709e+04
9.817889999999996508e+04
1.041821000000000495e+05
1.088975999999999913e+05
9.304189999999999418e+04
7.865470000000002619e+04
8.001120000000002619e+04
8.247719999999998254e+04
8.466289999999999418e+04
9.660199999999998545e+04
1.066552000000000407e+05
1.067206999999999971e+05
1.038655999999999767e+05
9.517369999999998254e+04
8.139469999999999709e+04
7.931150000000001455e+04
8.142439999999995052e+04
8.096559999999997672e+04
8.999929999999997381e+04
9.964939999999999418e+04
1.005581999999999971e+05
1.006470000000000291e+05
9.909249999999998545e+04
8.972670000000001164e+04
7.820359999999999127e+04
7.643029999999998836e+04
7.928009999999997672e+04
8.449979999999998836e+04
9.723679999999997381e+04
1.032251000000000204e+05
1.074968999999999796e+05
1.088055999999999622e+05
9.270980000000001746e+04
8.068439999999999418e+04
8.086630000000003201e+04
7.816009999999994761e+04
8.362450000000001455e+04
9.725339999999999418e+04
1.016879000000000378e+05
9.484979999999998836e+04
8.263619999999996799e+04
7.320010000000000582e+04
7.101350000000000000e+04
7.426959999999999127e+04
7.605640000000002328e+04
7.467460000000004948e+04
7.787399999999997090e+04
8.037770000000004075e+04
7.826839999999999418e+04
8.619440000000000873e+04
1.009048999999999796e+05
1.003837999999999738e+05
8.596850000000001455e+04
7.499060000000003492e+04
7.200500000000001455e+04
7.112300000000002910e+04
7.119569999999996799e+04
7.394400000000001455e+04
7.929720000000001164e+04
9.252730000000006112e+04
1.051034999999999709e+05
9.824839999999999418e+04
8.093919999999998254e+04
7.531260000000000582e+04
7.419619999999999709e+04
7.042529999999998836e+04
7.039009999999999127e+04
7.263799999999998545e+04
7.702780000000001746e+04
8.767699999999998545e+04
9.434010000000002037e+04
8.834839999999999418e+04
7.859200000000000000e+04
7.977150000000004366e+04
8.414859999999999127e+04
8.281430000000001746e+04
8.616710000000000582e+04
9.768959999999999127e+04
1.031134000000000378e+05
9.698360000000000582e+04
8.467060000000000582e+04
7.472570000000001164e+04
7.300449999999998545e+04
7.848180000000001746e+04
8.221580000000000291e+04
8.353540000000000873e+04
9.059010000000000582e+04
1.012240000000000437e+05
1.016706999999999680e+05
9.126209999999994761e+04
7.806939999999999418e+04
7.184969999999999709e+04
7.271359999999997672e+04
7.501600000000000000e+04
7.518409999999999127e+04
7.679109999999999127e+04
8.332059999999997672e+04
8.994500000000001455e+04
9.036539999999997963e+04
8.392900000000001455e+04
7.466279999999998836e+04
7.043080000000000291e+04
7.363290000000000873e+04
7.727570000000002619e+04
7.690459999999996217e+04
7.861150000000000000e+04
8.716240000000005239e+04
9.177159999999999127e+04
8.750479999999997381e+04
7.776289999999997963e+04
7.104270000000001164e+04
7.009560000000002037e+04
7.353460000000002037e+04
7.565240000000000873e+04
7.411940000000002328e+04
7.621289999999996508e+04
8.369719999999996799e+04
8.695840000000000873e+04
8.277119999999996799e+04
7.507189999999999418e+04
6.928549999999998545e+04
6.978349999999998545e+04
7.337519999999999709e+04
7.503670000000004075e+04
7.538519999999996799e+04
8.148519999999999709e+04
8.960410000000002037e+04
8.785530000000001746e+04
7.800809999999999127e+04
7.407260000000000582e+04
7.452430000000000291e+04
7.357979999999998836e+04
7.844239999999992142e+04
8.854760000000003492e+04
9.116350000000001455e+04
8.310089999999996508e+04
7.396849999999998545e+04
6.991819999999999709e+04
7.077829999999997381e+04
7.275380000000001746e+04
7.259430000000001746e+04
7.781380000000003201e+04
8.870859999999999127e+04
1.005932000000000116e+05
1.108265999999999476e+05
1.155666999999999825e+05
1.041546000000000640e+05
8.459979999999998836e+04
7.329669999999998254e+04
7.415770000000002619e+04
7.725899999999998545e+04
7.758189999999997963e+04
8.118220000000002619e+04
9.092539999999996508e+04
1.018925999999999767e+05
1.027299000000000378e+05
9.155169999999999709e+04
7.818089999999997963e+04
7.142879999999997381e+04
7.320539999999999418e+04
7.717479999999998836e+04
7.921389999999997963e+04
8.172450000000000000e+04
8.860030000000000291e+04
9.224540000000002328e+04
8.768260000000000582e+04
7.885910000000000582e+04
7.155959999999997672e+04
7.075100000000000000e+04
7.431090000000000873e+04
7.923370000000002619e+04
8.377950000000001455e+04
8.984889999999996508e+04
9.627040000000002328e+04
9.705190000000005239e+04
8.739109999999994761e+04
7.461419999999998254e+04
6.952259999999999127e+04
7.197259999999997672e+04
7.351340000000000873e+04
7.272399999999998545e+04
7.635210000000002037e+04
8.458030000000001746e+04
9.103410000000000582e+04
8.995540000000002328e+04
8.267459999999997672e+04
7.329849999999998545e+04
7.022239999999997963e+04
7.214139999999999418e+04
7.506719999999998254e+04
7.668419999999998254e+04
7.871179999999998836e+04
8.342700000000002910e+04
8.914980000000007567e+04
8.820100000000001455e+04
7.956199999999998545e+04
7.097760000000000582e+04
7.270240000000000873e+04
8.055720000000002619e+04
8.665129999999998836e+04
9.204809999999999127e+04
1.092495000000000000e+05
1.285439000000000087e+05
1.253578000000000320e+05
1.005524000000000233e+05
8.114339999999997963e+04
7.784880000000001746e+04
8.001920000000001164e+04
7.700370000000001164e+04
7.562069999999996799e+04
8.517240000000003783e+04
1.018160999999999622e+05
1.103939000000000233e+05
1.032067999999999884e+05
8.496880000000004657e+04
7.358880000000000291e+04
7.588710000000004948e+04
8.137450000000002910e+04
8.104180000000001746e+04
8.125029999999997381e+04
8.632509999999999127e+04
