2.627079999999999563e+04
3.174020000000000800e+04
3.804599999999999272e+04
5.596859999999998399e+04
8.233709999999999127e+04
9.660960000000000582e+04
8.171070000000001164e+04
5.274930000000002474e+04
3.119770000000000073e+04
2.802060000000000946e+04
3.879640000000001601e+04
5.140859999999999127e+04
8.424939999999996508e+04
1.461860999999999767e+05
1.782687000000000407e+05
1.380815000000000000e+05
7.391719999999996799e+04
3.522440000000000873e+04
2.334589999999999782e+04
2.355829999999998836e+04
3.120930000000000655e+04
4.960559999999999854e+04
9.217839999999999418e+04
1.427150000000000000e+05
1.416484999999999709e+05
8.486149999999998545e+04
3.918859999999999854e+04
2.454550000000001819e+04
2.247319999999999709e+04
2.585939999999997963e+04
3.893879999999998836e+04
7.085640000000000873e+04
1.182269999999999563e+05
1.528252999999999884e+05
1.336336000000000058e+05
7.335940000000000873e+04
3.500670000000000437e+04
2.597500000000000000e+04
2.745659999999999491e+04
3.316299999999999272e+04
4.299200000000000728e+04
6.893969999999999709e+04
7.843279999999993015e+04
1.038036000000000204e+05
1.737305000000000000e+05
1.608436000000000349e+05
7.910089999999999418e+04
4.484860000000001310e+04
3.359199999999999272e+04
5.218940000000001601e+04
9.254319999999998254e+04
1.707535000000000000e+05
3.326822000000002445e+05
3.682900000000000000e+05
1.962441999999998952e+05
7.237950000000001455e+04
4.486990000000001601e+04
3.151630000000001019e+04
4.261820000000001164e+04
6.496829999999998836e+04
1.193895000000000291e+05
2.430554999999998836e+05
3.148097000000000116e+05
2.161216000000000640e+05
8.245450000000000000e+04
4.492359999999999854e+04
3.763590000000000873e+04
3.692609999999999127e+04
5.710389999999999418e+04
8.679510000000000582e+04
1.762358999999999651e+05
2.951622000000001281e+05
2.745235000000000000e+05
1.328296000000000058e+05
4.771570000000001164e+04
4.071989999999999418e+04
3.614229999999999563e+04
5.027829999999999563e+04
7.181179999999998836e+04
1.201922000000000116e+05
2.107225999999999767e+05
2.195915999999999767e+05
1.276596999999999680e+05
5.260809999999999854e+04
3.544809999999999127e+04
3.970459999999999854e+04
4.165690000000000873e+04
6.119219999999999709e+04
1.015663999999999505e+05
1.763663999999999651e+05
2.483192999999999593e+05
2.081218000000001048e+05
1.022622000000000553e+05
4.393160000000002765e+04
3.800179999999999563e+04
4.179400000000000728e+04
4.848790000000000146e+04
7.670809999999997672e+04
1.269383999999999505e+05
2.000544000000000233e+05
2.134403999999999942e+05
1.263768000000000029e+05
5.263169999999999709e+04
2.956390000000000509e+04
3.218380000000001019e+04
3.549559999999999854e+04
4.130360000000002037e+04
7.483010000000000582e+04
1.263248000000000029e+05
2.710997000000000116e+05
3.929086999999999534e+05
2.648774999999998836e+05
1.005229999999999854e+05
5.969069999999998981e+04
4.026949999999998545e+04
4.220749999999999272e+04
6.445470000000001164e+04
1.004823000000000320e+05
2.261835999999999476e+05
4.049629999999998836e+05
4.005909000000000815e+05
2.001261999999999534e+05
8.578490000000000873e+04
5.827359999999998399e+04
4.044950000000000728e+04
5.878639999999998690e+04
7.344990000000000873e+04
1.536698999999999651e+05
3.132262000000001863e+05
3.844194999999998836e+05
2.767399999999997672e+05
1.174164000000000087e+05
6.721010000000002037e+04
4.783079999999999563e+04
4.502029999999998836e+04
7.088479999999998836e+04
7.532519999999999709e+04
1.113570000000000000e+05
9.834779999999995925e+04
1.088280000000000146e+05
2.142646000000000058e+05
1.737083999999999360e+05
9.293570000000002619e+04
7.712090000000002328e+04
5.152630000000000291e+04
8.491059999999999127e+04
1.246019000000000378e+05
2.336613000000000466e+05
3.541038000000000466e+05
2.465831000000000931e+05
8.476779999999998836e+04
3.959560000000000582e+04
3.765489999999999418e+04
4.217559999999999127e+04
6.132909999999998399e+04
1.108328000000000029e+05
2.062933999999999942e+05
3.495624000000000233e+05
3.561116999999999534e+05
1.766499000000000233e+05
5.800439999999999418e+04
4.057730000000000291e+04
3.515880000000000291e+04
4.705570000000001892e+04
7.202289999999997963e+04
1.229604000000000524e+05
2.212930000000000582e+05
2.821796999999999534e+05
2.044331999999998952e+05
8.182210000000000582e+04
3.522060000000001310e+04
3.326350000000000728e+04
3.602719999999999709e+04
4.693630000000000291e+04
8.517910000000003492e+04
1.661677000000000407e+05
3.120179999999998254e+05
4.051453000000001630e+05
2.745834999999999418e+05
1.005810000000000146e+05
5.883659999999997672e+04
3.998439999999999418e+04
4.273999999999998545e+04
6.399069999999998254e+04
1.098851000000000058e+05
2.372297999999999884e+05
3.771500000000001164e+05
3.570544000000001979e+05
1.773529999999999709e+05
6.829930000000000291e+04
5.284100000000000728e+04
3.905260000000000582e+04
6.144940000000000146e+04
8.965699999999997090e+04
1.803298000000000466e+05
3.399495999999999767e+05
3.927105999999999185e+05
2.651608000000000466e+05
9.951980000000004657e+04
5.109300000000001455e+04
4.563240000000001601e+04
4.068379999999998836e+04
7.026889999999997963e+04
1.077699999999999563e+05
2.139946999999999534e+05
3.045304999999998836e+05
2.509116999999999825e+05
1.285277000000000116e+05
4.936190000000000146e+04
4.014759999999999854e+04
3.803800000000000728e+04
4.732170000000001164e+04
7.437169999999998254e+04
1.294002999999999884e+05
2.393054000000001106e+05
2.624250000000000000e+05
1.724236000000001222e+05
7.639989999999999418e+04
3.583890000000000873e+04
3.668320000000001164e+04
3.662270000000000437e+04
5.721999999999997817e+04
9.333600000000007276e+04
1.631333999999999942e+05
2.374755000000000873e+05
2.094351000000000640e+05
1.146343000000000029e+05
5.046430000000000291e+04
3.184609999999999127e+04
3.601140000000002328e+04
4.061320000000000437e+04
5.984999999999999272e+04
8.978530000000000291e+04
8.381479999999998836e+04
6.034740000000000873e+04
1.257651999999999971e+05
1.846075000000000873e+05
1.154535999999999622e+05
6.986560000000000582e+04
6.078350000000000000e+04
4.807219999999998981e+04
8.514079999999997381e+04
1.407350000000000291e+05
3.350437999999998719e+05
5.255579999999998836e+05
3.666477000000001281e+05
1.331358000000000175e+05
7.208339999999996508e+04
4.220689999999998690e+04
3.740839999999999418e+04
4.810400000000001455e+04
8.248290000000000873e+04
1.940931000000000349e+05
3.454815000000000000e+05
3.818117999999999884e+05
2.175530000000000291e+05
9.341030000000000291e+04
6.991670000000002619e+04
4.507949999999998545e+04
5.914759999999998399e+04
7.581130000000000291e+04
1.605346000000000349e+05
3.499677000000000116e+05
4.799254000000000233e+05
3.825325999999998021e+05
1.611371000000000058e+05
8.786240000000000873e+04
6.448230000000003201e+04
5.218639999999998690e+04
7.698810000000002037e+04
1.025777999999999738e+05
2.496571999999999825e+05
3.741175000000000000e+05
3.461331000000000349e+05
2.011446000000000058e+05
7.313359999999996217e+04
5.470990000000000146e+04
4.030859999999997672e+04
5.495599999999999272e+04
7.409689999999999418e+04
1.415902000000000407e+05
2.951240000000000582e+05
3.612243999999999069e+05
2.764966000000000349e+05
1.198165000000000146e+05
5.293519999999999709e+04
4.528259999999998399e+04
3.961120000000001164e+04
6.048430000000001019e+04
1.005321000000000204e+05
2.144635999999999767e+05
3.156918000000001048e+05
3.043500000000000000e+05
1.838511000000000349e+05
6.706150000000000000e+04
4.459079999999999563e+04
3.688549999999999272e+04
3.797750000000000728e+04
5.859329999999999563e+04
1.119958000000000029e+05
2.171450999999999767e+05
3.566533000000001630e+05
3.615073999999999069e+05
1.838704999999999709e+05
7.609200000000002910e+04
5.527210000000002037e+04
3.613959999999999854e+04
4.323790000000000873e+04
6.583979999999998836e+04
1.522341000000000058e+05
3.315415999999999185e+05
5.147189000000000233e+05
4.169562999999999884e+05
1.777368999999999651e+05
1.117833000000000175e+05
6.929049999999998545e+04
5.074880000000001746e+04
5.264969999999998981e+04
8.523600000000002910e+04
2.104761000000000640e+05
3.433596000000001513e+05
3.925534000000000233e+05
2.367270000000000291e+05
1.026657000000000116e+05
8.828680000000001746e+04
5.500390000000000146e+04
7.206180000000001746e+04
7.549710000000002037e+04
1.130590000000000437e+05
1.399475000000000291e+05
9.155119999999996799e+04
1.821207999999999593e+05
2.158139000000000233e+05
1.036775999999999767e+05
8.014440000000002328e+04
5.861659999999999854e+04
6.802140000000000873e+04
1.169606999999999825e+05
1.888203999999999651e+05
3.200951000000000349e+05
2.660760999999999767e+05
1.142235999999999622e+05
4.749440000000001601e+04
3.841720000000001164e+04
4.381849999999999272e+04
4.051419999999998254e+04
7.234059999999999127e+04
1.142012999999999447e+05
2.468643000000000175e+05
3.164584000000000233e+05
2.174658000000001048e+05
1.074956999999999825e+05
5.259230000000001746e+04
6.516979999999998836e+04
4.756650000000001455e+04
7.533299999999998545e+04
1.002583999999999942e+05
1.858132000000000116e+05
2.790030999999999185e+05
1.954356000000000349e+05
1.193443999999999360e+05
6.360249999999997817e+04
4.106600000000000728e+04
4.178239999999999418e+04
3.309859999999999854e+04
4.576270000000001164e+04
8.248699999999997090e+04
1.865811000000000640e+05
3.182079999999999418e+05
3.642701000000000349e+05
2.182466000000000640e+05
1.062775000000000146e+05
9.136889999999999418e+04
5.384289999999998690e+04
4.620850000000000728e+04
4.864600000000000000e+04
9.722429999999994470e+04
1.876966999999999534e+05
3.662351000000000931e+05
4.011086999999999534e+05
2.145126000000001222e+05
1.447390000000000000e+05
9.239789999999999418e+04
5.902560000000002037e+04
5.609389999999997963e+04
9.911090000000002328e+04
2.183863000000000466e+05
3.100082999999999302e+05
3.395098000000001048e+05
1.905014000000000233e+05
8.988339999999999418e+04
7.404280000000003201e+04
4.374269999999997526e+04
5.799560000000002037e+04
8.189200000000002910e+04
1.764574999999999418e+05
3.088658999999999069e+05
3.687204000000001397e+05
2.457348000000000175e+05
8.552969999999999709e+04
5.139330000000000291e+04
4.554100000000001455e+04
4.076350000000000000e+04
6.791429999999995925e+04
1.123345000000000000e+05
2.193226000000000058e+05
3.317928999999998487e+05
2.502389000000000524e+05
1.089578999999999942e+05
4.594879999999998836e+04
4.069600000000000000e+04
4.172250000000000000e+04
4.408470000000001892e+04
7.449970000000004075e+04
1.097394000000000087e+05
2.145720999999999476e+05
2.264865000000000000e+05
1.505798999999999942e+05
1.146899000000000233e+05
5.789619999999998981e+04
5.696459999999996944e+04
4.993909999999999854e+04
5.017600000000003638e+04
7.027340000000000873e+04
5.941310000000000582e+04
6.017909999999998399e+04
1.243757000000000262e+05
2.192694000000000815e+05
1.536538999999999360e+05
6.683680000000000291e+04
5.344639999999998690e+04
3.561439999999999418e+04
5.318900000000000728e+04
9.151799999999998545e+04
1.851448999999999651e+05
2.699590999999999185e+05
2.204512000000000116e+05
9.904649999999998545e+04
4.768659999999998399e+04
4.498789999999999418e+04
3.307399999999999272e+04
4.484809999999999127e+04
7.247589999999995052e+04
1.476505000000000000e+05
2.543779000000000233e+05
2.697142999999999302e+05
1.661173000000000175e+05
6.508529999999999563e+04
4.500130000000001019e+04
4.142219999999998981e+04
3.547449999999999272e+04
5.627009999999999854e+04
9.004650000000005821e+04
1.718490999999999767e+05
2.504761999999998952e+05
1.981318999999999651e+05
8.523079999999994470e+04
3.998409999999997672e+04
3.757610000000002765e+04
3.184580000000000291e+04
3.751100000000000000e+04
5.942840000000000146e+04
9.310330000000001746e+04
1.450352999999999593e+05
1.366977000000000407e+05
8.691440000000003783e+04
5.990959999999996944e+04
3.538690000000000873e+04
4.138150000000000000e+04
3.407669999999999709e+04
4.886220000000000437e+04
6.507339999999998690e+04
9.853700000000001455e+04
1.326317000000000116e+05
8.709700000000007276e+04
7.417239999999999418e+04
5.315959999999999127e+04
4.254669999999998981e+04
4.675620000000000437e+04
3.481770000000001164e+04
4.733050000000000000e+04
5.361430000000001746e+04
8.705100000000000000e+04
7.874480000000001746e+04
6.566639999999997963e+04
7.962700000000001455e+04
4.700880000000000291e+04
5.129239999999997963e+04
4.308850000000000728e+04
4.741200000000000000e+04
6.729610000000000582e+04
9.821989999999997963e+04
1.619648000000000175e+05
1.326549000000000233e+05
6.998119999999996799e+04
3.606919999999999709e+04
3.192779999999999563e+04
3.110540000000000146e+04
2.784299999999999636e+04
3.882620000000000437e+04
5.639989999999999418e+04
9.913220000000002619e+04
1.154469000000000087e+05
8.268880000000000291e+04
4.338949999999999272e+04
2.725249999999999272e+04
2.753339999999998690e+04
2.505359999999999854e+04
2.816560000000000582e+04
3.682669999999997526e+04
4.837309999999999127e+04
7.546919999999999709e+04
7.108109999999999127e+04
5.164509999999997672e+04
3.847969999999999709e+04
2.605529999999999927e+04
2.613619999999999709e+04
2.229570000000001164e+04
2.318080000000000291e+04
2.508880000000000291e+04
2.724480000000000291e+04
3.513269999999998981e+04
3.952530000000001019e+04
3.087629999999999927e+04
2.208709999999999491e+04
2.091570000000000437e+04
2.185580000000000655e+04
2.120219999999999345e+04
2.301430000000000291e+04
2.430550000000000000e+04
2.735770000000000800e+04
2.710339999999999782e+04
2.827539999999999418e+04
3.103550000000000728e+04
2.728100000000000364e+04
3.027949999999998909e+04
2.653979999999999563e+04
2.732209999999999127e+04
2.853539999999999418e+04
3.537530000000000291e+04
4.402279999999999563e+04
3.499000000000000000e+04
3.629550000000001455e+04
3.001120000000000073e+04
2.516620000000000800e+04
2.685910000000000218e+04
2.493750000000000728e+04
2.981309999999998399e+04
2.943939999999998690e+04
3.461200000000000728e+04
3.238209999999999854e+04
3.302380000000001746e+04
3.607150000000000728e+04
2.800170000000000800e+04
3.229669999999999709e+04
2.791079999999999200e+04
2.905710000000001310e+04
3.345650000000000000e+04
4.324239999999998690e+04
5.588400000000002183e+04
4.608579999999999563e+04
3.694310000000001310e+04
2.885760000000000946e+04
2.535709999999999491e+04
2.626600000000000000e+04
2.409699999999999272e+04
3.048270000000000437e+04
3.570699999999999272e+04
5.291569999999998254e+04
5.909220000000000437e+04
4.694649999999999272e+04
3.723139999999999418e+04
2.652499999999999272e+04
2.817569999999998981e+04
2.665860000000000582e+04
2.724750000000000000e+04
3.395030000000001019e+04
4.199759999999999854e+04
5.905519999999997526e+04
5.297179999999998836e+04
5.100210000000000582e+04
4.246379999999998836e+04
3.125359999999999491e+04
3.583209999999997672e+04
2.886690000000001965e+04
3.597289999999998690e+04
4.107469999999999709e+04
5.648099999999999272e+04
6.227880000000001746e+04
5.307780000000000291e+04
6.259030000000001019e+04
4.490940000000000146e+04
4.164930000000001019e+04
3.960920000000001164e+04
3.404119999999999709e+04
4.418750000000002910e+04
4.503829999999998836e+04
6.461619999999996799e+04
4.703230000000000291e+04
5.515619999999998254e+04
6.079300000000002183e+04
4.016059999999999127e+04
3.766299999999999272e+04
2.948200000000000728e+04
3.330250000000000000e+04
3.485370000000001164e+04
3.658310000000001310e+04
4.374159999999999127e+04
4.626399999999998545e+04
8.742550000000004366e+04
8.089439999999999418e+04
5.205050000000003638e+04
4.841040000000001601e+04
3.048959999999998763e+04
3.135390000000000509e+04
3.418520000000000437e+04
4.522379999999999563e+04
8.245240000000002328e+04
1.008324000000000087e+05
5.861019999999998981e+04
2.974369999999999709e+04
2.586190000000000873e+04
3.095660000000000218e+04
3.412780000000001019e+04
6.049969999999999709e+04
8.805950000000001455e+04
1.418945999999999767e+05
1.477041999999999825e+05
7.352050000000000000e+04
3.354310000000000582e+04
3.131479999999999927e+04
3.496190000000000146e+04
3.397349999999998545e+04
5.021169999999999709e+04
7.639869999999999709e+04
1.383837999999999884e+05
1.726749000000000815e+05
1.344000999999999476e+05
6.459169999999999709e+04
3.516410000000000582e+04
3.921000000000000728e+04
3.485200000000000000e+04
4.461879999999998836e+04
6.892550000000004366e+04
1.044914999999999563e+05
1.647765000000000291e+05
1.468744000000000233e+05
8.260709999999999127e+04
4.348290000000001601e+04
3.624370000000001164e+04
4.220299999999999272e+04
3.411529999999999563e+04
5.064590000000001601e+04
6.623239999999999418e+04
1.078746999999999680e+05
1.235930999999999913e+05
8.622830000000000291e+04
5.642429999999999563e+04
3.501649999999999272e+04
4.102819999999998254e+04
3.759229999999999563e+04
4.263970000000001164e+04
6.302310000000000582e+04
8.042139999999997963e+04
1.303309999999999854e+05
1.174322000000000116e+05
8.638589999999997963e+04
6.330399999999999272e+04
3.903219999999998981e+04
4.195630000000000291e+04
3.591589999999999418e+04
5.269390000000000873e+04
6.640589999999999418e+04
9.189870000000001164e+04
1.233215999999999622e+05
8.775280000000001746e+04
7.678900000000004366e+04
5.691650000000000728e+04
4.797540000000000873e+04
5.020919999999999709e+04
4.088010000000001310e+04
6.047689999999999418e+04
7.456359999999997672e+04
1.303322000000000407e+05
1.404618000000000175e+05
9.754110000000004948e+04
5.849789999999999418e+04
3.690100000000001455e+04
3.749220000000001164e+04
3.528770000000001164e+04
4.792150000000000000e+04
7.334359999999997672e+04
1.136550999999999913e+05
1.822857999999999884e+05
1.588709999999998836e+05
8.780700000000002910e+04
4.199050000000000000e+04
3.967430000000001019e+04
3.813260000000000582e+04
3.784110000000000582e+04
5.579960000000001310e+04
8.205290000000000873e+04
1.344616999999999534e+05
1.592488999999999942e+05
1.131379999999999709e+05
6.482099999999998545e+04
3.710800000000000728e+04
3.737939999999998690e+04
3.476549999999998545e+04
3.201690000000000146e+04
3.844420000000001892e+04
3.291120000000000437e+04
4.871389999999998690e+04
8.499510000000000582e+04
7.936770000000002619e+04
3.823240000000000146e+04
2.453419999999999345e+04
2.576849999999999636e+04
2.713259999999999491e+04
2.978850000000000728e+04
3.691419999999997526e+04
4.605949999999997817e+04
7.198180000000004657e+04
7.128360000000000582e+04
8.321939999999997963e+04
7.324459999999999127e+04
5.132589999999999418e+04
4.212940000000001601e+04
3.149129999999999927e+04
3.419430000000000291e+04
3.493630000000000291e+04
6.264220000000001164e+04
9.519359999999999127e+04
1.269645000000000146e+05
1.374645000000000582e+05
9.130420000000002619e+04
6.559689999999999418e+04
5.454650000000002183e+04
4.464240000000000873e+04
5.934799999999999272e+04
5.376210000000001310e+04
7.223539999999999418e+04
5.835170000000000437e+04
8.852739999999999418e+04
8.316839999999999418e+04
6.846430000000001746e+04
5.595050000000000728e+04
4.308019999999997526e+04
5.423130000000001019e+04
8.589400000000002910e+04
1.602855000000000291e+05
2.070634999999999709e+05
1.990068000000000175e+05
9.960299999999998545e+04
5.580369999999999709e+04
4.555309999999999127e+04
3.352940000000000146e+04
4.591309999999999854e+04
6.535770000000000437e+04
1.176732000000000116e+05
1.865468999999999651e+05
2.153547000000000407e+05
1.496483000000000757e+05
6.695330000000001746e+04
5.254529999999999563e+04
3.632929999999998836e+04
4.076870000000001164e+04
5.268419999999998981e+04
8.039200000000001455e+04
1.418015999999999476e+05
1.905558999999999942e+05
1.680032999999999884e+05
8.352890000000000873e+04
4.369130000000002474e+04
4.366570000000000437e+04
3.480290000000000146e+04
4.932719999999999709e+04
6.844249999999998545e+04
1.125190999999999913e+05
1.690793000000000466e+05
1.743387000000000116e+05
1.166364000000000524e+05
5.068290000000000873e+04
3.633259999999999127e+04
4.012789999999997963e+04
3.792739999999998690e+04
6.192329999999998836e+04
7.892260000000000582e+04
1.359046999999999825e+05
1.727108999999999069e+05
1.291031999999999971e+05
7.710829999999998836e+04
3.804099999999997817e+04
3.571589999999999418e+04
3.105560000000000218e+04
3.776410000000000582e+04
5.642959999999997672e+04
7.578439999999999418e+04
1.212082000000000116e+05
1.307208999999999796e+05
9.352340000000002328e+04
6.877909999999999127e+04
4.052299999999999272e+04
4.254050000000000728e+04
3.400830000000001019e+04
3.274209999999999854e+04
3.336240000000000146e+04
3.066340000000000146e+04
4.352040000000000873e+04
7.882999999999997090e+04
8.850849999999998545e+04
4.649309999999999854e+04
2.842800000000000364e+04
3.062120000000000073e+04
3.409050000000000000e+04
5.122120000000001892e+04
8.786200000000001455e+04
1.424692000000000407e+05
1.996286999999998952e+05
1.585574000000000524e+05
7.313059999999999127e+04
3.705750000000000728e+04
3.972010000000001310e+04
3.380809999999999854e+04
4.965499999999999272e+04
7.208009999999999127e+04
1.249503000000000175e+05
1.838460999999999767e+05
1.824656999999999534e+05
1.211741000000000058e+05
5.133990000000001601e+04
4.006850000000002183e+04
4.062930000000001019e+04
4.243700000000001455e+04
7.198319999999998254e+04
9.718169999999996799e+04
1.485265000000000873e+05
1.818483000000000466e+05
1.342865000000000582e+05
7.425309999999997672e+04
3.938459999999999854e+04
4.585440000000002328e+04
4.003949999999999272e+04
4.895260000000001310e+04
6.768810000000002037e+04
9.191859999999997672e+04
1.312571000000000058e+05
1.137300000000000291e+05
7.712520000000001164e+04
5.187200000000000728e+04
3.926680000000001746e+04
4.430930000000000291e+04
3.583629999999998836e+04
5.084120000000000437e+04
5.585330000000001019e+04
8.191009999999999127e+04
9.863649999999995634e+04
7.957699999999998545e+04
7.207000000000001455e+04
4.641379999999998836e+04
4.059169999999998254e+04
3.783479999999999563e+04
3.365990000000000873e+04
4.734829999999999563e+04
5.166770000000001892e+04
8.443659999999999127e+04
9.304010000000002037e+04
1.038373999999999942e+05
8.912540000000000873e+04
5.298960000000001310e+04
5.856500000000001455e+04
4.306160000000002037e+04
6.061299999999999272e+04
8.246090000000002328e+04
1.276424000000000087e+05
1.768980999999999767e+05
1.604769999999999709e+05
9.318900000000005821e+04
4.345729999999999563e+04
4.233159999999999127e+04
3.708049999999999272e+04
4.403350000000000728e+04
6.739020000000001164e+04
9.018780000000003201e+04
1.447180000000000291e+05
1.767045999999999476e+05
1.536235000000000000e+05
8.041120000000002619e+04
4.664570000000000437e+04
4.066619999999998254e+04
3.259470000000000800e+04
4.665659999999999854e+04
6.803260000000002037e+04
1.022549000000000087e+05
1.595823999999999942e+05
1.717561000000000058e+05
1.121586000000000204e+05
5.433199999999998545e+04
3.931299999999999272e+04
3.914739999999999418e+04
2.830279999999999563e+04
3.205179999999999927e+04
2.817569999999998618e+04
3.211689999999999782e+04
5.044649999999999272e+04
8.646769999999996799e+04
7.749850000000002910e+04
4.180979999999998836e+04
2.939570000000000437e+04
3.737630000000000291e+04
3.759149999999999272e+04
5.562380000000000291e+04
7.056179999999998836e+04
9.511429999999997381e+04
9.295979999999994470e+04
7.226719999999998254e+04
6.359749999999999272e+04
4.856520000000000437e+04
5.075290000000000873e+04
3.815089999999997963e+04
5.792469999999998981e+04
6.385359999999999854e+04
9.796630000000001746e+04
1.146249999999999709e+05
8.526110000000000582e+04
6.963830000000003201e+04
4.176189999999998690e+04
4.046350000000000728e+04
3.925750000000000728e+04
4.063159999999998399e+04
6.441140000000000873e+04
7.478669999999999709e+04
1.114105000000000146e+05
1.061301999999999825e+05
8.216880000000000291e+04
7.016360000000003492e+04
4.640159999999999854e+04
5.524140000000000146e+04
4.385540000000000873e+04
6.151800000000002183e+04
8.024400000000001455e+04
1.129624000000000378e+05
1.643126999999999825e+05
1.417213999999999651e+05
8.492079999999998836e+04
4.362190000000002328e+04
3.928709999999999854e+04
3.262169999999998618e+04
3.974670000000000437e+04
5.764449999999999272e+04
8.164349999999997090e+04
1.287399000000000087e+05
1.623554000000000524e+05
1.358185000000000291e+05
6.850930000000000291e+04
3.903239999999999418e+04
3.937800000000000728e+04
3.518209999999999854e+04
5.088529999999998836e+04
6.989880000000000291e+04
1.052183000000000029e+05
1.536283999999999942e+05
1.383437000000000116e+05
9.177650000000001455e+04
4.659630000000000291e+04
4.024199999999998545e+04
3.948710000000000582e+04
3.786490000000000873e+04
5.687909999999999854e+04
7.286809999999996217e+04
1.104977999999999738e+05
1.190663999999999796e+05
8.008410000000000582e+04
5.527900000000000728e+04
3.952069999999998981e+04
4.961570000000001164e+04
3.838889999999998690e+04
4.791899999999998545e+04
5.744660000000002037e+04
7.086029999999998836e+04
9.161739999999996508e+04
6.811550000000001455e+04
6.217250000000001455e+04
4.894170000000001892e+04
3.999989999999998690e+04
4.208409999999999127e+04
3.322009999999999854e+04
4.791759999999997672e+04
4.858660000000000582e+04
5.657079999999998108e+04
6.673519999999998254e+04
5.526310000000001310e+04
8.573889999999995052e+04
7.722080000000001746e+04
5.119039999999998690e+04
4.164229999999999563e+04
2.696820000000000437e+04
2.500210000000000946e+04
2.769400000000000364e+04
4.172079999999998836e+04
7.541059999999999127e+04
7.848409999999997672e+04
4.640700000000000000e+04
3.066900000000000364e+04
2.983520000000000073e+04
4.181060000000001310e+04
4.339600000000000728e+04
7.039890000000000873e+04
9.762940000000005239e+04
1.456866000000000349e+05
1.670074000000000524e+05
9.852460000000003492e+04
4.533940000000000873e+04
3.934080000000001019e+04
3.328910000000000582e+04
4.124320000000001164e+04
5.693270000000001892e+04
7.902790000000003783e+04
1.295937999999999884e+05
1.494185000000000291e+05
1.282825000000000000e+05
6.718539999999999418e+04
4.015560000000000582e+04
3.746740000000000146e+04
3.330119999999998981e+04
4.655440000000000146e+04
6.211599999999998545e+04
8.560949999999997090e+04
1.176502000000000116e+05
1.033782999999999884e+05
7.493379999999998836e+04
4.793250000000000000e+04
3.992979999999997381e+04
4.190349999999999272e+04
3.791040000000000873e+04
5.887849999999998545e+04
6.480769999999998254e+04
9.259799999999992724e+04
1.000454000000000233e+05
7.993210000000002037e+04
6.450439999999999418e+04
4.379609999999998399e+04
4.245219999999998981e+04
3.246999999999998545e+04
3.860560000000000582e+04
4.748440000000000146e+04
5.564299999999998545e+04
7.580469999999998254e+04
7.435709999999997672e+04
7.420169999999999709e+04
6.018090000000000146e+04
4.224800000000000000e+04
3.992130000000000291e+04
3.176289999999999418e+04
4.616500000000000000e+04
5.167730000000001019e+04
6.994449999999998545e+04
8.510219999999996799e+04
6.764800000000001455e+04
6.511390000000000146e+04
4.386839999999999418e+04
4.301429999999999563e+04
3.881689999999997963e+04
4.307309999999999127e+04
6.520250000000000728e+04
7.837760000000000582e+04
1.205812000000000262e+05
1.254711999999999825e+05
8.583330000000001746e+04
4.668150000000000000e+04
3.697780000000000291e+04
3.559680000000000291e+04
3.280159999999999127e+04
4.886160000000000582e+04
5.729779999999998108e+04
8.274920000000001164e+04
1.010272000000000116e+05
1.017195000000000000e+05
8.763000000000005821e+04
6.266260000000000582e+04
4.872690000000000873e+04
3.919510000000002765e+04
3.988020000000000437e+04
5.361010000000002037e+04
6.288439999999998690e+04
9.216999999999998545e+04
1.069754000000000087e+05
8.015479999999997381e+04
5.685930000000001019e+04
3.689170000000000437e+04
3.574289999999997963e+04
2.860179999999999927e+04
2.304970000000000073e+04
2.385489999999999418e+04
2.517400000000000000e+04
4.319750000000000000e+04
7.148410000000000582e+04
6.300959999999999854e+04
4.038010000000001310e+04
2.911230000000001019e+04
2.905359999999999854e+04
3.490529999999999563e+04
3.646950000000001455e+04
5.218470000000000437e+04
6.053450000000003638e+04
6.835400000000002910e+04
5.579660000000000582e+04
5.385880000000001019e+04
4.568310000000000582e+04
5.056680000000000291e+04
3.943759999999999854e+04
4.218770000000001164e+04
5.007549999999999272e+04
5.138719999999998981e+04
7.206889999999997963e+04
5.571179999999998836e+04
6.180239999999996508e+04
5.433549999999999272e+04
4.193120000000000437e+04
4.203980000000001019e+04
3.156869999999999709e+04
4.365769999999996799e+04
4.719390000000000146e+04
5.449489999999997963e+04
6.752900000000000000e+04
5.330430000000001746e+04
6.230629999999998836e+04
5.133459999999999854e+04
5.062009999999999127e+04
4.744169999999999709e+04
4.347119999999999709e+04
6.243129999999997381e+04
7.063090000000002328e+04
1.095582999999999884e+05
1.172423000000000029e+05
8.729979999999997381e+04
5.178210000000001310e+04
4.112149999999999272e+04
3.859840000000000873e+04
3.382130000000001019e+04
4.852600000000001455e+04
5.905440000000000873e+04
8.589510000000002037e+04
1.143563000000000029e+05
1.015991000000000058e+05
6.682120000000001164e+04
4.160280000000000291e+04
4.508150000000000000e+04
3.651370000000001892e+04
3.815369999999999709e+04
5.212850000000000728e+04
6.381579999999999563e+04
9.669470000000004075e+04
1.010063999999999505e+05
7.587900000000000000e+04
4.630489999999998690e+04
3.462069999999999709e+04
3.965830000000001019e+04
3.235620000000000073e+04
4.090660000000000582e+04
5.087840000000001601e+04
6.592270000000001164e+04
9.468310000000000582e+04
7.582930000000000291e+04
5.962139999999998690e+04
4.439279999999998108e+04
4.484420000000000437e+04
4.411760000000000582e+04
3.582389999999998690e+04
4.906170000000001164e+04
5.475429999999999563e+04
7.492749999999995634e+04
8.085420000000001164e+04
5.932240000000000146e+04
4.413209999999996944e+04
3.566979999999999563e+04
4.248379999999999563e+04
3.606119999999997526e+04
3.414080000000000291e+04
4.180830000000001746e+04
3.927869999999997526e+04
5.568940000000000873e+04
4.580029999999999563e+04
4.560870000000000437e+04
5.376840000000000873e+04
4.078650000000000000e+04
3.362749999999999272e+04
2.534419999999999345e+04
2.018030000000000291e+04
2.139969999999999709e+04
2.791209999999999127e+04
4.770440000000001601e+04
6.373469999999998981e+04
5.057199999999999272e+04
3.412459999999999854e+04
2.548410000000000218e+04
3.152249999999999636e+04
3.767369999999998981e+04
4.505620000000001892e+04
6.806240000000000873e+04
8.252949999999997090e+04
9.590319999999999709e+04
7.674480000000001746e+04
4.162300000000000000e+04
3.377369999999998981e+04
3.786120000000000437e+04
3.252960000000000946e+04
4.924160000000002037e+04
5.900169999999998981e+04
7.840659999999999127e+04
1.013033999999999796e+05
8.252419999999999709e+04
5.558810000000000582e+04
3.686109999999999854e+04
4.287499999999998545e+04
3.694070000000000437e+04
3.532009999999999127e+04
4.748179999999999563e+04
5.803959999999998399e+04
7.866619999999999709e+04
8.069900000000004366e+04
5.840000000000000000e+04
3.748019999999998981e+04
3.367970000000001164e+04
3.826379999999999563e+04
2.999109999999998399e+04
3.775509999999999127e+04
4.568519999999999709e+04
5.414280000000002474e+04
7.205310000000002037e+04
5.811920000000000437e+04
4.823530000000000291e+04
3.853099999999999272e+04
4.098590000000001601e+04
4.292000000000000728e+04
3.291909999999999854e+04
4.608470000000001892e+04
5.083269999999999709e+04
6.764639999999999418e+04
6.802570000000001164e+04
4.905889999999998690e+04
4.359600000000000728e+04
3.682939999999998690e+04
4.817549999999997817e+04
3.883230000000000291e+04
3.825650000000001455e+04
4.870360000000003492e+04
4.840339999999999418e+04
6.639089999999997963e+04
5.405069999999998981e+04
5.001180000000001019e+04
4.885560000000001310e+04
4.325060000000000582e+04
4.551840000000000146e+04
3.387260000000001310e+04
4.945580000000000291e+04
5.550840000000000873e+04
7.400700000000000000e+04
9.870709999999997672e+04
8.714489999999999418e+04
6.098589999999998690e+04
4.129139999999998690e+04
4.077130000000000291e+04
3.103270000000000073e+04
3.949689999999999418e+04
5.098930000000001019e+04
6.795030000000001746e+04
9.062610000000006403e+04
1.015936000000000058e+05
8.640949999999998545e+04
5.371879999999999563e+04
4.588799999999997817e+04
3.777299999999999272e+04
3.224830000000000291e+04
4.632580000000000291e+04
5.292350000000002183e+04
7.033450000000002910e+04
8.833789999999997963e+04
7.936629999999997381e+04
6.078530000000000291e+04
4.328130000000000291e+04
3.703550000000000000e+04
2.832710000000000218e+04
2.167849999999999636e+04
2.178990000000000509e+04
2.154819999999999345e+04
2.655160000000001310e+04
4.261279999999998836e+04
6.092870000000000437e+04
5.399140000000001601e+04
3.267529999999999927e+04
2.944620000000000800e+04
3.378450000000000728e+04
3.293479999999999563e+04
4.223869999999999709e+04
5.414510000000001310e+04
6.755189999999999418e+04
5.873740000000000873e+04
4.175809999999999854e+04
3.211800000000000728e+04
3.910100000000000728e+04
4.038890000000000146e+04
3.192219999999999709e+04
4.499600000000000728e+04
4.938860000000000582e+04
6.580029999999998836e+04
6.717090000000000873e+04
4.732019999999998254e+04
3.578939999999999418e+04
3.272599999999999636e+04
3.922490000000000873e+04
3.163900000000001091e+04
3.446440000000000146e+04
4.382839999999999418e+04
4.983879999999998108e+04
6.682769999999999709e+04
5.853740000000000146e+04
4.342719999999999709e+04
3.496769999999998981e+04
3.537040000000001601e+04
4.135009999999999854e+04
3.249439999999999418e+04
4.509770000000002619e+04
5.521259999999999854e+04
7.321780000000000291e+04
9.288620000000001164e+04
7.935030000000000291e+04
5.595859999999998399e+04
4.395490000000000873e+04
4.654570000000000437e+04
3.227479999999999200e+04
3.779819999999999709e+04
4.811300000000000728e+04
6.111300000000000728e+04
7.817120000000001164e+04
7.720290000000002328e+04
6.336980000000001746e+04
4.147750000000000728e+04
4.080340000000000873e+04
3.748950000000000728e+04
2.909729999999999927e+04
3.792959999999999127e+04
4.672760000000001310e+04
6.064150000000002183e+04
7.478519999999999709e+04
6.058839999999997235e+04
3.884109999999999854e+04
3.085430000000000291e+04
3.789740000000000873e+04
3.408700000000000728e+04
3.556989999999998690e+04
4.903730000000003201e+04
5.579729999999999563e+04
7.710960000000002037e+04
7.561550000000001455e+04
5.498290000000000146e+04
3.747889999999999418e+04
3.448739999999999418e+04
4.290480000000001746e+04
3.295740000000000873e+04
3.843400000000000000e+04
4.853039999999997235e+04
5.404339999999997963e+04
6.557380000000000291e+04
5.107740000000001601e+04
4.292149999999998545e+04
4.056440000000000873e+04
4.527090000000000146e+04
4.386499999999999272e+04
3.116879999999999200e+04
3.967109999999999854e+04
3.512359999999999854e+04
4.171959999999998399e+04
4.039219999999999709e+04
3.383709999999999854e+04
4.503989999999999418e+04
4.186790000000000873e+04
3.165660000000000218e+04
2.526459999999999854e+04
2.082029999999999563e+04
2.042639999999999782e+04
2.570530000000000291e+04
3.873329999999999563e+04
5.417890000000000146e+04
5.002089999999997963e+04
3.377100000000000728e+04
2.468349999999999636e+04
2.750299999999998181e+04
3.599879999999998836e+04
3.623360000000000582e+04
5.206870000000001164e+04
6.828450000000000000e+04
8.294070000000001164e+04
8.677300000000000000e+04
6.002909999999999854e+04
4.593190000000000146e+04
4.588989999999998690e+04
3.233270000000000800e+04
3.593969999999998254e+04
4.741330000000000291e+04
5.647669999999999709e+04
7.359850000000002910e+04
7.648829999999998836e+04
6.366769999999998254e+04
4.811640000000003056e+04
5.022979999999997381e+04
3.891809999999999854e+04
3.003010000000000218e+04
3.963350000000000000e+04
4.596270000000000437e+04
5.786170000000000437e+04
6.767679999999998836e+04
6.363289999999997235e+04
4.451090000000000873e+04
3.588029999999999563e+04
4.070440000000000146e+04
3.190709999999998763e+04
3.115089999999999418e+04
4.381300000000000728e+04
5.060749999999999272e+04
6.425889999999997235e+04
6.403709999999997672e+04
4.688580000000000291e+04
3.246569999999999345e+04
3.497640000000000146e+04
3.700040000000000873e+04
2.894190000000000146e+04
3.841580000000000291e+04
4.961740000000000146e+04
6.000289999999999418e+04
7.313959999999997672e+04
6.852480000000000291e+04
4.830909999999998399e+04
3.349190000000000146e+04
3.585249999999999272e+04
3.460960000000001310e+04
2.766020000000000073e+04
3.738739999999998690e+04
4.367029999999999563e+04
5.711759999999999854e+04
6.226690000000000146e+04
4.549089999999997963e+04
3.197489999999999782e+04
2.955910000000000218e+04
3.679579999999998836e+04
3.025940000000000509e+04
3.254700000000000364e+04
4.293149999999998545e+04
5.325959999999999127e+04
6.878080000000001746e+04
6.679339999999999418e+04
5.045709999999999854e+04
3.566249999999999272e+04
3.834419999999998981e+04
3.528410000000001310e+04
2.682129999999999927e+04
3.511709999999997672e+04
4.318540000000001601e+04
5.228259999999999854e+04
5.914160000000002037e+04
5.178019999999999709e+04
3.866270000000000437e+04
3.547080000000000291e+04
3.822999999999999272e+04
2.790940000000000146e+04
2.880120000000001164e+04
3.510259999999999854e+04
3.929379999999999563e+04
5.063049999999999272e+04
5.145900000000002183e+04
4.714029999999998836e+04
3.803589999999999418e+04
3.204899999999999636e+04
2.857450000000000364e+04
2.178139999999999418e+04
1.958239999999999418e+04
1.949889999999999054e+04
2.101730000000000655e+04
2.768769999999999709e+04
4.022069999999999709e+04
4.791939999999999418e+04
3.962949999999999272e+04
2.610499999999999272e+04
2.986579999999999563e+04
3.362080000000001019e+04
3.622759999999999854e+04
4.543200000000000000e+04
5.292380000000000291e+04
5.283669999999999709e+04
4.258449999999997817e+04
3.090819999999999709e+04
2.946579999999999927e+04
3.396920000000000437e+04
2.675610000000000946e+04
3.119669999999998254e+04
3.895319999999998981e+04
4.286349999999999272e+04
5.415159999999999854e+04
4.576179999999999563e+04
3.065639999999999418e+04
2.538689999999998690e+04
2.948029999999999927e+04
2.936470000000001164e+04
2.608699999999999272e+04
3.345040000000000873e+04
3.737820000000000437e+04
4.967179999999998836e+04
5.495310000000000582e+04
4.543570000000001892e+04
3.819080000000000291e+04
2.996430000000001019e+04
3.298009999999999127e+04
2.987920000000000073e+04
2.662630000000000291e+04
3.109390000000001601e+04
3.638350000000000000e+04
4.404230000000000291e+04
4.777480000000000291e+04
4.821259999999998399e+04
4.902329999999998108e+04
4.731360000000000582e+04
3.201829999999999563e+04
2.659150000000000000e+04
2.932090000000000873e+04
3.388239999999998690e+04
4.490200000000002910e+04
4.598449999999997817e+04
5.437779999999998836e+04
5.403779999999998108e+04
4.876339999999999418e+04
4.138179999999999563e+04
2.682880000000001019e+04
2.714659999999999854e+04
3.156690000000000873e+04
3.980609999999999854e+04
5.007830000000000291e+04
5.359719999999996799e+04
4.960149999999997090e+04
3.697209999999999127e+04
3.524949999999999272e+04
3.969129999999999563e+04
3.123559999999999491e+04
3.393649999999997817e+04
4.217500000000000728e+04
4.824759999999999127e+04
5.381770000000001164e+04
4.678850000000000000e+04
3.755140000000000146e+04
3.539909999999997672e+04
3.677939999999999418e+04
3.052259999999999854e+04
3.017470000000000073e+04
3.597609999999999854e+04
4.026469999999999709e+04
4.778960000000002765e+04
4.724229999999998836e+04
3.956949999999997817e+04
3.232109999999999854e+04
3.234130000000000291e+04
3.080050000000000728e+04
2.442849999999999636e+04
2.889649999999999636e+04
3.319659999999999127e+04
3.635130000000001019e+04
4.456919999999998981e+04
4.314320000000000437e+04
3.759709999999999854e+04
3.228329999999999927e+04
3.206469999999999709e+04
3.094829999999999563e+04
2.290220000000000073e+04
2.481509999999999491e+04
2.381569999999999709e+04
2.446480000000001019e+04
2.585589999999999054e+04
3.373249999999999272e+04
4.637670000000002619e+04
3.674750000000000728e+04
3.186700000000001091e+04
3.224009999999998399e+04
2.706279999999999927e+04
3.072809999999999491e+04
3.726499999999999272e+04
4.488110000000002765e+04
5.192089999999997963e+04
5.170269999999998981e+04
4.684490000000000873e+04
4.187309999999998399e+04
3.021420000000000437e+04
2.631860000000000218e+04
2.987259999999999854e+04
3.390520000000000437e+04
4.366289999999999418e+04
4.785299999999998545e+04
5.272609999999999127e+04
4.925689999999997963e+04
4.501800000000000000e+04
4.295019999999998981e+04
2.885119999999999709e+04
2.973610000000000582e+04
3.660469999999998981e+04
4.635250000000000000e+04
5.644399999999997817e+04
5.800989999999998690e+04
5.358980000000001019e+04
4.261690000000001601e+04
4.129389999999998690e+04
3.444150000000000000e+04
2.589410000000000946e+04
3.172879999999999563e+04
3.701189999999999418e+04
4.712910000000000582e+04
5.268959999999999127e+04
4.804430000000000291e+04
3.820239999999999418e+04
3.372389999999999418e+04
3.788720000000000437e+04
2.909990000000000146e+04
2.930579999999999200e+04
3.924619999999999709e+04
4.419120000000001164e+04
5.886100000000002183e+04
5.851869999999998981e+04
4.221630000000001019e+04
2.937840000000000146e+04
3.012810000000000218e+04
3.763350000000000000e+04
3.039650000000000000e+04
3.852229999999999563e+04
4.629030000000001746e+04
5.205949999999999272e+04
6.235009999999998399e+04
4.802559999999999854e+04
3.437570000000000437e+04
2.864260000000000582e+04
3.847129999999999563e+04
3.810229999999998108e+04
2.997460000000000218e+04
3.684740000000000873e+04
4.369910000000000582e+04
5.469200000000001455e+04
5.513350000000001455e+04
4.928530000000002474e+04
4.348580000000001019e+04
4.935880000000001746e+04
4.467530000000001746e+04
2.946550000000001091e+04
3.411619999999999709e+04
3.490079999999999563e+04
4.568390000000001601e+04
4.825559999999999854e+04
4.306920000000000437e+04
4.403899999999999272e+04
4.874980000000000291e+04
5.144430000000001746e+04
3.284880000000000291e+04
3.047300000000000364e+04
3.566010000000000582e+04
4.182890000000000146e+04
4.947279999999998836e+04
5.099689999999999418e+04
5.672070000000001892e+04
5.578919999999999709e+04
5.301290000000000146e+04
4.034040000000000873e+04
2.424499999999999636e+04
2.293840000000000146e+04
2.297660000000000582e+04
2.185470000000000800e+04
2.347509999999999491e+04
3.074379999999999563e+04
4.798680000000001019e+04
4.727479999999999563e+04
3.326929999999998836e+04
3.728559999999999127e+04
3.568779999999998836e+04
3.062730000000001382e+04
3.635400000000000000e+04
3.823740000000000873e+04
3.719100000000000728e+04
3.237420000000001164e+04
2.810070000000000073e+04
3.050439999999999418e+04
3.299339999999999418e+04
2.699140000000000146e+04
3.127789999999998690e+04
3.811170000000001164e+04
3.805119999999998981e+04
4.588100000000000000e+04
4.485229999999998836e+04
3.625129999999999563e+04
3.311989999999999418e+04
3.744329999999998108e+04
3.375389999999999418e+04
2.729659999999998399e+04
3.439349999999999272e+04
3.645029999999999563e+04
4.420980000000001019e+04
5.086410000000000582e+04
4.327280000000001746e+04
3.762330000000000291e+04
3.508240000000001601e+04
3.428149999999999272e+04
2.602209999999999491e+04
2.349079999999998836e+04
2.759169999999999709e+04
3.168229999999999200e+04
3.935330000000000291e+04
4.248709999999999127e+04
4.547680000000000291e+04
5.023980000000001746e+04
4.711770000000001892e+04
3.309689999999998690e+04
2.458340000000000146e+04
2.892590000000001237e+04
2.813419999999999709e+04
3.332219999999998254e+04
3.799320000000000437e+04
4.034800000000000728e+04
4.544170000000000437e+04
4.601830000000001746e+04
3.743180000000001019e+04
2.480700000000001091e+04
2.306710000000000218e+04
2.532480000000000291e+04
2.802070000000000800e+04
3.587839999999999418e+04
4.085919999999998254e+04
4.740780000000001746e+04
4.976439999999998690e+04
4.216259999999999854e+04
2.977270000000001164e+04
2.157459999999999854e+04
2.250120000000000437e+04
2.497090000000001237e+04
2.994800000000000728e+04
3.907320000000001164e+04
4.469249999999999272e+04
4.433869999999998981e+04
4.000740000000000873e+04
3.135529999999998836e+04
2.336639999999999418e+04
2.043570000000000073e+04
2.297079999999999927e+04
2.374720000000000073e+04
2.858230000000001382e+04
3.688299999999998545e+04
3.722969999999999709e+04
3.616400000000000728e+04
3.255160000000000582e+04
2.580769999999999345e+04
2.079100000000000000e+04
2.051499999999999272e+04
2.189419999999999709e+04
2.287620000000000437e+04
2.964009999999999127e+04
3.452719999999998981e+04
3.446950000000001455e+04
3.402219999999998981e+04
2.723080000000001382e+04
2.183009999999999854e+04
2.101310000000000582e+04
1.942310000000000218e+04
1.944090000000000146e+04
2.117430000000000655e+04
2.385540000000000873e+04
2.958589999999998690e+04
3.338620000000001164e+04
3.170400000000000000e+04
2.864620000000000073e+04
2.438630000000000291e+04
2.120480000000000655e+04
2.179090000000000146e+04
2.669959999999999854e+04
3.381609999999999854e+04
4.100069999999998981e+04
4.871799999999999272e+04
5.030019999999998254e+04
3.916130000000000291e+04
2.706819999999999709e+04
2.157209999999999854e+04
2.078009999999999854e+04
2.185920000000000437e+04
2.716449999999999636e+04
3.921909999999998399e+04
4.917910000000000582e+04
5.392929999999999563e+04
4.731980000000000291e+04
3.159330000000000291e+04
2.214689999999999782e+04
2.017850000000000728e+04
1.949869999999999709e+04
2.040359999999999491e+04
2.587830000000001019e+04
3.340400000000000000e+04
4.026960000000000582e+04
4.705650000000001455e+04
4.051900000000000000e+04
2.612299999999999636e+04
2.206390000000000146e+04
2.238070000000000800e+04
1.998609999999999491e+04
2.018720000000001528e+04
2.384899999999998909e+04
2.725920000000001528e+04
3.159569999999999345e+04
3.676069999999999709e+04
3.409029999999998836e+04
2.372889999999999782e+04
2.188470000000000437e+04
2.313930000000000291e+04
2.109600000000000000e+04
2.195689999999999782e+04
2.384519999999999345e+04
2.423830000000000655e+04
2.723759999999999491e+04
3.490770000000001164e+04
3.256270000000001892e+04
2.379089999999999418e+04
2.333840000000001237e+04
2.302519999999999709e+04
2.190730000000000291e+04
2.514819999999999709e+04
2.573469999999999709e+04
2.436839999999999782e+04
2.967390000000000146e+04
3.759650000000000728e+04
3.094690000000000509e+04
2.260679999999999200e+04
2.403499999999999636e+04
2.503179999999999927e+04
2.674750000000001091e+04
3.162560000000000582e+04
3.301390000000000146e+04
3.450350000000001455e+04
3.678080000000001746e+04
3.335600000000001455e+04
2.416270000000000800e+04
2.270349999999998909e+04
2.549070000000000073e+04
2.616070000000000800e+04
3.302180000000001019e+04
3.936610000000000582e+04
3.850479999999999563e+04
3.653610000000001310e+04
3.314199999999999272e+04
2.610090000000001601e+04
2.096100000000000728e+04
2.168979999999999200e+04
2.231029999999999563e+04
2.554050000000001819e+04
3.511259999999999127e+04
3.839809999999999854e+04
3.633019999999998254e+04
3.174620000000001528e+04
2.393259999999999854e+04
2.285980000000002110e+04
2.283190000000000146e+04
2.038540000000000146e+04
2.213260000000000218e+04
2.343399999999999636e+04
2.375120000000000073e+04
2.536399999999999636e+04
2.333389999999999782e+04
2.014269999999999709e+04
1.925559999999999491e+04
1.935429999999999927e+04
1.926479999999999927e+04
1.878200000000000364e+04
2.037369999999999709e+04
2.107080000000000655e+04
1.993969999999999709e+04
2.051860000000000582e+04
2.387750000000000000e+04
2.359579999999998836e+04
2.018259999999999854e+04
1.896040000000000146e+04
1.952960000000000582e+04
1.997789999999999782e+04
2.166400000000000728e+04
2.315899999999999272e+04
2.393470000000001892e+04
2.714529999999999927e+04
3.018269999999998981e+04
2.689960000000000582e+04
2.122669999999998981e+04
1.957769999999999709e+04
2.062929999999999563e+04
2.106189999999999418e+04
2.190949999999999636e+04
2.300460000000000582e+04
2.538339999999999418e+04
2.978740000000000146e+04
3.305449999999999272e+04
2.977260000000000582e+04
2.281620000000000073e+04
2.290850000000000728e+04
2.785160000000000946e+04
2.952570000000000437e+04
3.507619999999999709e+04
4.762479999999999563e+04
5.276889999999998690e+04
4.305959999999996944e+04
2.847129999999999563e+04
2.061410000000000582e+04
1.988300000000000000e+04
2.132659999999999127e+04
2.275460000000000218e+04
2.711510000000000946e+04
3.724769999999999709e+04
4.712919999999998981e+04
4.530539999999999418e+04
3.297509999999999854e+04
2.223159999999999491e+04
1.955359999999999854e+04
1.995899999999999272e+04
2.053209999999999127e+04
2.181810000000000946e+04
2.631300000000000000e+04
3.316009999999999854e+04
3.711529999999998836e+04
3.425190000000000146e+04
2.573059999999999854e+04
1.996779999999999927e+04
2.006410000000000218e+04
2.025349999999999636e+04
1.959879999999999563e+04
2.094560000000000582e+04
2.305819999999999709e+04
2.456660000000000582e+04
2.552440000000000509e+04
2.553210000000000218e+04
2.236450000000000364e+04
1.905700000000000000e+04
1.923179999999999563e+04
2.019510000000000218e+04
2.054720000000000437e+04
2.114499999999999636e+04
2.145909999999999127e+04
2.173909999999999854e+04
2.231339999999999782e+04
2.201750000000000728e+04
2.025369999999998618e+04
1.844399999999999636e+04
1.891650000000000364e+04
1.972779999999999927e+04
2.010999999999998545e+04
2.199720000000000437e+04
2.375349999999999272e+04
2.346550000000000728e+04
2.183889999999999418e+04
1.967760000000000218e+04
1.923839999999999054e+04
2.058920000000000073e+04
2.009920000000000073e+04
2.117510000000000218e+04
2.473119999999998981e+04
2.497429999999998836e+04
2.211629999999999563e+04
1.929060000000000582e+04
1.899069999999999709e+04
2.034589999999999418e+04
2.026719999999999345e+04
1.973320000000000073e+04
2.207509999999999854e+04
2.461700000000000364e+04
2.476079999999998836e+04
2.597229999999999200e+04
2.872200000000001091e+04
2.817379999999999563e+04
2.375100000000000000e+04
1.987020000000000073e+04
1.989659999999999854e+04
2.121950000000000364e+04
2.225120000000000800e+04
2.469980000000000655e+04
2.838169999999999709e+04
3.085669999999998254e+04
2.900059999999999491e+04
2.404880000000000655e+04
1.982609999999999854e+04
1.857450000000000728e+04
1.975780000000000655e+04
2.138830000000000291e+04
2.258099999999999636e+04
2.576419999999999345e+04
3.030520000000000437e+04
3.268269999999999709e+04
3.026579999999999927e+04
2.423380000000000655e+04
1.985129999999999563e+04
1.957750000000000728e+04
2.124930000000001019e+04
2.216980000000000291e+04
2.265129999999999927e+04
2.573040000000000509e+04
3.121520000000000073e+04
3.438229999999998108e+04
3.173939999999999418e+04
2.546760000000000218e+04
2.025559999999999491e+04
1.977950000000000364e+04
2.177039999999999782e+04
2.220719999999998981e+04
2.120400000000000728e+04
2.340599999999998545e+04
2.817040000000000873e+04
3.043650000000000364e+04
2.717189999999999782e+04
2.197969999999998981e+04
1.929160000000000218e+04
1.998300000000000000e+04
2.173909999999999854e+04
2.192729999999998836e+04
2.215509999999999491e+04
2.583249999999999636e+04
3.196789999999999054e+04
3.323059999999999127e+04
2.747410000000000946e+04
2.121340000000000509e+04
2.069840000000000146e+04
2.338190000000000509e+04
2.449809999999999127e+04
2.726750000000000364e+04
3.798339999999996508e+04
4.916719999999998254e+04
4.888250000000001455e+04
3.509270000000000437e+04
2.315570000000000073e+04
2.066370000000000437e+04
2.199760000000000218e+04
2.185619999999999345e+04
2.328679999999999927e+04
2.904900000000000000e+04
3.642800000000000728e+04
3.898729999999999563e+04
3.401500000000000728e+04
2.549850000000000364e+04
2.021850000000000364e+04
2.113360000000000218e+04
2.411689999999999054e+04
2.570050000000001091e+04
2.976560000000000218e+04
3.735999999999999272e+04
3.920319999999997526e+04
3.212439999999999782e+04
2.364860000000000582e+04
1.910980000000001019e+04
