2.650716781616210938e+00,1.428960031632303526e+03
8.783533573150634766e+00,1.429360454505250345e+03
1.433829116821289062e+01,1.429216088363829840e+03
1.993462824821472168e+01,1.429233057495024241e+03
2.544512248039245605e+01,1.429096603081532066e+03
3.097363066673278809e+01,1.429068760510919901e+03
3.640677857398986816e+01,1.429151023791861462e+03
4.195997238159179688e+01,1.428859845841816195e+03
4.756825757026672363e+01,1.428921643526252410e+03
5.304834794998168945e+01,1.428730819214085841e+03
5.850176954269409180e+01,1.428714914213076327e+03
6.503014945983886719e+01,1.428774688460673133e+03
7.053870153427124023e+01,1.428484840793686089e+03
7.608693552017211914e+01,1.428546036053149464e+03
8.157181739807128906e+01,1.428381034335370714e+03
8.709059286117553711e+01,1.428406575589002159e+03
9.256675004959106445e+01,1.428583484373150895e+03
9.811113262176513672e+01,1.428255464712902494e+03
1.036993999481201172e+02,1.428374309059865254e+03
1.091979453563690186e+02,1.428266708526504544e+03
1.146614806652069092e+02,1.428668174396176937e+03
1.213381593227386475e+02,1.430781369894603131e+03
1.269644105434417725e+02,1.437682227933326203e+03
1.324199819564819336e+02,1.440034897621465916e+03
1.378907318115234375e+02,1.441154628946027287e+03
1.433697865009307861e+02,1.441718913086688417e+03
1.490001296997070312e+02,1.442567561719409468e+03
1.544848024845123291e+02,1.442713611670016007e+03
1.599579005241394043e+02,1.443049008348477173e+03
1.655834114551544189e+02,1.443255833824842966e+03
1.709993021488189697e+02,1.443438643710758470e+03
1.778782930374145508e+02,1.443775918879406618e+03
1.834510920047760010e+02,1.443648064445075988e+03
1.890063326358795166e+02,1.443809136982458085e+03
1.944870059490203857e+02,1.443918082769297598e+03
2.000146343708038330e+02,1.443953200724812177e+03
2.055244705677032471e+02,1.448376253460631915e+03
2.110027933120727539e+02,1.444157677762685580e+03
2.165272610187530518e+02,1.448373933284853820e+03
2.221407499313354492e+02,1.444384939593652689e+03
2.276182906627655029e+02,1.448659021888290908e+03
2.346772778034210205e+02,1.448839177359936002e+03
2.402315492630004883e+02,1.449249660594004354e+03
2.458335928916931152e+02,1.449079367776447953e+03
2.513145124912261963e+02,1.449360180006351811e+03
2.567669563293457031e+02,1.449072892001180662e+03
2.623089175224304199e+02,1.449412682393705609e+03
2.678692789077758789e+02,1.449325205080148180e+03
2.734206910133361816e+02,1.449997481781305851e+03
2.788995079994201660e+02,1.449854668835240091e+03
2.844472839832305908e+02,1.449973203969436781e+03
2.916498138904571533e+02,1.450342000279190415e+03
2.972264201641082764e+02,1.450551678527584045e+03
3.033136692047119141e+02,1.450557474671192949e+03
3.089029848575592041e+02,1.450929578212872002e+03
3.143528022766113281e+02,1.450985324426407715e+03
3.197672843933105469e+02,1.451129479476644519e+03
3.254011003971099854e+02,1.451589300288580716e+03
3.308407633304595947e+02,1.451587617287196508e+03
3.363954946994781494e+02,1.451792530292189895e+03
3.419872884750366211e+02,1.451618728371440966e+03
3.494516565799713135e+02,1.451828464085861469e+03
3.549282898902893066e+02,1.452162129423970555e+03
3.604534614086151123e+02,1.451808777951585853e+03
3.660718071460723877e+02,1.452156778679021727e+03
3.714571435451507568e+02,1.452229761734291287e+03
3.771471185684204102e+02,1.452068817628538909e+03
3.825305361747741699e+02,1.452286347351151335e+03
3.880664389133453369e+02,1.452027403318095821e+03
3.935677366256713867e+02,1.452221786691202851e+03
3.992501692771911621e+02,1.452443593367017229e+03
4.070617203712463379e+02,1.452373648840625719e+03
4.124437675476074219e+02,1.452666773152087899e+03
4.181801605224609375e+02,1.452659931243545088e+03
4.237161226272583008e+02,1.452449814544682113e+03
4.291428034305572510e+02,1.452781730250341980e+03
4.346118109226226807e+02,1.452546237993298973e+03
4.402158205509185791e+02,1.452926201393992869e+03
4.456313467025756836e+02,1.452819131752191197e+03
4.511525506973266602e+02,1.452737069336584682e+03
4.566573629379272461e+02,1.452936217869696065e+03
4.646072871685028076e+02,1.452941802993181909e+03
4.700240356922149658e+02,1.452776793567481036e+03
4.756124138832092285e+02,1.453069170877466149e+03
4.810401906967163086e+02,1.452756811210877004e+03
4.866772642135620117e+02,1.452993578942282738e+03
4.920962738990783691e+02,1.452854193821139461e+03
4.977273874282836914e+02,1.452785518061694574e+03
5.031747441291809082e+02,1.453011699328105124e+03
5.087824029922485352e+02,1.452835468403122377e+03
5.142512447834014893e+02,1.452997375368350276e+03
5.223977537155151367e+02,1.452961266215740807e+03
5.279928028583526611e+02,1.452663565488046288e+03
5.334725465774536133e+02,1.452853206126183977e+03
5.389648299217224121e+02,1.452624271336565243e+03
5.444844012260437012e+02,1.452695068170884724e+03
5.500448534488677979e+02,1.452702042454073990e+03
5.554926030635833740e+02,1.452492287120947140e+03
5.610269069671630859e+02,1.452375644285201815e+03
5.666171505451202393e+02,1.452143202563250725e+03
5.721482937335968018e+02,1.452220738552875900e+03
5.807562193870544434e+02,1.452014386081658358e+03
5.861482911109924316e+02,1.451945912755911650e+03
5.917404470443725586e+02,1.452167490497858807e+03
5.973148200511932373e+02,1.452016640518371560e+03
6.036417913436889648e+02,1.451847881950987585e+03
6.090931768417358398e+02,1.451583964804117841e+03
6.147171459197998047e+02,1.451668722816569016e+03
6.202325661182403564e+02,1.451470716440974456e+03
6.256739323139190674e+02,1.451592137301863204e+03
6.312710204124450684e+02,1.451614954567462519e+03
6.402059531211853027e+02,1.451442854474994647e+03
6.456746714115142822e+02,1.451223480719851977e+03
6.512052552700042725e+02,1.451271875705062030e+03
6.567205743789672852e+02,1.451097243308911402e+03
6.622654211521148682e+02,1.451464543966690371e+03
6.677982938289642334e+02,1.451327544151482698e+03
6.731992945671081543e+02,1.451264197581651160e+03
6.786761291027069092e+02,1.451169836312137932e+03
6.843542242050170898e+02,1.451107544362433600e+03
6.898807802200317383e+02,1.451030554576660279e+03
6.991766605377197266e+02,1.451159157513578293e+03
7.046782917976379395e+02,1.451360299544594682e+03
7.101148347854614258e+02,1.451383219638916216e+03
7.157358329296112061e+02,1.451392420635737608e+03
7.211974444389343262e+02,1.451229620405389824e+03
7.267227952480316162e+02,1.451358800506401394e+03
7.322325174808502197e+02,1.451313793495054824e+03
7.376922845840454102e+02,1.451486948309716581e+03
7.432254598140716553e+02,1.451382582325351905e+03
7.487813880443572998e+02,1.451192181499831804e+03
7.583525631427764893e+02,1.451325281826197852e+03
7.638155498504638672e+02,1.451414202069144494e+03
7.694544248580932617e+02,1.460458743062323947e+03
7.748560950756072998e+02,1.482109383773125728e+03
7.805297374725341797e+02,1.528245487432084474e+03
7.859469535350799561e+02,1.546981219465410959e+03
7.915669436454772949e+02,1.555184340859826307e+03
7.969523277282714844e+02,1.559474987868906283e+03
8.026128144264221191e+02,1.567678998104966013e+03
8.080955653190612793e+02,1.570803469306209081e+03
8.178203482627868652e+02,1.579320535315067445e+03
8.233596870899200439e+02,1.580868292909016191e+03
8.289464869499206543e+02,1.582775721919905664e+03
8.343228094577789307e+02,1.583854105333193957e+03
8.399418189525604248e+02,1.585238824586239389e+03
8.453650028705596924e+02,1.592063890935010022e+03
8.509708912372589111e+02,1.593041382809895367e+03
8.565045077800750732e+02,1.594176070947317385e+03
8.621013705730438232e+02,1.595000406185132078e+03
8.675463333129882812e+02,1.596076544080267695e+03
8.775772840976715088e+02,1.597804184776495731e+03
8.830994071960449219e+02,1.605019934244261322e+03
8.885672769546508789e+02,1.606275598890182891e+03
8.941574127674102783e+02,1.607274446796373923e+03
8.995983655452728271e+02,1.608346257539928502e+03
9.061139423847198486e+02,1.609764448800962100e+03
9.117617850303649902e+02,1.610375011939268461e+03
9.172218086719512939e+02,1.611504022204546800e+03
9.227796344757080078e+02,1.612207821873630110e+03
9.282707762718200684e+02,1.620063447739440790e+03
9.387255313396453857e+02,1.621739843528196616e+03
9.442475945949554443e+02,1.622896895459389270e+03
9.496863629817962646e+02,1.623126498584697401e+03
9.551960039138793945e+02,1.624111664989557539e+03
9.608413262367248535e+02,1.624586267179928882e+03
9.663083043098449707e+02,1.625411021850276029e+03
9.718268280029296875e+02,1.626211838817475609e+03
9.773738455772399902e+02,1.626203253430226368e+03
9.829212474822998047e+02,1.627084398444120552e+03
9.884112894535064697e+02,1.627393105002610810e+03
9.991064848899841309e+02,1.636245176581546048e+03
1.004682794332504272e+03,1.636349602886196408e+03
1.010281818628311157e+03,1.637433372301553163e+03
1.015804335832595825e+03,1.637593097097261989e+03
1.021337253570556641e+03,1.638109307776418518e+03
1.026759902477264404e+03,1.639017059400571270e+03
1.032373347282409668e+03,1.639156992455627233e+03
1.037846062898635864e+03,1.639953691892275856e+03
1.043327284574508667e+03,1.639950991572766270e+03
1.048796467781066895e+03,1.640507591385675369e+03
1.059974578619003296e+03,1.641426045586114697e+03
1.065359648704528809e+03,1.642099803802993620e+03
1.070905376672744751e+03,1.641809703305172434e+03
1.076511349201202393e+03,1.642549680722514950e+03
1.082028292417526245e+03,1.642642140401150300e+03
1.087540054082870483e+03,1.643069544906248893e+03
1.093022845983505249e+03,1.651157319782075092e+03
1.098591578483581543e+03,1.651027622469739526e+03
1.104020283699035645e+03,1.651875670082977877e+03
1.109661224365234375e+03,1.651922998884856042e+03
1.121299881696701050e+03,1.653492151143984984e+03
1.126836683273315430e+03,1.653098426803468556e+03
1.132359621047973633e+03,1.653777628336242969e+03
1.137839095115661621e+03,1.653875950939601353e+03
1.143499498605728149e+03,1.654133186744405293e+03
1.148866234302520752e+03,1.655051730903389398e+03
1.154497302293777466e+03,1.654749795242648133e+03
1.159913677692413330e+03,1.655568213765960991e+03
1.165462314605712891e+03,1.655521871572259215e+03
1.171067069292068481e+03,1.655714428938581705e+03
1.183099299907684326e+03,1.656467290168288855e+03
1.188730276584625244e+03,1.656929988059298239e+03
1.194161842346191406e+03,1.657074761956202337e+03
1.199791758775711060e+03,1.657177152864567006e+03
1.206597288131713867e+03,1.658038610397610682e+03
1.212025882482528687e+03,1.664210680614391777e+03
1.217561150074005127e+03,1.664545987080268787e+03
1.223111807584762573e+03,1.664501839057289999e+03
1.228491827249526978e+03,1.664455051188526340e+03
1.234200545549392700e+03,1.664393974255655849e+03
1.246651771306991577e+03,1.664820724179493936e+03
1.252168013811111450e+03,1.664594491605948178e+03
1.257701736927032471e+03,1.664533327207534512e+03
1.263253677368164062e+03,1.664572974489394710e+03
1.268756969451904297e+03,1.664532685193447833e+03
1.274299318313598633e+03,1.664648316335645632e+03
1.279727357625961304e+03,1.664706913254056644e+03
1.285249320268630981e+03,1.664772208868505004e+03
1.290842581748962402e+03,1.664805721684455648e+03
1.296396585226058960e+03,1.664801779555475605e+03
1.309537283420562744e+03,1.665368711831902829e+03
1.314973944902420044e+03,1.665243166553050514e+03
1.320619563102722168e+03,1.665105169444544345e+03
1.326140651702880859e+03,1.665110739923836263e+03
1.331701808214187622e+03,1.665177940880655797e+03
1.337136716842651367e+03,1.665209230491164590e+03
1.342684995174407959e+03,1.665343547106192318e+03
1.348242152452468872e+03,1.665298090484111299e+03
1.353767258644104004e+03,1.665238564920183535e+03
1.359233413457870483e+03,1.665302355653855784e+03
1.372711265563964844e+03,1.666058771663133257e+03
1.378262946128845215e+03,1.665801282221130805e+03
1.383786488771438599e+03,1.665933181013607737e+03
1.389441493272781372e+03,1.665905183463273715e+03
1.394918719291687012e+03,1.665821561303872613e+03
1.400444875240325928e+03,1.665969706691984356e+03
1.405919956445693970e+03,1.665970991254454475e+03
1.411507301568984985e+03,1.665965654481129832e+03
1.417032622814178467e+03,1.666014049892590947e+03
1.422488294124603271e+03,1.666008639744289894e+03
1.436712793350219727e+03,1.666602770622470189e+03
1.442263585805892944e+03,1.666338329243238377e+03
1.447693198680877686e+03,1.666356629246315606e+03
1.453313924551010132e+03,1.666339591964409465e+03
1.458707965135574341e+03,1.666505061390015953e+03
1.464337078094482422e+03,1.666557874754490740e+03
1.469744797945022583e+03,1.666475448404896042e+03
1.475281844139099121e+03,1.666605388583963759e+03
1.480761613130569458e+03,1.666594395934382419e+03
1.486304692029953003e+03,1.666593012780127992e+03
1.500995656013488770e+03,1.667187288840695828e+03
1.508093142747879028e+03,1.667102459725364724e+03
1.513711639642715454e+03,1.667064000239589404e+03
1.519211923360824585e+03,1.666743216231057659e+03
1.524685783147811890e+03,1.667462495883516567e+03
1.530186581373214722e+03,1.668165602945546198e+03
1.535775959014892578e+03,1.668217193513057055e+03
1.541216791868209839e+03,1.668211304432991938e+03
1.546844091176986694e+03,1.668924508101433275e+03
1.552310194015502930e+03,1.668971014238731414e+03
1.567535968303680420e+03,1.669890838161773672e+03
1.573100319385528564e+03,1.669739901763901571e+03
1.578518293619155884e+03,1.669691897254639343e+03
1.584115157604217529e+03,1.670389792858425608e+03
1.589555853605270386e+03,1.670244655961656463e+03
1.595161826610565186e+03,1.670676632734812301e+03
1.600606896400451660e+03,1.670601644069702616e+03
1.606266637325286865e+03,1.670705757265818193e+03
1.611672056674957275e+03,1.671254243190064244e+03
1.617163840770721436e+03,1.671200836115144284e+03
1.632801731348037720e+03,1.672168816225879027e+03
1.638328278541564941e+03,1.671761910697362964e+03
1.643716428041458130e+03,1.671909036621730593e+03
1.649370209693908691e+03,1.677648536087831644e+03
1.654812542676925659e+03,1.672232597077546188e+03
1.660341293811798096e+03,1.678121632461350600e+03
1.665816066980361938e+03,1.677909551489145088e+03
1.671307317018508911e+03,1.678113292810153780e+03
1.676880051136016846e+03,1.678137240963553040e+03
1.682391785383224487e+03,1.678254896334174191e+03
1.698489780187606812e+03,1.679327206464723076e+03
1.704117283821105957e+03,1.679100973676704371e+03
1.709502783536911011e+03,1.678935451258010971e+03
1.715105519056320190e+03,1.679595416164429707e+03
1.720708297967910767e+03,1.679322300549008105e+03
1.726230360269546509e+03,1.679744864590486486e+03
1.731646914005279541e+03,1.679563164077195552e+03
1.737211396455764771e+03,1.679656431198126711e+03
1.742729776382446289e+03,1.679930980974469776e+03
1.748286900758743286e+03,1.679705881331824685e+03
1.764901471138000488e+03,1.680466345746638581e+03
1.770381732225418091e+03,1.680288912271351819e+03
1.775920600175857544e+03,1.680031687003804791e+03
1.781461544990539551e+03,1.680759885195814377e+03
1.786989295005798340e+03,1.680283505139891076e+03
1.792430113792419434e+03,1.680429464585810138e+03
1.798017835855484009e+03,1.680241359505500668e+03
1.805458291292190552e+03,1.680497398347009948e+03
1.810963305950164795e+03,1.672065412614871775e+03
1.816481029748916626e+03,1.672179559933900919e+03
1.833858294486999512e+03,1.669974378990430750e+03
1.839440145730972290e+03,1.684344254339539248e+03
1.844850940942764282e+03,1.658023096730481939e+03
1.850436689615249634e+03,1.724561366566673541e+03
1.855891275167465210e+03,1.738918463407320132e+03
1.861442458152770996e+03,1.671629597178316089e+03
1.866996294736862183e+03,1.673020535618976055e+03
1.872526318311691284e+03,1.657819443515600597e+03
1.878053194999694824e+03,1.668786881578990688e+03
1.883568296432495117e+03,1.658744341055792802e+03
1.901155908823013306e+03,1.653461851388522973e+03
1.906699292898178101e+03,1.654451412045764982e+03
1.912182535648345947e+03,1.654132185063161160e+03
1.917766959667205811e+03,1.642848463479325346e+03
1.923098405122756958e+03,1.643151711692981280e+03
1.928750219583511353e+03,1.649772372319034275e+03
1.934307028055191040e+03,1.650224443857335700e+03
1.939789475440979004e+03,1.649986353563538842e+03
1.945345115184783936e+03,1.649634642081911579e+03
1.950716415166854858e+03,1.649413362272319546e+03
1.968876074314117432e+03,1.654134503987149856e+03
1.974445347547531128e+03,1.656070275378831639e+03
1.979974878549575806e+03,1.654409475237649758e+03
1.985401369571685791e+03,1.658222573549440995e+03
1.990867329597473145e+03,1.657704272577208940e+03
1.996552790880203247e+03,1.658319964148552117e+03
2.002011981725692749e+03,1.662615594694833590e+03
2.007550405740737915e+03,1.661331294471541696e+03
2.013086948871612549e+03,1.665471932188442224e+03
2.018493808984756470e+03,1.665057007493252058e+03
2.037329820871353149e+03,1.674070389252549376e+03
2.042891705751419067e+03,1.677841303569761749e+03
2.048449782848358154e+03,1.680702258521745080e+03
2.053909135103225708e+03,1.680676753803126530e+03
2.059348194122314453e+03,1.680642635364025409e+03
2.064976204633712769e+03,1.680755525188824549e+03
2.070495759725570679e+03,1.680500266926070935e+03
2.075891779422760010e+03,1.680309125038618731e+03
2.081536545515060425e+03,1.680144762283523505e+03
2.086972845077514648e+03,1.678960424957645955e+03
2.108498291730880737e+03,1.680151781560846530e+03
2.114027231454849243e+03,1.679426605438101660e+03
2.119541810035705566e+03,1.679922236200729003e+03
2.125071436643600464e+03,1.679841920826437217e+03
2.130627037525177002e+03,1.679909725697430986e+03
2.136163037300109863e+03,1.680359091986360227e+03
2.141695267200469971e+03,1.680558358146050750e+03
2.147210287809371948e+03,1.680825655340764115e+03
2.152658908128738403e+03,1.680690738894833203e+03
2.158169270515441895e+03,1.680823958754521527e+03
2.178171292781829834e+03,1.681819135373795007e+03
2.183686747074127197e+03,1.681642062903911892e+03
2.189163817644119263e+03,1.681263095494111212e+03
2.194799715757369995e+03,1.680904816596853379e+03
2.200290940999984741e+03,1.681053178441029786e+03
2.205717306613922119e+03,1.680826509145304499e+03
2.211223696947097778e+03,1.681474160101799725e+03
2.216833318710327148e+03,1.681046737551591605e+03
2.222357912778854370e+03,1.681623256562329516e+03
2.227903367280960083e+03,1.681834659689074670e+03
2.248940602302551270e+03,1.682165102222785890e+03
2.254311706542968750e+03,1.682051596758580672e+03
2.259821436405181885e+03,1.682566179024415078e+03
2.265411817073822021e+03,1.682631494454781205e+03
2.270925940036773682e+03,1.682897994795210479e+03
2.276449289560317993e+03,1.682778796443441024e+03
2.281993248224258423e+03,1.682753294265177601e+03
2.287481707572937012e+03,1.682797134827912714e+03
2.293037176132202148e+03,1.682724563566688403e+03
2.298435253143310547e+03,1.682079163701004290e+03
2.319978965997695923e+03,1.681782590260581401e+03
2.325498873710632324e+03,1.681447556948820647e+03
2.331021267652511597e+03,1.681290371925330874e+03
2.336562136173248291e+03,1.681701734928488804e+03
2.342066013336181641e+03,1.682014734079216623e+03
2.347568367958068848e+03,1.681521262612985311e+03
2.353103644847869873e+03,1.682005292385505527e+03
2.358582304477691650e+03,1.682243415980654163e+03
2.364110508203506470e+03,1.682059051444849501e+03
2.369690294504165649e+03,1.682293673963979018e+03
2.391878341913223267e+03,1.683166898157289097e+03
2.397353755235671997e+03,1.682958005310357066e+03
2.405546377658843994e+03,1.683241752886565337e+03
2.411106903553009033e+03,1.683080462187816465e+03
2.416610569000244141e+03,1.683190198018294495e+03
2.422131480216979980e+03,1.682863760438624467e+03
2.427681818008422852e+03,1.683446761885554224e+03
2.433192248821258545e+03,1.683109871263688319e+03
2.438691782712936401e+03,1.682960082713881548e+03
2.444216930866241455e+03,1.683060366881984919e+03
2.467386751651763916e+03,1.683486930244385348e+03
2.472897255897521973e+03,1.683303173790134906e+03
2.478364907026290894e+03,1.682991216593278750e+03
