1.586036682128906250e+00,7.402361195816969257e+02
3.762262344360351562e+00,7.400401577559014186e+02
5.300241947174072266e+00,7.401995389525662858e+02
6.984299182891845703e+00,7.402441134910860683e+02
8.816075801849365234e+00,7.405457160695260654e+02
1.048957920074462891e+01,7.406321491543292268e+02
1.217794227600097656e+01,7.406330970876369975e+02
1.365834903717041016e+01,7.404479077149139812e+02
1.539141249656677246e+01,7.403911808310695051e+02
1.705591821670532227e+01,7.401135148532421226e+02
1.876805067062377930e+01,7.401653243984909523e+02
2.047826409339904785e+01,7.402283563426939281e+02
2.215786552429199219e+01,7.403047328922182260e+02
2.387579894065856934e+01,7.398014067692166691e+02
2.556019783020019531e+01,7.398784014034549728e+02
2.720136690139770508e+01,7.396539754120030921e+02
2.861161899566650391e+01,7.399789333440444352e+02
3.035606718063354492e+01,7.402853705070525621e+02
3.202760338783264160e+01,7.401810603255513570e+02
3.367767906188964844e+01,7.398719798218338610e+02
3.536379885673522949e+01,7.398425520857704214e+02
3.698816943168640137e+01,7.398324916537455920e+02
3.864025878906250000e+01,7.401302412838800819e+02
4.035538029670715332e+01,7.401532345034091804e+02
4.187090110778808594e+01,7.397397872568280945e+02
4.357096505165100098e+01,7.397753731632761856e+02
4.506034588813781738e+01,7.395269960321514873e+02
4.655658626556396484e+01,7.400707512714539007e+02
4.810504865646362305e+01,7.402611709249822525e+02
4.980252861976623535e+01,7.402579503986409009e+02
5.143507933616638184e+01,7.398836969894706499e+02
5.289177894592285156e+01,7.396500394805286760e+02
5.463198876380920410e+01,7.393832504021543173e+02
5.633198690414428711e+01,7.397250573159011537e+02
5.781317043304443359e+01,7.400566750925858059e+02
5.954214668273925781e+01,7.400900684552195798e+02
6.125769639015197754e+01,7.397353235282485002e+02
6.278602814674377441e+01,7.397664001503804911e+02
6.449212551116943359e+01,7.396671851954095018e+02
6.618199801445007324e+01,7.399195417769017240e+02
6.788466143608093262e+01,7.400404320831769382e+02
6.954270863533020020e+01,7.399299662364473988e+02
7.124809551239013672e+01,7.396603142815058618e+02
7.294848155975341797e+01,7.395512384471472842e+02
7.446490216255187988e+01,7.396352129501489117e+02
7.616804838180541992e+01,7.400191413783704775e+02
7.769141101837158203e+01,7.400116258877789051e+02
7.940318036079406738e+01,7.398415893852860563e+02
8.103888130187988281e+01,7.395853477522806543e+02
8.306981039047241211e+01,7.396412053416241861e+02
8.458940577507019043e+01,7.398696544410520346e+02
8.635182285308837891e+01,7.400167685816073799e+02
8.798352026939392090e+01,7.399988597817196023e+02
8.947589969635009766e+01,7.398693369988045561e+02
9.118981647491455078e+01,7.396683966899898905e+02
9.272420167922973633e+01,7.396736032194428390e+02
9.446331763267517090e+01,7.400500564381002278e+02
9.670276451110839844e+01,7.399223194194300959e+02
9.846447253227233887e+01,7.398980497313864362e+02
1.001981692314147949e+02,7.399898357195240806e+02
1.018914380073547363e+02,7.397908434484792224e+02
1.033597352504730225e+02,7.399637770440613167e+02
1.051419336795806885e+02,7.400592826380377574e+02
1.068242111206054688e+02,7.398916585812374933e+02
1.082997829914093018e+02,7.398584139905329948e+02
1.098322408199310303e+02,7.398490495778729610e+02
1.114540510177612305e+02,7.399280576977290593e+02
1.131700499057769775e+02,7.399776579590898109e+02
1.149141008853912354e+02,7.399122264714277435e+02
1.166230406761169434e+02,7.397743828659708925e+02
1.184724061489105225e+02,7.401028992856332707e+02
1.202253794670104980e+02,7.397204223626756630e+02
1.217462241649627686e+02,7.398571955612158035e+02
1.234776406288146973e+02,7.399151881639571684e+02
1.253176486492156982e+02,7.398588793631515728e+02
1.273941843509674072e+02,7.399859020167988319e+02
1.289443428516387939e+02,7.398463929077761350e+02
1.304679260253906250e+02,7.398889369287785485e+02
1.320177474021911621e+02,7.400128846202825343e+02
1.337516345977783203e+02,7.397634049590991481e+02
1.355166909694671631e+02,7.397610545697217503e+02
1.372524068355560303e+02,7.398233159289534342e+02
1.388054232597351074e+02,7.395903522028023644e+02
1.406116883754730225e+02,7.399975381931948277e+02
1.421856818199157715e+02,7.398839829226143365e+02
1.437880651950836182e+02,7.397390521387026183e+02
1.453847808837890625e+02,7.397766330037794660e+02
1.471448373794555664e+02,7.400036825928892767e+02
1.489392311573028564e+02,7.398692254437879683e+02
1.506402375698089600e+02,7.399149617480869665e+02
1.524254143238067627e+02,7.397292116941973745e+02
1.542346632480621338e+02,7.397429319262487297e+02
1.560122425556182861e+02,7.398646469832182220e+02
1.579212920665740967e+02,7.395639177701848439e+02
1.597204432487487793e+02,7.399502913023865176e+02
1.615096793174743652e+02,7.398515645528672167e+02
1.633169314861297607e+02,7.397259777637283378e+02
1.649119439125061035e+02,7.398479626697555886e+02
1.667037079334259033e+02,7.396588072667734650e+02
1.683143296241760254e+02,7.399000372406311499e+02
1.701023139953613281e+02,7.398978002512243393e+02
1.716680271625518799e+02,7.397717965511981220e+02
1.732675356864929199e+02,7.398094285803789489e+02
1.751125810146331787e+02,7.399555467450270498e+02
1.766894891262054443e+02,7.397361781387380688e+02
1.785018494129180908e+02,7.398930625814595032e+02
1.803329806327819824e+02,7.398585845324149659e+02
1.819200184345245361e+02,7.396984246575451607e+02
1.835440042018890381e+02,7.399234122417359458e+02
1.851309690475463867e+02,7.397311511448057217e+02
1.869081833362579346e+02,7.398278827225055920e+02
1.887576875686645508e+02,7.397882489096593872e+02
1.905780158042907715e+02,7.398313550446044928e+02
1.923820564746856689e+02,7.398384047518620719e+02
1.942117326259613037e+02,7.399911469155332497e+02
1.959851629734039307e+02,7.398588802281434482e+02
1.976216697692871094e+02,7.398684876396476966e+02
1.994417071342468262e+02,7.397649381704864027e+02
2.013043620586395264e+02,7.397616890976108834e+02
2.030611884593963623e+02,7.400290384561685642e+02
2.049024486541748047e+02,7.398424553108019381e+02
2.066990723609924316e+02,7.399681195398637783e+02
2.082869076728820801e+02,7.397909451832769037e+02
2.101758356094360352e+02,7.395237514298675023e+02
2.118152770996093750e+02,7.398822322910966705e+02
2.136638731956481934e+02,7.396990779542503560e+02
2.155414686203002930e+02,7.398678013104171214e+02
2.171946735382080078e+02,7.397700906295613095e+02
2.188666288852691650e+02,7.396468900604937744e+02
2.205314757823944092e+02,7.398401425458149561e+02
2.223921570777893066e+02,7.398471609989423996e+02
2.242158586978912354e+02,7.397996346853433351e+02
2.260657312870025635e+02,7.398688247836001892e+02
2.279018096923828125e+02,7.397998361318292382e+02
2.295856664180755615e+02,7.397879245423720249e+02
2.312681899070739746e+02,7.399902664994536963e+02
2.329482753276824951e+02,7.397603552019772906e+02
2.346275005340576172e+02,7.397855117716335371e+02
2.365081622600555420e+02,7.396904576583769995e+02
2.383744676113128662e+02,7.396783567074016901e+02
2.402635898590087891e+02,7.399667621564973388e+02
2.421839153766632080e+02,7.397479920478143640e+02
2.438818192481994629e+02,7.399651211191154516e+02
2.455703895092010498e+02,7.396909363670065432e+02
2.475003645420074463e+02,7.396742513305832745e+02
2.494273049831390381e+02,7.399965343770255686e+02
2.510981910228729248e+02,7.397066386074028514e+02
2.529905984401702881e+02,7.398507757644597405e+02
2.548418197631835938e+02,7.396741197376300079e+02
2.567336535453796387e+02,7.395965731910645218e+02
2.586682991981506348e+02,7.399449109903245017e+02
2.605499062538146973e+02,7.397314976049700590e+02
2.622411680221557617e+02,7.399527776359918789e+02
2.641759867668151855e+02,7.397738394640996376e+02
2.661050291061401367e+02,7.396374461857603819e+02
2.678946809768676758e+02,7.399458258712807037e+02
2.697858400344848633e+02,7.397538181988091992e+02
2.717278814315795898e+02,7.399254902629020307e+02
2.736259212493896484e+02,7.397627095212891390e+02
2.755432283878326416e+02,7.396428792885601524e+02
2.774699172973632812e+02,7.398867237462085313e+02
2.793920271396636963e+02,7.397573745040114090e+02
2.811201112270355225e+02,7.399504859907784748e+02
2.828533020019531250e+02,7.396958635048086990e+02
2.845901350975036621e+02,7.396462352121463937e+02
2.863392896652221680e+02,7.399478134149767357e+02
2.880202205181121826e+02,7.396699269768498652e+02
2.899637498855590820e+02,7.398549174547116536e+02
2.919001491069793701e+02,7.397226649545415285e+02
2.936122527122497559e+02,7.396332787295151547e+02
2.955623161792755127e+02,7.398900944006968530e+02
2.973158078193664551e+02,7.398838014487535020e+02
2.992282519340515137e+02,7.398045822448727904e+02
3.011322512626647949e+02,7.397245178954339053e+02
3.040495371818542480e+02,7.403049212090627407e+02
3.060019998550415039e+02,7.402722744040845555e+02
3.077680797576904297e+02,7.398132044477108593e+02
3.097720198631286621e+02,7.399233727168697214e+02
3.117328832149505615e+02,7.397237438902723170e+02
3.134632968902587891e+02,7.397839029074322070e+02
3.154208247661590576e+02,7.401449253486883890e+02
3.173720376491546631e+02,7.397911311760819899e+02
3.192904107570648193e+02,7.397895500702508116e+02
3.212634863853454590e+02,7.397502241221920940e+02
3.232438595294952393e+02,7.398411170991985273e+02
3.252279903888702393e+02,7.399541378160479326e+02
3.269734692573547363e+02,7.398171548714021810e+02
3.287259907722473145e+02,7.398589245408819579e+02
3.304956581592559814e+02,7.391829522691684815e+02
3.322949337959289551e+02,7.396400259364404519e+02
3.342820413112640381e+02,7.394475887102778415e+02
3.362705852985382080e+02,7.395032877643313896e+02
3.382535674571990967e+02,7.391251943888785263e+02
3.402177903652191162e+02,7.390563734544723502e+02
3.422041633129119873e+02,7.396289588459162587e+02
3.442422087192535400e+02,7.394696964307272538e+02
3.460581798553466797e+02,7.395207987971971306e+02
3.478594298362731934e+02,7.392800629074893095e+02
3.498616609573364258e+02,7.394988994474849733e+02
3.519208238124847412e+02,7.397666118432696294e+02
3.539703428745269775e+02,7.395742616065062975e+02
3.559516155719757080e+02,7.396741159370062633e+02
3.580075683593750000e+02,7.393903336267782151e+02
3.600613908767700195e+02,7.394380185633209521e+02
3.621380929946899414e+02,7.397867154467658111e+02
3.639710214138031006e+02,7.395896814952617433e+02
3.658192384243011475e+02,7.396605165425667110e+02
3.676885128021240234e+02,7.395163647268060458e+02
3.697507669925689697e+02,7.396849233663774612e+02
3.717972218990325928e+02,7.397140939346846835e+02
3.738236756324768066e+02,7.396945024175882963e+02
3.756798593997955322e+02,7.396177423916874432e+02
3.777041451930999756e+02,7.396844094863840837e+02
3.795359420776367188e+02,7.396888514787484610e+02
3.815908260345458984e+02,7.396265803954247531e+02
3.834578354358673096e+02,7.397116194018666420e+02
3.855376822948455811e+02,7.396917101195997475e+02
3.875273823738098145e+02,7.396622088905713781e+02
3.893881907463073730e+02,7.398884570540517416e+02
3.912746365070343018e+02,7.396819372111544908e+02
3.933849003314971924e+02,7.398589050082015319e+02
3.952860198020935059e+02,7.394926838389390014e+02
3.973191719055175781e+02,7.397344834382379304e+02
3.994367375373840332e+02,7.399363149297121254e+02
4.014922747611999512e+02,7.397766641750641838e+02
4.033957943916320801e+02,7.397559455773223362e+02
4.052988133430480957e+02,7.397234814759927986e+02
4.073464293479919434e+02,7.399607197951285116e+02
4.092156796455383301e+02,7.396197222390298975e+02
4.113245103359222412e+02,7.398751835078360273e+02
4.132399280071258545e+02,7.397323457879482476e+02
4.153517754077911377e+02,7.398484222797663961e+02
4.174760665893554688e+02,7.400245112068679418e+02
4.194179401397705078e+02,7.397710714831843006e+02
4.215101001262664795e+02,7.400168494855709014e+02
4.234540834426879883e+02,7.396579716963127566e+02
4.253505480289459229e+02,7.398970621783777233e+02
4.274947283267974854e+02,7.401096027137346027e+02
4.294360101222991943e+02,7.399988103883716803e+02
4.316120424270629883e+02,7.399175292681084102e+02
4.335804052352905273e+02,7.398057060994437961e+02
4.357217922210693359e+02,7.400385090911698853e+02
4.378517239093780518e+02,7.398586155582444235e+02
4.398099970817565918e+02,7.399130219001656315e+02
4.417650785446166992e+02,7.399176954963668322e+02
4.439577953815460205e+02,7.400244775848715335e+02
4.460871028900146484e+02,7.402089639631711862e+02
4.479815623760223389e+02,7.401191194429706002e+02
4.501752440929412842e+02,7.400480541625855722e+02
4.521621770858764648e+02,7.399553624726987664e+02
4.543418483734130859e+02,7.400979971384601868e+02
4.563147466182708740e+02,7.397779011117627306e+02
4.584855618476867676e+02,7.402026173287365509e+02
4.607103033065795898e+02,7.398787640040144424e+02
4.628974754810333252e+02,7.398974481237273721e+02
4.650662820339202881e+02,7.400682747477634393e+02
4.672515895366668701e+02,7.399721516860415704e+02
4.692291913032531738e+02,7.399344300162763375e+02
4.712378623485565186e+02,7.400183656243982568e+02
4.732291357517242432e+02,7.401804236489134610e+02
4.754405775070190430e+02,7.401160705665485011e+02
4.774260973930358887e+02,7.401334715695090836e+02
4.794157207012176514e+02,7.396518048458004841e+02
4.816206557750701904e+02,7.402373758516692988e+02
4.838404560089111328e+02,7.398361830772023495e+02
4.860575284957885742e+02,7.401720498039712766e+02
4.882650821208953857e+02,7.397668519391766040e+02
4.904843285083770752e+02,7.400495869667215629e+02
4.927203083038330078e+02,7.400993917743719521e+02
4.947398653030395508e+02,7.401804382684807706e+02
4.970019223690032959e+02,7.401369012911122809e+02
4.990241167545318604e+02,7.401094568165308374e+02
5.012419557571411133e+02,7.403288739362373008e+02
5.034858825206756592e+02,7.400513151383800050e+02
5.057362821102142334e+02,7.401479554641341565e+02
5.079123587608337402e+02,7.399968296033973729e+02
5.101382496356964111e+02,7.402312974535497005e+02
5.124117567539215088e+02,7.399010373570013144e+02
5.146679933071136475e+02,7.402323717456993108e+02
5.169622249603271484e+02,7.398649827686931530e+02
5.192129690647125244e+02,7.401119851929595370e+02
5.214557273387908936e+02,7.398916357868778277e+02
5.235394036769866943e+02,7.402397598303699624e+02
5.258071446418762207e+02,7.399329013019314516e+02
5.281501004695892334e+02,7.400909294993006142e+02
5.304334356784820557e+02,7.400160712343366640e+02
5.325362267494201660e+02,7.402713056574090160e+02
5.348136997222900391e+02,7.400736998639174544e+02
5.370605437755584717e+02,7.401276156045356629e+02
5.393647727966308594e+02,7.402638009849490572e+02
5.416990752220153809e+02,7.402560815544446768e+02
5.440079572200775146e+02,7.400683347006046233e+02
5.463303220272064209e+02,7.401465518341998404e+02
5.484738936424255371e+02,7.402974503927914611e+02
5.508301227092742920e+02,7.401537391769944634e+02
5.531300344467163086e+02,7.402695390071877455e+02
5.552576301097869873e+02,7.401497373608357293e+02
5.576011884212493896e+02,7.403995865325505292e+02
5.597404351234436035e+02,7.402471654729749844e+02
5.620810511112213135e+02,7.403838764505339896e+02
5.643794229030609131e+02,7.403115591784710432e+02
5.667233479022979736e+02,7.403514510619125986e+02
5.690402677059173584e+02,7.400006432804655105e+02
5.713520998954772949e+02,7.403287599350827577e+02
5.737335643768310547e+02,7.403128013921018464e+02
5.760888979434967041e+02,7.403152744553449338e+02
5.784499742984771729e+02,7.401878279075261844e+02
5.806392061710357666e+02,7.403905089280850689e+02
5.830222160816192627e+02,7.403353974957856281e+02
5.853880317211151123e+02,7.403892939969457530e+02
5.875825469493865967e+02,7.403482551530414639e+02
5.899229338169097900e+02,7.405015461886555386e+02
5.922598259449005127e+02,7.402059379311933753e+02
5.946593534946441650e+02,7.404311188650414124e+02
5.970592756271362305e+02,7.402075056171630649e+02
5.994609274864196777e+02,7.403755405900888036e+02
6.037081837654113770e+02,7.403017156030820161e+02
6.061008813381195068e+02,7.403010994464049190e+02
6.084846167564392090e+02,7.405411145924929315e+02
6.109082448482513428e+02,7.402103320511664606e+02
6.133418600559234619e+02,7.404386511513228015e+02
6.157825510501861572e+02,7.403743450596218736e+02
6.181494832038879395e+02,7.403253728825831104e+02
6.203521800041198730e+02,7.402511884377148590e+02
6.225874342918395996e+02,7.404617197440638847e+02
6.248356077671051025e+02,7.404616006240672732e+02
6.270590252876281738e+02,7.405510011324365678e+02
6.294557576179504395e+02,7.402027415455244181e+02
6.318857758045196533e+02,7.404627894648161828e+02
6.341352951526641846e+02,7.403510130794638826e+02
6.365653667449951172e+02,7.404864515441449839e+02
6.387961263656616211e+02,7.402516863671614828e+02
6.412283074855804443e+02,7.404552747422375205e+02
6.434678297042846680e+02,7.403297349380214882e+02
6.457379822731018066e+02,7.405907574521268089e+02
6.481795685291290283e+02,7.402748324983041357e+02
6.506113851070404053e+02,7.405872818609344677e+02
6.528418362140655518e+02,7.404159505372097101e+02
6.553145942687988281e+02,7.404622708794602204e+02
6.575964803695678711e+02,7.404650374088597573e+02
6.600844581127166748e+02,7.405001704851254090e+02
6.623838739395141602e+02,7.404841068111892355e+02
6.646750819683074951e+02,7.405675282937883139e+02
6.671922121047973633e+02,7.403480903530335127e+02
6.694981122016906738e+02,7.405880284847179382e+02
6.719879548549652100e+02,7.405861467320182783e+02
6.744900937080383301e+02,7.405211321436935350e+02
6.769795727729797363e+02,7.405272787555429659e+02
6.794722385406494141e+02,7.403204325929426659e+02
6.819880285263061523e+02,7.405384380475380794e+02
6.843298652172088623e+02,7.405168139851043634e+02
6.866719381809234619e+02,7.404235764125329524e+02
6.891706142425537109e+02,7.403083170235839816e+02
6.917378215789794922e+02,7.405814558885550696e+02
6.940737535953521729e+02,7.405222614518050932e+02
6.966090986728668213e+02,7.405332860237292607e+02
6.991188418865203857e+02,7.402385668049681726e+02
7.016193108558654785e+02,7.406470347078538907e+02
7.041858270168304443e+02,7.404664126594867639e+02
7.067410943508148193e+02,7.405492017050377171e+02
7.092562508583068848e+02,7.403298118585604470e+02
7.116152808666229248e+02,7.405804676357007565e+02
7.141798303127288818e+02,7.405476310833726075e+02
7.167894890308380127e+02,7.403978410172944677e+02
7.193713965415954590e+02,7.404843463545462328e+02
7.219476928710937500e+02,7.404429102064636936e+02
7.245371973514556885e+02,7.404724550750106573e+02
7.271335921287536621e+02,7.401828445890259900e+02
7.294797487258911133e+02,7.405440263167450894e+02
7.320818443298339844e+02,7.405163602406921655e+02
7.346679661273956299e+02,7.404236441900002319e+02
7.372764010429382324e+02,7.401952427770205531e+02
7.398582651615142822e+02,7.406043986750385102e+02
7.424750740528106689e+02,7.405588713692110332e+02
7.450006654262542725e+02,7.403082488309429436e+02
7.475247759819030762e+02,7.404292675321123625e+02
7.499271986484527588e+02,7.405809971734420287e+02
7.525458579063415527e+02,7.404710387156559364e+02
7.551558005809783936e+02,7.401861664651399906e+02
7.577760174274444580e+02,7.405888206057987873e+02
7.603514330387115479e+02,7.404916745829864340e+02
7.628071913719177246e+02,7.404427011571284538e+02
7.654795222282409668e+02,7.403427487521474859e+02
7.681402401924133301e+02,7.406658744519941138e+02
7.705888869762420654e+02,7.405321820994919335e+02
7.732212944030761719e+02,7.402748957163062187e+02
7.758293905258178711e+02,7.404423631057973125e+02
7.783017148971557617e+02,7.405264850645367005e+02
7.809907031059265137e+02,7.404120635017555969e+02
7.836608960628509521e+02,7.402601207505147158e+02
7.861285140514373779e+02,7.407137399998557612e+02
7.885978252887725830e+02,7.405439935257303432e+02
7.912302961349487305e+02,7.402414228308363136e+02
7.939153497219085693e+02,7.404700225446079003e+02
7.964116950035095215e+02,7.405635213314287739e+02
7.991127629280090332e+02,7.404204685422071179e+02
8.017721025943756104e+02,7.402506423989553923e+02
8.044758727550506592e+02,7.406164367558598087e+02
8.071026949882507324e+02,7.405610519145744775e+02
8.097843072414398193e+02,7.404276572407466119e+02
8.124803493022918701e+02,7.403997064274559534e+02
8.151880350112915039e+02,7.406723397121802464e+02
8.179216403961181641e+02,7.404809883751829602e+02
8.204494047164916992e+02,7.402884705442910445e+02
8.229521296024322510e+02,7.403665307684971140e+02
8.256593124866485596e+02,7.403274846819344930e+02
8.284146521091461182e+02,7.402987197440080536e+02
8.312128827571868896e+02,7.403289674369520981e+02
8.339066026210784912e+02,7.405605728124246525e+02
8.366699233055114746e+02,7.404482089126508981e+02
8.394251406192779541e+02,7.401740825057353277e+02
8.421893074512481689e+02,7.405638889566491798e+02
8.447580924034118652e+02,7.405387357833390070e+02
8.475307023525238037e+02,7.401323029418508668e+02
8.503146078586578369e+02,7.403850692156318019e+02
8.528815310001373291e+02,7.403542427919938973e+02
8.556561350822448730e+02,7.401570497872538681e+02
8.584760787487030029e+02,7.400851110498069829e+02
8.612820081710815430e+02,7.405437872337406588e+02
8.640378279685974121e+02,7.403926434059187613e+02
8.667865078449249268e+02,7.401004197848043304e+02
8.693944103717803955e+02,7.403195309942742597e+02
8.721946473121643066e+02,7.401214289983417984e+02
8.749650380611419678e+02,7.402990593368215286e+02
8.777716162204742432e+02,7.401873929130248371e+02
8.803913800716400146e+02,7.404553989629931721e+02
8.831955986022949219e+02,7.400775309557500350e+02
8.858251011371612549e+02,7.400117844119093888e+02
8.886920473575592041e+02,7.402969729461676707e+02
8.915099735260009766e+02,7.403796016220617275e+02
8.943256759643554688e+02,7.399803669413080343e+02
8.972051618099212646e+02,7.402596239716893933e+02
9.000540289878845215e+02,7.404197727977906425e+02
9.054781072139739990e+02,7.394512558744520447e+02
9.083694732189178467e+02,7.399836466939274260e+02
9.110619432926177979e+02,7.400549072228913019e+02
9.136845207214355469e+02,7.397603695599502771e+02
9.165279011726379395e+02,7.399698606595192132e+02
9.194047281742095947e+02,7.401016412799822319e+02
9.220881283283233643e+02,7.399009359189808492e+02
9.249341921806335449e+02,7.398045737415650365e+02
9.277514984607696533e+02,7.401357166002632084e+02
9.304299318790435791e+02,7.400368372051311781e+02
9.333520784378051758e+02,7.396920816292489462e+02
9.360555098056793213e+02,7.401868325896107308e+02
9.387703790664672852e+02,7.400200014681673792e+02
9.417270405292510986e+02,7.397880323209466269e+02
9.444257624149322510e+02,7.400124534439373747e+02
9.473675613403320312e+02,7.400929316312813171e+02
9.500993623733520508e+02,7.397407212980856457e+02
9.529973990917205811e+02,7.397789679608254119e+02
9.557557210922241211e+02,7.400870202586320374e+02
9.587060883045196533e+02,7.398000656819054939e+02
9.616758384704589844e+02,7.395558795146199600e+02
9.646201515197753906e+02,7.401705023258099345e+02
9.675522363185882568e+02,7.399802108908594391e+02
9.703021509647369385e+02,7.395787907836338491e+02
9.732607305049896240e+02,7.399685298949087837e+02
9.760603795051574707e+02,7.399583987710302608e+02
9.790146079063415527e+02,7.396106807333726465e+02
9.820472996234893799e+02,7.399473227830977748e+02
9.848343708515167236e+02,7.399520391968080730e+02
9.877274136543273926e+02,7.395198749795821413e+02
9.906860642433166504e+02,7.397845960925020563e+02
9.936543297767639160e+02,7.399649388492566686e+02
9.966913404464721680e+02,7.397106545955921320e+02
9.996894915103912354e+02,7.397035344866751529e+02
1.002688320636749268e+03,7.400284736690663294e+02
1.005712251424789429e+03,7.396092371118970732e+02
1.008715942621231079e+03,7.396037900398773672e+02
1.011715451002120972e+03,7.401639919366983804e+02
1.014722195148468018e+03,7.397539653794993910e+02
1.017725100994110107e+03,7.394719022595173783e+02
1.020527343511581421e+03,7.400459558899492549e+02
1.023564786672592163e+03,7.397895581463716326e+02
1.026605846643447876e+03,7.394094971828451435e+02
1.029411393404006958e+03,7.400453716082215578e+02
1.032480560541152954e+03,7.399011881611714898e+02
1.035344228029251099e+03,7.396437324338306780e+02
1.038219793558120728e+03,7.397808716707993426e+02
1.041269283056259155e+03,7.398734325381429926e+02
1.044351827383041382e+03,7.395421644411007946e+02
1.047339922904968262e+03,7.396419852813874058e+02
1.050371823549270630e+03,7.398539344485247966e+02
1.053258311271667480e+03,7.395402857479792829e+02
1.056354498624801636e+03,7.395405932455046241e+02
1.059445865154266357e+03,7.399151787950477228e+02
1.062365458250045776e+03,7.393919584183662437e+02
1.065278994321823120e+03,7.394524704514058158e+02
1.068414976835250854e+03,7.398133019234397807e+02
1.071529286861419678e+03,7.395074647735904136e+02
1.074626087427139282e+03,7.395567719278847107e+02
1.077774901390075684e+03,7.398534551573425233e+02
1.080900538921356201e+03,7.394510663071976069e+02
1.083852260112762451e+03,7.394425711096507712e+02
1.086810650110244751e+03,7.399081777976574585e+02
1.089935543775558472e+03,7.394913648451662311e+02
1.092890354633331299e+03,7.392730355658935650e+02
1.096052067279815674e+03,7.397397112740341072e+02
1.099227888107299805e+03,7.394522074874743112e+02
1.102169016122817993e+03,7.394721097887004362e+02
1.105149452686309814e+03,7.397697105402488660e+02
1.108097896099090576e+03,7.394039255288034838e+02
1.111253527164459229e+03,7.389694090556814672e+02
1.114250539779663086e+03,7.398040092828392744e+02
1.117245536327362061e+03,7.393568242973041151e+02
1.120439474582672119e+03,7.391324893598889503e+02
1.123454148054122925e+03,7.397929672689862173e+02
1.126705990791320801e+03,7.393636818208457271e+02
1.129951366901397705e+03,7.392187922009595695e+02
1.132965944528579712e+03,7.397708959032941038e+02
1.136003754615783691e+03,7.392839764762585446e+02
1.139220566272735596e+03,7.390568203600975039e+02
1.142483633518218994e+03,7.397589442882091362e+02
1.145729519367218018e+03,7.392928996400942196e+02
1.149007600545883179e+03,7.391729622364475745e+02
1.152272248506546021e+03,7.397140233835240224e+02
1.155567199945449829e+03,7.394355668239944634e+02
1.158825853109359741e+03,7.395205030928699443e+02
1.161889276027679443e+03,7.398476696884449666e+02
1.165199476003646851e+03,7.392802328683766291e+02
1.168439328432083130e+03,7.394997094912348530e+02
1.171481006860733032e+03,7.396342024078686563e+02
1.174739454984664917e+03,7.391943964280019372e+02
1.177976012468338013e+03,7.394481277045401839e+02
1.181044986009597778e+03,7.396920685578612620e+02
1.184308257579803467e+03,7.393158044108299691e+02
1.187608248472213745e+03,7.395269218968880978e+02
1.190930793285369873e+03,7.396330449710166022e+02
1.194239280700683594e+03,7.393523715680687474e+02
1.197587952375411987e+03,7.395713408597098351e+02
1.200716012477874756e+03,7.395349461552003731e+02
1.207799315452575684e+03,7.401379556994738778e+02
1.210961475372314453e+03,7.395675882069853060e+02
1.214111192464828491e+03,7.393264707453994333e+02
1.217257829427719116e+03,7.395937634348282472e+02
1.220339809179306030e+03,7.395223786972127300e+02
1.223683578014373779e+03,7.392480234869875630e+02
1.226985139846801758e+03,7.396039433369219296e+02
1.230153391361236572e+03,7.394052148591333662e+02
1.233482198953628540e+03,7.394376009972788779e+02
1.236867932319641113e+03,7.395851697509057203e+02
1.240253814458847046e+03,7.392673922219960332e+02
1.243650544881820679e+03,7.393713273865117799e+02
1.247013297319412231e+03,7.395698582557395184e+02
1.250371535301208496e+03,7.391973262367797588e+02
1.253560803651809692e+03,7.395149715695131363e+02
1.256912304401397705e+03,7.396394727995777885e+02
1.260302226066589355e+03,7.389720740014878402e+02
1.263715478181838989e+03,7.394425693014900389e+02
1.267140123605728149e+03,7.393261169248480655e+02
1.270369300127029419e+03,7.391269566207691923e+02
1.273799547672271729e+03,7.395951881945728701e+02
1.277269963264465332e+03,7.394344480792059358e+02
1.280526639223098755e+03,7.394355161678653303e+02
1.283938570022583008e+03,7.397163835979642954e+02
1.287283641099929810e+03,7.393764203052293169e+02
1.290743911504745483e+03,7.395411075886905792e+02
1.294010663270950317e+03,7.396125024912323624e+02
1.297428128004074097e+03,7.391342226666795341e+02
1.300890554666519165e+03,7.396041355480714401e+02
1.304178193807601929e+03,7.394498614209425114e+02
1.307483885765075684e+03,7.393292153756625567e+02
1.310740176439285278e+03,7.397079303097945058e+02
1.314198264598846436e+03,7.395520758788751436e+02
1.317512170553207397e+03,7.393311390923491899e+02
1.320803150415420532e+03,7.397014664509549675e+02
1.324319771289825439e+03,7.395619688574021211e+02
1.327831753492355347e+03,7.397790515558182278e+02
1.331174608707427979e+03,7.397805281255156160e+02
1.334704170942306519e+03,7.393195471143147870e+02
1.337989695787429810e+03,7.397597570359159818e+02
1.341512840986251831e+03,7.398095544533043721e+02
1.345024987459182739e+03,7.393164710217577067e+02
1.348332172155380249e+03,7.397961199426287067e+02
1.351914748668670654e+03,7.398245065184685245e+02
1.355479487657546997e+03,7.396625856297670225e+02
1.358828678607940674e+03,7.398714250592901180e+02
1.362413975477218628e+03,7.394523015012492806e+02
1.365991825103759766e+03,7.397375339499300253e+02
1.369553988456726074e+03,7.396658217781617850e+02
1.372959984540939331e+03,7.394316324578292097e+02
1.376338176488876343e+03,7.397723747817107096e+02
1.379966086387634277e+03,7.397718391427356437e+02
1.383569882154464722e+03,7.396893644018138048e+02
1.387183586835861206e+03,7.399055528106702013e+02
1.390602049589157104e+03,7.393039754443472020e+02
1.394034816741943359e+03,7.399454662170293204e+02
1.397673838615417480e+03,7.399133017797983030e+02
1.401113276720046997e+03,7.394253094091972116e+02
1.404543641567230225e+03,7.397958404202721567e+02
1.407964144706726074e+03,7.400443174647563183e+02
1.411564971685409546e+03,7.400302550719192141e+02
1.415175036191940308e+03,7.400093673645309309e+02
1.418651622533798218e+03,7.394804584379900234e+02
1.422320274353027344e+03,7.398701139228344346e+02
1.426001770973205566e+03,7.398342587193943700e+02
1.429463749170303345e+03,7.396841515279975283e+02
1.432954546928405762e+03,7.400337942775003057e+02
1.436445730686187744e+03,7.399158721754488397e+02
1.439970364332199097e+03,7.400454420788703374e+02
1.443685757398605347e+03,7.402338855873895227e+02
1.447410463094711304e+03,7.394407391882846241e+02
1.451163909673690796e+03,7.398612848386517271e+02
1.454667921304702759e+03,7.399067644030081965e+02
1.458393303871154785e+03,7.401686105604569548e+02
1.461930310726165771e+03,7.400149698162218783e+02
1.465461898803710938e+03,7.394826962978892197e+02
1.469030393838882446e+03,7.399346120559083602e+02
1.472785646200180054e+03,7.401305441403671921e+02
1.476569392442703247e+03,7.399952786930361981e+02
1.480105627536773682e+03,7.398469444110550057e+02
1.483699695825576782e+03,7.397361875226933989e+02
1.487486146688461304e+03,7.401822307891221726e+02
1.491051818370819092e+03,7.400261693097163516e+02
1.494644819736480713e+03,7.399071181883430199e+02
1.498435605764389038e+03,7.401656748752020576e+02
1.507014171361923218e+03,7.409775131853175481e+02
1.510608234167098999e+03,7.404307558807325904e+02
1.514389882087707520e+03,7.403754975260183073e+02
1.518211663246154785e+03,7.403187357794097352e+02
1.522043791770935059e+03,7.396329218087695381e+02
1.525699274778366089e+03,7.399856608011832577e+02
1.529544902563095093e+03,7.400903505537374940e+02
1.533204259395599365e+03,7.400084234188944947e+02
1.537051619052886963e+03,7.403440315551263211e+02
1.540687799692153931e+03,7.396641299431855714e+02
1.544338202476501465e+03,7.402034683398703692e+02
1.548269921541213989e+03,7.402247102489889130e+02
1.552139794826507568e+03,7.401525766356322720e+02
1.556030092239379883e+03,7.403194055054943874e+02
1.559916533708572388e+03,7.398558195107392521e+02
1.563555865764617920e+03,7.399904562684005214e+02
1.567253731966018677e+03,7.401586242436292196e+02
1.571173929452896118e+03,7.403741743800513859e+02
1.574915925979614258e+03,7.402560507060222790e+02
1.578804944276809692e+03,7.400534767591491345e+02
1.582559940338134766e+03,7.402185068956771374e+02
1.586544553041458130e+03,7.400522960637377992e+02
1.590281653165817261e+03,7.399721455557174750e+02
1.594225430488586426e+03,7.403301464501346345e+02
1.597995949745178223e+03,7.401575735229782822e+02
1.601749926805496216e+03,7.403097262801022680e+02
1.605524980783462524e+03,7.398434829373003367e+02
1.609464722394943237e+03,7.403282314767061507e+02
1.613433354377746582e+03,7.401388785459530482e+02
1.617384781122207642e+03,7.401731617599089077e+02
1.621409466743469238e+03,7.402866222596475154e+02
1.625402703046798706e+03,7.398624471753067837e+02
1.629358568429946899e+03,7.397498182176465207e+02
1.633373885631561279e+03,7.399475019618039369e+02
1.637401642322540283e+03,7.400457839061131153e+02
1.641437720060348511e+03,7.401239002085545735e+02
1.645492133617401123e+03,7.400028230922564489e+02
1.649544109106063843e+03,7.403570409847608289e+02
1.653566122770309448e+03,7.400447581084673629e+02
1.657615752220153809e+03,7.401584816810445773e+02
1.661703759431838989e+03,7.398194664080472194e+02
1.665719985008239746e+03,7.401474573922806712e+02
1.669799451112747192e+03,7.401663607509724443e+02
1.673626097679138184e+03,7.402217397059126824e+02
1.677688009738922119e+03,7.405116519254476088e+02
1.681780508995056152e+03,7.402102577593398109e+02
1.685855107784271240e+03,7.401385575787512607e+02
1.689935904741287231e+03,7.399018471618899184e+02
1.694009495019912720e+03,7.400942824866128831e+02
1.698140520095825195e+03,7.402313606573636662e+02
1.702266049146652222e+03,7.402056210912024881e+02
1.706352990627288818e+03,7.402055897060282632e+02
1.710468702316284180e+03,7.402151735767189393e+02
1.714331596136093140e+03,7.403353731578334873e+02
1.718299309730529785e+03,7.398564516589415234e+02
1.722474615573883057e+03,7.401932386684487710e+02
1.726584492444992065e+03,7.401271795121613195e+02
1.730727909803390503e+03,7.402909966310878644e+02
1.734703155517578125e+03,7.402332846494684873e+02
1.738910616636276245e+03,7.403486531131304673e+02
1.743089623928070068e+03,7.403765933108310264e+02
1.747268192291259766e+03,7.402377199806450108e+02
1.751431547164916992e+03,7.402696258170489045e+02
1.755441927671432495e+03,7.397904575608366713e+02
1.759621611595153809e+03,7.403401713667574313e+02
1.763823134660720825e+03,7.401273004762207393e+02
1.767780670881271362e+03,7.403579125490798560e+02
1.771906140804290771e+03,7.403939365075358410e+02
1.775924197196960449e+03,7.402940276239388595e+02
1.780201424121856689e+03,7.403825745385303208e+02
1.784423824548721313e+03,7.402429854595113738e+02
1.788719297409057617e+03,7.403478504063924674e+02
1.792974689483642578e+03,7.399192562438740879e+02
1.797230128765106201e+03,7.403083007005324134e+02
1.801472701311111450e+03,7.401651765002526417e+02
1.811167201280593872e+03,7.404678055729352764e+02
1.815246079921722412e+03,7.406982794047096377e+02
1.819497155904769897e+03,7.405555449881190953e+02
1.823785227775573730e+03,7.403655448537575694e+02
1.828003849029541016e+03,7.403624218279488787e+02
1.832076155900955200e+03,7.403901772515250741e+02
1.836348178625106812e+03,7.407452570709895099e+02
1.840651172637939453e+03,7.402013141774174301e+02
1.845001720428466797e+03,7.405115882228643613e+02
1.849353562116622925e+03,7.400161717697235417e+02
1.853676876783370972e+03,7.404625603137287726e+02
1.858013308525085449e+03,7.400871331694809214e+02
1.862142530918121338e+03,7.405607533648874323e+02
1.866502172231674194e+03,7.404036732313846869e+02
1.870834378004074097e+03,7.408309376825550316e+02
1.875147890567779541e+03,7.408313248593156004e+02
1.879530088424682617e+03,7.407564681005571856e+02
1.883739445209503174e+03,7.410308841920104896e+02
1.888083268404006958e+03,7.409489250816195636e+02
1.892275599479675293e+03,7.410750276254753999e+02
1.896654982089996338e+03,7.411067790793741779e+02
1.901064431428909302e+03,7.409911624714927711e+02
1.905280578613281250e+03,7.408408082823377754e+02
1.909508262872695923e+03,7.410668313767600921e+02
1.913935130834579468e+03,7.409984265165702482e+02
1.918313308954238892e+03,7.411132280803060439e+02
1.922748191356658936e+03,7.410072142425131005e+02
1.927220362663269043e+03,7.410543490356819802e+02
1.931640422582626343e+03,7.410576847226639075e+02
1.935924348115921021e+03,7.410258204930898955e+02
1.940348252534866333e+03,7.411321761431308914e+02
1.944829262256622314e+03,7.411633155771916108e+02
1.949121374607086182e+03,7.411049889231201178e+02
1.953601696491241455e+03,7.411632205620036302e+02
1.958125846147537231e+03,7.413425847636602839e+02
1.962609439373016357e+03,7.410912856977083720e+02
1.967100256443023682e+03,7.412749352937976255e+02
1.971563326120376587e+03,7.410479326867199461e+02
1.976074609518051147e+03,7.410901690169004041e+02
1.980543339252471924e+03,7.409697646135174409e+02
1.984847931385040283e+03,7.410588753068443566e+02
1.989380247592926025e+03,7.408521221089948767e+02
1.993915233135223389e+03,7.410735903994443561e+02
1.998504606246948242e+03,7.407382880705584967e+02
2.002866143226623535e+03,7.410903749650632335e+02
2.007153362035751343e+03,7.408774131413389341e+02
2.011679966926574707e+03,7.411710189292185760e+02
2.016075801849365234e+03,7.410191930016418382e+02
2.020650332689285278e+03,7.412196156300946086e+02
2.025245613098144531e+03,7.412296703239007911e+02
2.029832111358642578e+03,7.411513958965970232e+02
2.034407639980316162e+03,7.411113108362750381e+02
2.038814141750335693e+03,7.411643132318245080e+02
2.043450499773025513e+03,7.410197974023200231e+02
2.047873726606369019e+03,7.410704348697277055e+02
2.052485297203063965e+03,7.410300416748142425e+02
2.057058095216751099e+03,7.411500858578700672e+02
2.061513219833374023e+03,7.410846207170220623e+02
2.066124618291854858e+03,7.411024629556123955e+02
2.070539705991744995e+03,7.411425434035262469e+02
2.075210265636444092e+03,7.411933817935880597e+02
2.079904080390930176e+03,7.414058155797117706e+02
2.084563003540039062e+03,7.411171398094136293e+02
2.089224915981292725e+03,7.412961497241013831e+02
2.093909798622131348e+03,7.410772906721444997e+02
2.098645450115203857e+03,7.413399005191364495e+02
2.109631934881210327e+03,7.407992874497048206e+02
2.114374411344528198e+03,7.412663268920467772e+02
2.119047200202941895e+03,7.411731458887131794e+02
2.123751933574676514e+03,7.412384840820952832e+02
2.128244535207748413e+03,7.410400827586751120e+02
2.132907910585403442e+03,7.412839030348925462e+02
2.137621391534805298e+03,7.410521930028011184e+02
2.142168087005615234e+03,7.412306632136850340e+02
2.146719008207321167e+03,7.410521979150623793e+02
2.151440347671508789e+03,7.411356076281937248e+02
2.156190543889999390e+03,7.411111658273946432e+02
2.160961282014846802e+03,7.412137630646114985e+02
2.165508691072463989e+03,7.412433407350725929e+02
2.170086483001708984e+03,7.411984593586637402e+02
2.174635575771331787e+03,7.411216489274054311e+02
2.179380363225936890e+03,7.412000882553547854e+02
2.183955812215805054e+03,7.411801413550670077e+02
2.188743214130401611e+03,7.411988522102876686e+02
2.193508671522140503e+03,7.412238012662363644e+02
2.198333732128143311e+03,7.412582738128061237e+02
2.203141633749008179e+03,7.410309738232407426e+02
2.207937983751296997e+03,7.411808465428258614e+02
2.212595502614974976e+03,7.411332322040382223e+02
2.217393175363540649e+03,7.412038265392995982e+02
2.222017358779907227e+03,7.410713067954013695e+02
2.226802056312561035e+03,7.411672689577638948e+02
2.231480097770690918e+03,7.411189102499304227e+02
2.236088805675506592e+03,7.411148737610873241e+02
2.240941037416458130e+03,7.410013029742397066e+02
2.245772157192230225e+03,7.411084323191615795e+02
2.250696468353271484e+03,7.409973328315506933e+02
2.255518299341201782e+03,7.412015470376564963e+02
2.260210126638412476e+03,7.410088283911898088e+02
2.265132159471511841e+03,7.410819850986960091e+02
2.270010032176971436e+03,7.408487054682676671e+02
2.274930358648300171e+03,7.410690717897069817e+02
2.279633627891540527e+03,7.408466859464055005e+02
2.284384271383285522e+03,7.411210040206309486e+02
2.289105351924896240e+03,7.408752730987732775e+02
2.294061354160308838e+03,7.411351995436594962e+02
2.298835819959640503e+03,7.408524438221930950e+02
2.303784473657608032e+03,7.412162744312604445e+02
2.308715063333511353e+03,7.409046555699226246e+02
2.313463329553604126e+03,7.411743098818417366e+02
2.318254921197891235e+03,7.410755910667780881e+02
2.323025047302246094e+03,7.409362948935765871e+02
2.327807838678359985e+03,7.410522149809030452e+02
2.332797463417053223e+03,7.409711219887840343e+02
2.337751622200012207e+03,7.411489672134842976e+02
2.342723265409469604e+03,7.409318208612328363e+02
2.347795982360839844e+03,7.410915666840664926e+02
2.352805659532546997e+03,7.411842704599996523e+02
2.357661435365676880e+03,7.412122362670145321e+02
2.362510619640350342e+03,7.410065275189574550e+02
2.367522498130798340e+03,7.410519322505004993e+02
2.372359276533126831e+03,7.409966386444954196e+02
2.377437992811203003e+03,7.410589081061959860e+02
2.382535700082778931e+03,7.408711464721731090e+02
2.387612031221389771e+03,7.410666319037917447e+02
2.392466466188430786e+03,7.408388730921876686e+02
2.397561737298965454e+03,7.410890916730296567e+02
2.410020070314407349e+03,7.406798709890283590e+02
2.414969450712203979e+03,7.408327541124866684e+02
2.419915634870529175e+03,7.406001665115452397e+02
2.425054047346115112e+03,7.409274386712846763e+02
2.429980031490325928e+03,7.407545800529345570e+02
2.435132373809814453e+03,7.409194043400550527e+02
2.440258048772811890e+03,7.408707072756797061e+02
2.445407917261123657e+03,7.408265594504778164e+02
2.450370340108871460e+03,7.409490895536231392e+02
2.455578316926956177e+03,7.409665957662175515e+02
2.460581237554550171e+03,7.409713670777522339e+02
2.465760804414749146e+03,7.409188322821673864e+02
2.470758130550384521e+03,7.409428508179829578e+02
2.475943902492523193e+03,7.406749615911060118e+02
2.481175496339797974e+03,7.409835709928695451e+02
2.486212185382843018e+03,7.409142494373730869e+02
2.491371610403060913e+03,7.408223214096640277e+02
2.496399819135665894e+03,7.408154960566109821e+02
2.501447835922241211e+03,7.407159653320861707e+02
2.506743092536926270e+03,7.409776051559085772e+02
2.511955010890960693e+03,7.409558669133263038e+02
2.517011614322662354e+03,7.410124247430159130e+02
2.522291167497634888e+03,7.406545768976552608e+02
2.527526128768920898e+03,7.408434892279090036e+02
2.532595196485519409e+03,7.407102511034752297e+02
2.537872962474822998e+03,7.409627060489818859e+02
2.543177994728088379e+03,7.408191523360602559e+02
2.548440684080123901e+03,7.407891906559677864e+02
2.553513219356536865e+03,7.409713397974600184e+02
2.558600081682205200e+03,7.408216634096089592e+02
2.563944807052612305e+03,7.409320597477737920e+02
2.569319416046142578e+03,7.407435800053361845e+02
2.574487226247787476e+03,7.409296432660080427e+02
2.579781620740890503e+03,7.406775288303034586e+02
2.585089982271194458e+03,7.407572483350412540e+02
2.590470269918441772e+03,7.409102275190936098e+02
2.595624474048614502e+03,7.408185504641187435e+02
2.600810345411300659e+03,7.408839173438299213e+02
2.606225010156631470e+03,7.408494299247581694e+02
2.611561535596847534e+03,7.410087045903867420e+02
2.616722006320953369e+03,7.407534464008217583e+02
2.622109445571899414e+03,7.408075897704745785e+02
2.627344530820846558e+03,7.407869456538871873e+02
2.632709285497665405e+03,7.407930372773139425e+02
2.638135635137557983e+03,7.409333639854312423e+02
2.643371569633483887e+03,7.408351189647411275e+02
2.648601603031158447e+03,7.408283452990360729e+02
2.654040450572967529e+03,7.404881382619830674e+02
2.659275074481964111e+03,7.408446546710950997e+02
2.664779376268386841e+03,7.407237022974875345e+02
2.670262305259704590e+03,7.407289202412831628e+02
2.675761634111404419e+03,7.408731560742226065e+02
2.681251560211181641e+03,7.406395099891542486e+02
2.686797992706298828e+03,7.409303819238330107e+02
2.692052603960037231e+03,7.406998859654651142e+02
2.697330960750579834e+03,7.406332755601677036e+02
2.710809450149536133e+03,7.408786268996461786e+02
2.716345444679260254e+03,7.406548926497563343e+02
2.721842093706130981e+03,7.408817020887889839e+02
2.727049254417419434e+03,7.408934056168432107e+02
2.732549222707748413e+03,7.406899902008440222e+02
2.738097864627838135e+03,7.403762118151320237e+02
2.743623894929885864e+03,7.408637868004708480e+02
2.749175571918487549e+03,7.408543819117534213e+02
2.754696125984191895e+03,7.407492323593820629e+02
2.760245651721954346e+03,7.407017751349048922e+02
2.765822126865386963e+03,7.405286520362757301e+02
2.771391690969467163e+03,7.407398022516651963e+02
2.776809734106063843e+03,7.408613960975274040e+02
2.782190353155136108e+03,7.406933108888374591e+02
2.787566955089569092e+03,7.408484696830571465e+02
2.793175992012023926e+03,7.407722204432974422e+02
2.798783975362777710e+03,7.407824216359615548e+02
2.804373956203460693e+03,7.406321371521029278e+02
2.810017170667648315e+03,7.406593511840433166e+02
2.815638450384140015e+03,7.408863212407064793e+02
2.821283309459686279e+03,7.407085848290207650e+02
2.826990100622177124e+03,7.406642336524300845e+02
2.832689328670501709e+03,7.405457378508623378e+02
2.838324044227600098e+03,7.405183551807976983e+02
2.844033253669738770e+03,7.407049988553918638e+02
2.849732579231262207e+03,7.403979983642695970e+02
2.855388271808624268e+03,7.408450272520202589e+02
2.861125223875045776e+03,7.408349057108359830e+02
2.866862663507461548e+03,7.407353134745045509e+02
2.872370365619659424e+03,7.407955718653853410e+02
2.877924302577972412e+03,7.403592716764266015e+02
2.883683266878128052e+03,7.408680067572595362e+02
2.889449909210205078e+03,7.408997333307263489e+02
2.895209589719772339e+03,7.408819568316137065e+02
2.900994484186172485e+03,7.406444604127502771e+02
2.906744481563568115e+03,7.405882685518234894e+02
2.912305983781814575e+03,7.406582569501682656e+02
2.918070190906524658e+03,7.408147363709197180e+02
2.923864875078201294e+03,7.407786513436283258e+02
2.929435720205307007e+03,7.407573414692271854e+02
2.935255047321319580e+03,7.407506885766781579e+02
2.941072099208831787e+03,7.407721461124517646e+02
2.946693888664245605e+03,7.406084883134575421e+02
2.952486147880554199e+03,7.404108285497288762e+02
2.958269767761230469e+03,7.407926868446172648e+02
2.963949393033981323e+03,7.407679023592849035e+02
2.969847245454788208e+03,7.405785544537465057e+02
2.975537648677825928e+03,7.405911388307508787e+02
2.981364588975906372e+03,7.405902699923557293e+02
2.987064468145370483e+03,7.405389879581243804e+02
2.992949507236480713e+03,7.407216557293411370e+02
2.998799810886383057e+03,7.406793860187613063e+02
3.013585679054260254e+03,7.408545249965893618e+02
3.019500773668289185e+03,7.408466071381693610e+02
3.025440332174301147e+03,7.406575450333059507e+02
3.031206051111221313e+03,7.405893803554276928e+02
3.037101659536361694e+03,7.404851388928470897e+02
3.043080030441284180e+03,7.406564427622930680e+02
3.049021193027496338e+03,7.406363309715719652e+02
3.054953519821166992e+03,7.406151090759220779e+02
3.060734829425811768e+03,7.407174646716345023e+02
3.066534696340560913e+03,7.406731452856116675e+02
3.072317853450775146e+03,7.406224438370247753e+02
3.078324798822402954e+03,7.404259874075354446e+02
3.084324973106384277e+03,7.406498729618189145e+02
3.090334341526031494e+03,7.407063476952068868e+02
3.096390466928482056e+03,7.406331217822895496e+02
3.102187602281570435e+03,7.406170815494747330e+02
3.108043749332427979e+03,7.408524659574944735e+02
3.114066478252410889e+03,7.408055389508083408e+02
3.119893372535705566e+03,7.407378630140485711e+02
3.125922074556350708e+03,7.405016787596101722e+02
3.131775122165679932e+03,7.406481203290242092e+02
3.137656043767929077e+03,7.407105681277115536e+02
3.143703272819519043e+03,7.404838400981740278e+02
3.149784093379974365e+03,7.405169645426768739e+02
3.155874765157699585e+03,7.406003572910877892e+02
3.161796655893325806e+03,7.405481612158683902e+02
3.167676969289779663e+03,7.403911219431568043e+02
3.173559414148330688e+03,7.406719797204779070e+02
3.179671090602874756e+03,7.406620402415271656e+02
3.185783241271972656e+03,7.404999141126438644e+02
3.191935604810714722e+03,7.407143789765412976e+02
3.197994353294372559e+03,7.406385132453598317e+02
3.203937780141830444e+03,7.408311296293304622e+02
3.209921989679336548e+03,7.406378300238598058e+02
3.216115907430648804e+03,7.407797963355749289e+02
3.222350099086761475e+03,7.407377472217153809e+02
3.228359984159469604e+03,7.405080366755406658e+02
3.234561512708663940e+03,7.406531423259592657e+02
3.240767747879028320e+03,7.406248189899347381e+02
3.247021731853485107e+03,7.404281774048697571e+02
3.253259760141372681e+03,7.407607171600519678e+02
3.259495509386062622e+03,7.406993180049599914e+02
3.265760108470916748e+03,7.404187020829018593e+02
3.272012501001358032e+03,7.407505885500405611e+02
3.278251236677169800e+03,7.406097165659537040e+02
3.284318171501159668e+03,7.404275060587140160e+02
3.290574597597122192e+03,7.407677370203958844e+02
3.296850067615509033e+03,7.407397192395286538e+02
3.312574430942535400e+03,7.406195885159112322e+02
3.318659923315048218e+03,7.408455799297631756e+02
3.324960272550582886e+03,7.408717266304745408e+02
3.331058276891708374e+03,7.405987970337718025e+02
3.337342084884643555e+03,7.408549384142230565e+02
3.343464517354965210e+03,7.408342798284326136e+02
3.349825831651687622e+03,7.405212322765506769e+02
3.355989296197891235e+03,7.407862628496984598e+02
3.362122245073318481e+03,7.408795507350455409e+02
3.368522230148315430e+03,7.406343710518226544e+02
3.374854393720626831e+03,7.407615469141895801e+02
3.381024345636367798e+03,7.408058694047274457e+02
3.387296827793121338e+03,7.407091205932940738e+02
3.393456330299377441e+03,7.406429388273952554e+02
3.399600122928619385e+03,7.409797640311749092e+02
3.405782420635223389e+03,7.406565570842815305e+02
3.411948541402816772e+03,7.407284079585565451e+02
3.418147199392318726e+03,7.409312187348309635e+02
3.424565480947494507e+03,7.407219893432264826e+02
3.430812073230743408e+03,7.407590411593737372e+02
3.437279864549636841e+03,7.408331649316031644e+02
3.443760329723358154e+03,7.407051047949622671e+02
3.450261853933334351e+03,7.408462939512141929e+02
3.456525777816772461e+03,7.407467317698542502e+02
3.463011695623397827e+03,7.406625605486183304e+02
3.469466074705123901e+03,7.407863715463086010e+02
3.505292104482650757e+03,7.411748910071372620e+02
3.511795814037322998e+03,7.411594769173963186e+02
3.518370484352111816e+03,7.408882893781714074e+02
3.524886154651641846e+03,7.409918988532402864e+02
3.531195709943771362e+03,7.411560170188316761e+02
3.537749465703964233e+03,7.408807505880703275e+02
3.544120832681655884e+03,7.408054539265677931e+02
3.550412327289581299e+03,7.409270601083271686e+02
3.556946122646331787e+03,7.408391664551186295e+02
3.563290324687957764e+03,7.407901101158289521e+02
3.569688257217407227e+03,7.406187959573851458e+02
3.576101585626602173e+03,7.406858511950150614e+02
3.582720278739929199e+03,7.407801660679194811e+02
3.589129828214645386e+03,7.405525309546978860e+02
3.595744382619857788e+03,7.408782881517432770e+02
